8.57656213 36.93720307
8.59769779 36.88389883
8.60126346 36.83392772
8.50669559 36.78752228
8.44421878 36.76075389
8.36959802 36.63249299
8.23074344 36.54526317
8.20764408 36.51893403
8.20878096 36.49513703
8.30278039 36.4556304
8.33399295 36.41816498
8.34877241 36.36798717
8.3067078 36.18874746
8.28024946 36.0509781
8.24572961 35.87057567
8.24702152 35.80179434
8.28293664 35.71926708
8.31807661 35.65492992
8.32903202 35.58222118
8.31642297 35.40311066
8.35983117 35.29962861
8.39424767 35.20387218
8.31208215 35.08462881
8.27683882 34.97946727
8.25472131 34.82893382
8.24562625 34.73405589
8.19281294 34.64630931
8.12346317 34.56393708
8.04558679 34.51267406
7.94941695 34.46869741
7.83831262 34.41030305
7.74849898 34.2544986
7.55450565 34.12499746
7.51388797 34.08050406
7.49559452 33.97653107
7.50014204 33.83245718
7.53435184 33.71791637
7.62752445 33.54865021
7.70922489 33.36227916
7.7313424 33.26851227
7.76265832 33.23311392
7.87722497 33.17210989
8.07561079 33.08904003
8.11250777 33.05532115
8.21089969 32.92672435
8.30422733 32.69629914
8.33337284 32.54359528
8.51511885 32.4223107
8.68291222 32.31043122
8.84403934 32.21211681
9.01891239 32.10537914
9.04402713 32.0723579
9.10231815 31.84614431
9.16024743 31.62135183
9.22401615 31.37369253
9.28793989 31.1253356
9.36328413 30.83292451
9.40607222 30.66681061
9.45795536 30.46537588
9.51872684 30.22942129
9.42095503 30.17932099
9.31026411 30.11524221
9.3909827 29.99364757
9.5462187 29.79593354
9.64016646 29.63640839
9.67261926 29.56698111
9.74594811 29.36895702
9.80522098 29.1769274
9.82072391 29.11478649
9.84253137 28.96701773
9.81560794 28.56022085
9.858241 28.0433015
9.91596358 27.78569448
9.82527144 27.55296967
9.74755008 27.33086437
9.75251102 27.21932079
9.79540246 27.04478364
9.83715702 26.9158251
9.8944145 26.84792227
9.88325239 26.63082958
9.85932621 26.55197134
9.68496992 26.43823151
9.49144168 26.33374177
9.4379049 26.2455301
9.42240197 26.14708649
9.44818851 26.06714305
9.58125532 25.89012543
9.78108809 25.62427603
10.00071292 25.33209748
10.01905806 25.25856192
10.02815311 25.05102936
10.11951704 24.79021841
10.21863244 24.6762202
10.25583947 24.5910316
10.32580936 24.53023428
10.3958826 24.48558584
10.43898075 24.48021149
10.68609745 24.55136994
11.10824222 24.43401276
11.50764937 24.31433015
11.53689823 24.29084321
11.6242314 24.13971548
11.76701338 23.89259878
11.87305342 23.69483308
11.96787967 23.51786713
11.45003014 23.21258861
10.93218062 22.90728425
10.41438277 22.60200572
9.89653324 22.2967272
9.37868371 21.99142284
8.86088586 21.68614431
8.34303633 21.38086579
7.8251868 21.07556143
7.48174523 20.87309317
7.26336063 20.69449942
6.98937219 20.47053376
6.73067997 20.24806672
6.52707482 20.07296113
6.26336999 19.84615327
6.13066491 19.73197419
5.83662601 19.47914724
5.74836266 19.43421459
5.35872236 19.35954214
5.00137984 19.29107087
4.67132246 19.22776724
4.44575484 19.1845399
4.22762861 19.14275951
3.91018029 19.08374502
3.68347578 19.04162873
3.4387362 18.99615347
3.40085737 18.98842784
3.35646732 18.98664501
3.32344608 18.988402
3.25595666 19.01325837
3.17420454 19.07289297
3.11968591 19.10317536
3.106095 19.15009756
3.13787601 19.21216096
3.17725345 19.26817821
3.19234297 19.31207734
3.21962813 19.3453828
3.25440637 19.37261628
3.25585331 19.41093435
3.22706953 19.47356619
3.20164473 19.56040843
3.20272993 19.71830577
3.20340173 19.77075735
3.20366011 19.78969676
3.13027958 19.85020987
2.99251021 19.91658824
2.86569624 19.95593985
2.80792199 19.96945323
2.66777551 19.99291433
2.47419559 20.03503063
2.40618941 20.06386608
2.28082238 20.21031708
2.21932743 20.24780834
1.92880252 20.27269054
1.8323743 20.29684927
1.75320601 20.33160167
1.68540653 20.37836884
1.64737267 20.45885489
1.63600386 20.52435476
1.61063073 20.55559317
1.29023685 20.71359386
1.20884647 20.76731151
1.16574833 20.81743765
1.16409468 20.89133495
1.17277632 20.98197541
1.15913374 21.06248729
1.14554284 21.10222647
0.99940189 21.19777619
0.67192834 21.41187165
0.34445479 21.62599295
0.01698124 21.84011424
-0.31054399 22.0542097
-0.63801754 22.268331
-0.9654911 22.4824523
-1.29296465 22.69654776
-1.6204382 22.91066905
-1.94791175 23.12479035
-2.27541114 23.33888581
-2.60291053 23.55300711
-2.93038408 23.7671284
-3.25785763 23.98122386
-3.58533118 24.19534516
-3.91280473 24.40946646
-4.24030412 24.62356192
-4.51700558 24.80450694
-4.82262 24.99558055
-5.04950538 25.13546865
-5.27502133 25.27452993
-5.51694455 25.42377147
-5.67450599 25.51642731
-5.86255653 25.62701488
-6.05060706 25.73760244
-6.2386576 25.84819001
-6.42670814 25.95880341
-6.61475867 26.06941682
-6.80280921 26.18000438
-6.99085975 26.29059195
-7.17893612 26.40117951
-7.3670125 26.51176708
-7.55506304 26.62235464
-7.74311357 26.73294221
-7.93116411 26.84355561
-8.11921465 26.95416901
-8.30726518 27.06475658
-8.49531572 27.17534414
-8.68336626 27.28593171
-8.68336626 27.49026032
-8.68336626 27.65645173
-8.68336626 27.90039033
-8.68336626 28.11203115
-8.68336626 28.32369782
-8.68336626 28.46924449
-8.68336626 28.62073395
-8.67840532 28.68938609
-8.65990516 28.71860912
-8.55833513 28.76785676
-8.39930091 28.88017548
-8.34049313 28.93017243
-8.26517473 28.98050528
-7.99891191 29.13243399
-7.94387651 29.17475698
-7.68513262 29.34952668
-7.62459368 29.37520987
-7.48576494 29.39223725
-7.42768063 29.42497427
-7.34975257 29.49473745
-7.2349017 29.5748876
-7.16020342 29.61266307
-7.14242672 29.61958771
-7.09493608 29.62516877
-6.85554501 29.60160432
-6.75511186 29.58385346
-6.63537757 29.56878978
-6.59775713 29.57897004
-6.56566606 29.60387808
-6.52055254 29.65984365
-6.51070818 29.72601533
-6.50789181 29.78376374
-6.50086382 29.80911103
-6.47972816 29.82037649
-6.42761247 29.81613902
-6.35761675 29.80831004
-6.21480893 29.81068716
-6.1665173 29.81895539
-6.00430498 29.83125438
-5.77501665 29.86902985
-5.59332231 29.91796743
-5.44878333 29.95693146
-5.29365068 30.05865652
-5.18011756 30.16616934
-5.06193356 30.32641796
-4.96824419 30.46537588
-4.77854 30.55237316
-4.61963498 30.6047989
-4.52914954 30.62554698
-4.32285722 30.69887584
-4.14878516 30.8095926
-3.98535845 30.9135139
-3.86006894 30.927234
-3.70201657 30.94446809
-3.66682492 30.96402761
-3.62690487 31.00092459
-3.62450192 31.06575267
-3.67250932 31.11138296
-3.73015438 31.13538666
-3.77097877 31.16179332
-3.81182899 31.16659923
-3.8334039 31.19781179
-3.82138913 31.25545685
-3.81516212 31.30883861
-3.78914303 31.36180695
-3.79642941 31.43709951
-3.83709876 31.5123404
-3.84955278 31.56639395
-3.8466589 31.61987906
-3.82673764 31.66189199
-3.7681624 31.68953889
-3.70025957 31.70008088
-3.60460649 31.6867742
-3.43981035 31.70455089
-3.01735552 31.83428457
-2.98823585 31.87423046
-2.96113156 31.96394074
-2.93084917 32.0425406
-2.88718258 32.0688439
-2.86341142 32.07470917
-2.72259315 32.09576732
-2.52325131 32.12568797
-2.448398 32.13000296
-2.23127947 32.12132132
-2.07281369 32.11501679
-1.81696367 32.1048107
-1.63516598 32.0995397
-1.4770361 32.09488882
-1.27534298 32.08899771
-1.22594031 32.10723949
-1.22594031 32.16454865
-1.26211382 32.27113129
-1.24030636 32.33758719
-1.16258501 32.39915965
-1.06553667 32.46830272
-1.11101193 32.55227692
-1.18824236 32.60847504
-1.29637529 32.67568024
-1.35213416 32.70337881
-1.45000932 32.78482087
-1.51000566 32.87763174
-1.55072669 33.07358877
-1.62508908 33.18334951
-1.6791943 33.31866425
-1.63123857 33.5667628
-1.70296546 33.716857
-1.71412757 33.78181428
-1.71469601 33.85819204
-1.69265601 33.990277
-1.70691871 34.17605378
-1.79179725 34.36792837
-1.75185137 34.43324738
-1.73327369 34.46704377
-1.73944902 34.49608592
-1.81660194 34.55708995
-1.84964901 34.60731944
-1.83244076 34.65462922
-1.79221066 34.72320384
-1.7956213 34.75188426
-1.92088498 34.83557425
-2.1317765 34.97083731
-2.19076514 35.02980012
-2.21962643 35.10418834
-2.01775245 35.08506806
-1.9132627 35.09424063
-1.67361325 35.18312409
-1.4837282 35.30309093
-1.33585609 35.36424999
-1.20539893 35.49576651
-1.08768002 35.57883637
-0.91745785 35.66841747
-0.42611833 35.86153229
-0.3507741 35.8631601
-0.18915605 35.81908011
-0.04826026 35.8328002
0.04793542 35.90052216
0.15162418 36.06312206
0.31223453 36.16234081
0.51493534 36.26181794
0.79078413 36.35654084
0.97165165 36.44392569
1.25721561 36.51957998
1.97448449 36.56758739
2.3428341 36.6103238
2.59336144 36.60066031
2.84647261 36.73884309
2.97287316 36.78444754
3.52053999 36.79511872
3.77902551 36.89619782
4.75808719 36.89635285
4.87787316 36.86240143
4.99538537 36.80803783
5.19557987 36.67680553
5.29541874 36.64822846
5.42460982 36.6754361
5.72547 36.79961457
6.06477746 36.86423595
6.24915897 36.93831411
6.3278105 37.04605948
6.4865605 37.08574698
6.57585737 37.00303885
6.92756717 36.91942638
7.14347131 36.94335257
7.23845259 36.96849315
7.20424279 37.09236156
7.43244592 37.05928864
7.60773237 36.99975739
7.79159712 36.88028148
7.91045292 36.85635529
8.12718387 36.91033133
8.57656213 36.93720307
NaN  NaN
34.19815067 31.32261038
34.21251672 31.29227631
34.24527958 31.20832795
34.32853031 30.99500764
34.40103234 30.82780854
34.48991581 30.59629812
34.51782108 30.50736298
34.52965498 30.4460489
34.65858768 30.19143911
34.7350688 29.98204621
34.79108605 29.81208242
34.86984094 29.5639322
34.90425744 29.4773225
34.84855025 29.43210562
34.73641239 29.27059093
34.61714318 28.75793488
34.4465076 28.35733918
34.42718062 28.10647594
34.39968876 28.01604218
34.31855676 27.88896983
34.22016483 27.76432628
34.04508508 27.82887014
33.76024458 28.04764232
33.59415653 28.25558828
33.41607954 28.38984365
33.24771773 28.56771393
33.20193241 28.69571646
33.20368941 28.77777863
33.13020552 28.97828319
33.07584191 29.07305777
32.87058312 29.28624889
32.81167199 29.40001455
32.76671349 29.4500115
32.72144494 29.52176423
32.64713423 29.79843985
32.56569217 29.97395885
32.47308801 29.92543468
32.48941776 29.85151154
32.40859582 29.7493214
32.35970991 29.63064647
32.397227 29.53380484
32.56507206 29.3863203
32.5989718 29.32193146
32.63803918 29.18217255
32.63183801 28.99223583
32.65891646 28.92774364
32.78449019 28.78664114
32.82944868 28.70289948
32.85652713 28.63060415
32.89828169 28.56523347
33.02282189 28.44229523
33.20213911 28.20830435
33.37225793 28.05058788
33.49493778 27.97444265
33.54713098 27.89816824
33.55880985 27.70120352
33.54981815 27.60735912
33.65740848 27.43057404
33.69730269 27.3410963
33.80168908 27.26815502
33.84933475 27.18493012
33.89305301 27.04946035
33.95909549 26.64904552
34.04952925 26.55073111
34.32930545 26.02435497
34.56515669 25.69114533
34.67925825 25.44253002
34.85320112 25.13980948
35.19416223 24.4751472
35.3970439 24.26999177
35.47786584 24.154805
35.62473026 24.06602489
35.78389367 23.93781566
35.63206831 23.95032136
35.59382775 23.94256989
35.54080773 23.92065908
35.51517622 23.84288605
35.50442752 23.77932404
35.52272098 23.44254873
35.56437219 23.27108633
35.69790409 22.9461966
35.79732954 22.84870901
35.84580204 22.7856896
35.91339481 22.7396459
36.22965458 22.62879995
36.41455285 22.39418895
36.82972131 22.09766958
36.87044234 22.01576244
36.87137251 21.99671967
36.54327884 21.99664216
36.21518517 21.99659048
35.88703983 21.9965388
35.55894616 21.99648713
35.23085249 21.99643545
34.90270715 21.99638378
34.57461348 21.9963321
34.24651981 21.99628042
33.91842614 21.99622875
33.59033247 21.99617707
33.26218713 21.99612539
32.93409346 21.99607372
32.60599979 21.99602204
32.27785445 21.99597036
31.94976078 21.99591869
31.62166711 21.99586701
31.43449507 21.99586701
31.46643111 22.08464712
31.48611983 22.14779572
31.4642607 22.19148815
31.40028527 22.20241771
31.35853071 22.1886201
31.26065555 22.00227489
31.20913415 21.99488516
31.09270715 21.99488516
30.71066328 21.99493684
30.32861942 21.99501435
29.94662723 21.99509186
29.56458337 21.99514354
29.1825395 21.99519522
28.80054732 21.99524689
28.41850345 21.99529857
28.03645959 21.99537608
27.6544674 21.9954536
27.27242354 21.99550528
26.89037967 21.99555695
26.50838749 21.99560863
26.12634362 21.99566031
25.74429976 21.99573782
25.36230757 21.99581533
24.98026371 21.99586701
24.98026371 22.22042695
24.98026371 22.44498688
24.98026371 22.66954682
24.98026371 22.89410676
24.98026371 23.11866669
24.98026371 23.34322663
24.98026371 23.5678124
24.98026371 23.79237234
24.98026371 24.01693228
24.98026371 24.24151805
24.98026371 24.46607799
24.98026371 24.69063793
24.98026371 24.91519786
24.98026371 25.1397578
24.98026371 25.36431774
24.98026371 25.58887767
24.98026371 25.81343761
24.98026371 26.03799754
24.98026371 26.26255748
24.98026371 26.48711742
24.98026371 26.71167735
24.98026371 26.93623729
24.98026371 27.16082307
24.98026371 27.385383
24.98026371 27.60994294
24.98026371 27.83452871
24.98026371 28.05908865
24.98026371 28.28364859
24.98026371 28.50820852
24.98026371 28.73276846
24.98026371 28.9573284
24.98026371 29.18188833
24.97173709 29.2238496
24.91613325 29.37629507
24.86590376 29.57026256
24.81081668 29.80872346
24.80368534 29.88605724
24.71164961 30.13154613
24.70322635 30.20107677
24.72642907 30.25060863
24.87758264 30.4575469
24.92300622 30.55803172
24.96140181 30.67854116
24.97395918 30.77657136
24.92946577 30.92648469
24.87758264 31.06125682
24.8599093 31.19918122
24.85267459 31.33483185
24.92998254 31.4274877
25.02269006 31.51401988
25.05726159 31.56716909
25.11198693 31.62690705
25.15048587 31.65496735
25.22546838 31.53381196
25.38225467 31.51277965
25.89323124 31.62088675
26.45733117 31.51208202
26.76863 31.47037914
27.24808394 31.37787832
27.54005578 31.21266877
27.62015425 31.19173981
27.82996056 31.19499543
27.96752323 31.09743032
28.51488 31.05045645
28.80695519 30.94265941
28.97273319 30.8567215
29.07205529 30.83026317
29.16000858 30.83455231
29.27886437 30.8669276
29.42851932 30.92746654
29.59161014 31.01154409
29.92978071 31.2274999
30.04946333 31.26543041
30.1275981 31.25566356
30.22268273 31.25837657
30.26226688 31.31684846
30.31228967 31.35705272
30.34370894 31.40273469
30.39507531 31.45761506
30.57098189 31.4729888
30.92351851 31.5668332
30.88414107 31.52236563
30.56302372 31.41697154
30.70048303 31.40387157
30.84135298 31.43989004
31.00175663 31.46280854
31.03090213 31.50758617
31.05198612 31.59156037
31.08288862 31.60331676
31.19399295 31.58760712
31.52441206 31.45823518
31.60657759 31.45578054
31.83922489 31.52631887
31.88893762 31.54138255
31.96428185 31.50210847
32.13605431 31.3410847
32.07610965 31.34449535
31.89224491 31.48247142
31.87591515 31.41371593
31.77111535 31.29256053
31.90206343 31.24018647
32.00851688 31.22052359
32.06556766 31.15298249
32.10174116 31.09283112
32.20654097 31.11903107
32.28188521 31.20088654
32.24281782 31.24654267
32.21615278 31.29374909
32.25056929 31.29491181
32.32353641 31.25607697
32.53282596 31.10071178
32.60331262 31.0687499
32.68454797 31.0740209
32.85446008 31.11773916
32.90158898 31.11094371
33.12989546 31.16814952
33.15676721 31.12623994
33.19438765 31.08451122
33.37794234 31.13096833
33.66650353 31.13039989
33.90256148 31.18093944
34.17623986 31.30392935
34.19815067 31.32261038
NaN  NaN
25.15048587 31.65496735
25.11198693 31.62690705
25.05726159 31.56716909
25.02269006 31.51401988
24.92998254 31.4274877
24.85267459 31.33483185
24.8599093 31.19918122
24.87758264 31.06125682
24.92946577 30.92648469
24.97395918 30.77657136
24.96140181 30.67854116
24.92300622 30.55803172
24.87758264 30.4575469
24.72642907 30.25060863
24.70322635 30.20107677
24.71164961 30.13154613
24.80368534 29.88605724
24.81081668 29.80872346
24.86590376 29.57026256
24.91613325 29.37629507
24.97173709 29.2238496
24.98026371 29.18188833
24.98026371 28.9573284
24.98026371 28.73276846
24.98026371 28.50820852
24.98026371 28.28364859
24.98026371 28.05908865
24.98026371 27.83452871
24.98026371 27.60994294
24.98026371 27.385383
24.98026371 27.16082307
24.98026371 26.93623729
24.98026371 26.71167735
24.98026371 26.48711742
24.98026371 26.26255748
24.98026371 26.03799754
24.98026371 25.81343761
24.98026371 25.58887767
24.98026371 25.36431774
24.98026371 25.1397578
24.98026371 24.91519786
24.98026371 24.69063793
24.98026371 24.46607799
24.98026371 24.24151805
24.98026371 24.01693228
24.98026371 23.79237234
24.98026371 23.5678124
24.98026371 23.34322663
24.98026371 23.11866669
24.98026371 22.89410676
24.98026371 22.66954682
24.98026371 22.44498688
24.98026371 22.22042695
24.98026371 21.99586701
24.98010868 21.49755117
24.97990197 20.99923534
24.97969527 20.5009195
24.97954024 20.00257783
24.97638797 20.00079499
24.97328739 19.99903799
24.9701868 19.99725515
24.96703454 19.99547232
24.72038293 19.99557567
24.47367964 19.99570486
24.22697635 19.99583405
23.98032474 19.9959374
23.98032474 19.87111298
23.98032474 19.74628856
23.98032474 19.62146414
23.98032474 19.49663972
23.50123254 19.73321442
23.02219201 19.96978913
22.54309981 20.20636384
22.0640076 20.44293854
21.5849154 20.67951325
21.1058232 20.91608796
20.62673099 21.15266267
20.14763879 21.38923737
19.66854658 21.62581208
19.18945438 21.86238679
18.71041385 22.09896149
18.23132165 22.3355362
17.75222945 22.57211091
17.27318892 22.80868561
16.79409671 23.04526032
16.31500451 23.28183503
15.98412031 23.44523591
15.62713952 23.2857366
15.34746667 23.16070547
14.97896203 22.99616771
14.97891035 22.99627106
14.5556287 22.78253734
14.23073897 22.61846467
14.2155461 22.61967906
14.20066328 22.62373566
13.86264774 22.90209077
13.59858117 23.11954519
13.48127567 23.18018749
12.98363163 23.29124014
12.48877811 23.40167268
11.96787967 23.51786713
11.87305342 23.69483308
11.76701338 23.89259878
11.6242314 24.13971548
11.53689823 24.29084321
11.50764937 24.31433015
11.10824222 24.43401276
10.68609745 24.55136994
10.43898075 24.48021149
10.3958826 24.48558584
10.32580936 24.53023428
10.25583947 24.5910316
10.21863244 24.6762202
10.11951704 24.79021841
10.02815311 25.05102936
10.01905806 25.25856192
10.00071292 25.33209748
9.78108809 25.62427603
9.58125532 25.89012543
9.44818851 26.06714305
9.42240197 26.14708649
9.4379049 26.2455301
9.49144168 26.33374177
9.68496992 26.43823151
9.85932621 26.55197134
9.88325239 26.63082958
9.8944145 26.84792227
9.83715702 26.9158251
9.79540246 27.04478364
9.75251102 27.21932079
9.74755008 27.33086437
9.82527144 27.55296967
9.91596358 27.78569448
9.858241 28.0433015
9.81560794 28.56022085
9.84253137 28.96701773
9.82072391 29.11478649
9.80522098 29.1769274
9.74594811 29.36895702
9.67261926 29.56698111
9.64016646 29.63640839
9.5462187 29.79593354
9.3909827 29.99364757
9.31026411 30.11524221
9.42095503 30.17932099
9.51872684 30.22942129
9.63799605 30.28233796
9.80739139 30.34223094
9.89503462 30.38729279
9.93250003 30.42535248
10.05972741 30.58009756
10.12592492 30.66598379
10.21635868 30.78321178
10.25604618 30.86493806
10.25697635 30.94079906
10.24333377 31.03211131
10.17264042 31.25096101
10.11496952 31.46376455
10.15987634 31.54580089
10.19599816 31.58510082
10.27464969 31.68496552
10.30601729 31.70483511
10.47577437 31.73602184
10.5436772 31.80255524
10.59545698 31.8857543
10.60889286 31.92955008
10.68299686 31.97541291
10.77157027 32.02119823
10.82639896 32.0806778
11.00514774 32.17271353
11.16829024 32.25676525
11.3580461 32.3452353
11.50501387 32.41368073
11.53596805 32.47336701
11.53379764 32.52494009
11.45390588 32.64258149
11.45390588 32.78169444
11.45922855 32.89737214
11.4672384 32.96571422
11.50243005 33.15554759
11.50454878 33.18195425
11.65709761 33.118909
11.81347049 33.09371674
12.27990197 32.85856314
12.42707645 32.82908173
12.75356815 32.80104727
13.13804081 32.8973463
13.28345829 32.91463207
13.53636275 32.82424999
13.64777713 32.79882518
13.83536258 32.79182303
14.15565311 32.70978669
14.23709517 32.6812613
14.42385379 32.55031322
14.51335737 32.51109081
15.17657271 32.39114981
15.26690311 32.31167145
15.35909387 32.15969107
15.36312463 31.97120128
15.41407759 31.8342329
15.49634647 31.65677603
15.59577193 31.53109894
15.70594608 31.42640249
15.83224328 31.36100597
16.12307824 31.26444855
16.45101688 31.2272932
16.78153934 31.21473583
17.34925663 31.08151398
17.83046756 30.92756989
17.94932336 30.8519156
18.19044559 30.77729483
18.66979618 30.41566315
18.93644657 30.29045116
19.12372196 30.26611156
19.29167036 30.28807404
19.58984338 30.41375113
19.7132467 30.48837189
20.01317671 30.80067841
20.11156864 30.96371756
20.15094608 31.07859427
20.14112756 31.19548636
20.10381717 31.3005187
20.019998 31.41064118
19.96119022 31.55600698
19.9263603 31.81751557
19.97338586 31.99908072
20.0309534 32.10785961
20.12149051 32.21873139
20.37057092 32.43078563
20.62109826 32.58015636
21.06231164 32.77551911
21.3187301 32.77768952
21.42466678 32.79918692
21.63592004 32.93729218
21.72139286 32.94248566
21.83942183 32.90866344
22.18741092 32.91824942
22.34057987 32.87987967
22.52341109 32.79394176
22.75409468 32.74053417
22.91687544 32.68715241
23.09061161 32.61875865
23.12967899 32.44812307
23.11045536 32.39740266
23.10621789 32.33146353
23.28636193 32.21382213
23.79764855 32.15868338
23.8984176 32.12718659
24.03897749 32.03701122
24.12972131 32.00923513
24.47977746 31.99654857
24.68389937 32.01595307
24.87851281 31.98430126
24.95065311 31.95373465
25.02496382 31.88335135
25.11498417 31.71232819
25.15048587 31.65496735
NaN  NaN
-16.37336199 19.70644603
-16.43754411 19.60929434
-16.46596615 19.64639802
-16.47699907 19.7103476
-16.42018083 19.80194408
-16.39323157 19.84925385
-16.34364804 19.86622956
-16.37336199 19.70644603
NaN  NaN
-6.16879106 21.28552277
-6.14031735 21.03685578
-6.11184363 20.78818879
-6.08336992 20.5395218
-6.05489621 20.2908548
-6.02642249 20.04218781
-5.99794878 19.79352082
-5.96947506 19.54485383
-5.94100135 19.29618684
-5.91252764 19.04751984
-5.88405392 18.79887869
-5.85558021 18.55023754
-5.82710649 18.30157054
-5.79863278 18.05290355
-5.77015906 17.80423656
-5.74168535 17.55556957
-5.71321164 17.30690257
-5.68473792 17.05823558
-5.65626421 16.80956859
-5.62866899 16.56865306
-5.50960649 16.4420458
-5.35989987 16.28288239
-5.40356645 16.05788321
-5.45560462 15.7893983
-5.51250037 15.49626374
-5.72388282 15.49626374
-5.92782386 15.49626374
-6.13179074 15.4962379
-6.33573178 15.49621206
-6.53967282 15.49621206
-6.74361386 15.49621206
-6.9475549 15.49621206
-7.15152178 15.49621206
-7.35548865 15.49618622
-7.55940386 15.49616039
-7.76337073 15.49616039
-7.96731177 15.49616039
-8.17125281 15.49616039
-8.37519385 15.49616039
-8.57913489 15.49613455
-8.78310177 15.49610871
-8.98704281 15.49610871
-9.17682451 15.49610871
-9.2937166 15.50282665
-9.33547116 15.52566763
-9.35056068 15.67738963
-9.38533891 15.66762279
-9.42657671 15.62305187
-9.44771237 15.57486359
-9.44032264 15.51166332
-9.44693722 15.45822989
-9.57783362 15.43724925
-9.75508379 15.40148916
-9.941429 15.37379059
-10.12955705 15.38371247
-10.19373918 15.39606314
-10.26208126 15.41603608
-10.41178789 15.43792105
-10.49315243 15.43980724
-10.58655758 15.4348463
-10.69657671 15.4226765
-10.73197506 15.39492626
-10.8150966 15.28175487
-10.89558265 15.15047089
-10.94824093 15.15114269
-11.00741045 15.22292125
-11.16931271 15.3586494
-11.36563148 15.53675222
-11.45523841 15.62540314
-11.50267737 15.63682364
-11.59672848 15.57326162
-11.67589678 15.51205089
-11.76018104 15.42554454
-11.79844743 15.34273306
-11.82875566 15.2448579
-11.84224321 15.12941275
-11.87283566 14.99515738
-11.9409452 14.88692109
-12.02156043 14.80493643
-12.08155677 14.76635997
-12.10470781 14.7453535
-12.28061439 14.8090447
-12.30252519 14.81700288
-12.40866859 14.88901398
-12.45987993 14.97464183
-12.54354407 15.03900483
-12.65963518 15.08207713
-12.7352378 15.1312731
-12.7703261 15.18667023
-12.81316586 15.22354137
-12.85851193 15.24253246
-12.86264604 15.26237621
-12.85189735 15.28966136
-12.86272356 15.34040762
-12.93085893 15.45301057
-12.99431759 15.5048937
-13.04852617 15.49662547
-13.07927365 15.51042308
-13.097903 15.53527945
-13.10529273 15.57176301
-13.14237057 15.60333731
-13.20644935 15.61687653
-13.25799659 15.70038565
-13.29701229 15.85386465
-13.34755185 15.97349559
-13.40964108 16.05917512
-13.45408281 16.09113699
-13.48694902 16.09700226
-13.49816281 16.11030895
-13.50699948 16.13521699
-13.55552365 16.14405366
-13.62355567 16.11829295
-13.68468889 16.12692292
-13.7149196 16.16878083
-13.75664832 16.17250153
-13.80979753 16.13803335
-13.86847612 16.14816193
-13.93260657 16.20286144
-13.96815996 16.2571992
-13.97503292 16.3111494
-14.08567217 16.41884309
-14.30007768 16.58028026
-14.53373267 16.65596039
-14.78668881 16.64588349
-14.92861813 16.6535316
-14.95952064 16.67890473
-14.99060401 16.67688935
-15.02191993 16.64748546
-15.05522539 16.64097423
-15.09057207 16.6573815
-15.11263791 16.64492748
-15.1214229 16.60358633
-15.21056474 16.5826057
-15.37996009 16.58198558
-15.51669593 16.55661245
-15.62077226 16.50658967
-15.76820513 16.48509227
-15.95899451 16.49212027
-16.07402625 16.5104654
-16.11330034 16.54012767
-16.16833574 16.54705231
-16.2390291 16.531291
-16.30230689 16.45132172
-16.35811744 16.30717032
-16.40434201 16.22490143
-16.44103227 16.20454092
-16.48009966 16.09720897
-16.50206214 15.91732331
-16.53523841 15.83836172
-16.53572934 16.2868098
-16.48131405 16.45424144
-16.46364071 16.60151927
-16.34669695 16.926409
-16.20748064 17.19259431
-16.07888384 17.5458544
-16.03033383 17.88795238
-16.04671526 18.22312572
-16.08498166 18.52119538
-16.1501198 18.71818594
-16.21311337 19.00333649
-16.30592424 19.15381826
-16.47619809 19.2850764
-16.51446448 19.36197093
-16.47477698 19.39062552
-16.37129493 19.41023672
-16.30525245 19.51265941
-16.44488217 19.47315278
-16.28341916 19.78716462
-16.23318966 20.00095002
-16.24117367 20.14125153
-16.21042619 20.22791291
-16.333752 20.41586009
-16.42976681 20.65235729
-16.47919532 20.68979686
-16.5304325 20.70953726
-16.53490251 20.65398509
-16.56270443 20.60416901
-16.6225199 20.63416718
-16.72835324 20.80614635
-16.87607032 21.0861551
-16.92790178 21.11478384
-16.97115495 21.07643993
-16.99825924 21.03969798
-17.04804949 20.80614635
-17.06399167 20.89885387
-17.04239092 21.00799449
-17.00590736 21.14243073
-16.96456621 21.32924103
-16.83635698 21.32939606
-16.60704281 21.32965445
-16.37772864 21.32993867
-16.14844031 21.33022289
-15.91912615 21.33048127
-15.68981198 21.33076549
-15.46052365 21.33104971
-15.23120948 21.33130809
-15.00189531 21.33159231
-14.77260698 21.33187653
-14.54326697 21.33213491
-14.31395281 21.33241914
-14.08463864 21.33270336
-13.85535031 21.33296174
-13.6260103 21.33324596
-13.39672197 21.33353018
-13.16743364 21.33378856
-13.0162284 21.33394359
-13.02511675 21.46677786
-13.03219642 21.57209443
-13.04175656 21.71381704
-13.05121334 21.85476451
-13.06067013 21.99573782
-13.06958432 22.12818452
-13.07847266 22.26045034
-13.08676673 22.38325939
-13.09431149 22.49599152
-13.10733395 22.56074209
-13.15596147 22.68931306
-13.16647763 22.75321096
-13.1532743 22.82051952
-13.12087318 22.88405569
-13.03149879 23.00025015
-12.89597734 23.08957286
-12.73960446 23.19271902
-12.62041277 23.27134471
-12.55935706 23.29080089
-12.37288266 23.31800853
-12.2261991 23.3774881
-12.08333961 23.43544322
-12.02342078 23.46756013
-12.01628944 23.57644237
-12.01628944 23.69788198
-12.01628944 23.83404938
-12.01628944 23.97019094
-12.01628944 24.10633251
-12.01628944 24.2424999
-12.01628944 24.37864147
-12.01628944 24.51478303
-12.01628944 24.65095043
-12.01628944 24.78709199
-12.01628944 24.92323355
-12.01628944 25.05940095
-12.01628944 25.19554251
-12.01628944 25.33168407
-12.01628944 25.46785147
-12.01628944 25.60399303
-12.01628944 25.74013459
-12.01628944 25.87630199
-12.01628944 25.99541616
-11.86666033 25.99541616
-11.68034095 25.99541616
-11.49404741 25.99541616
-11.30772803 25.99541616
-11.12140866 25.995442
-10.93508928 25.99546784
-10.7487699 25.99546784
-10.56245053 25.99546784
-10.37613115 25.99546784
-10.18981177 25.99546784
-10.0034924 25.99546784
-9.81717302 25.99546784
-9.63085364 25.99549368
-9.44450843 25.99551952
-9.25821489 25.99551952
-9.07192135 25.99551952
-8.88562781 25.99551952
-8.68220354 25.99551952
-8.68215186 26.10946605
-8.68210019 26.27317699
-8.68233273 26.49771109
-8.68261695 26.72312368
-8.68287533 26.92132864
-8.68308204 27.11927521
-8.68336626 27.28593171
-8.49531572 27.17534414
-8.30726518 27.06475658
-8.11921465 26.95416901
-7.93116411 26.84355561
-7.74311357 26.73294221
-7.55506304 26.62235464
-7.3670125 26.51176708
-7.17893612 26.40117951
-6.99085975 26.29059195
-6.80280921 26.18000438
-6.61475867 26.06941682
-6.42670814 25.95880341
-6.2386576 25.84819001
-6.05060706 25.73760244
-5.86255653 25.62701488
-5.67450599 25.51642731
-5.51694455 25.42377147
-5.27502133 25.27452993
-5.04950538 25.13546865
-4.82262 24.99558055
-5.17288286 24.99542552
-5.64078712 24.99516714
-5.95981157 24.99496044
-6.28718177 24.99480541
-6.5940881 24.99465038
-6.56739722 24.76680899
-6.53894935 24.51814199
-6.51047563 24.269475
-6.48200192 24.02080801
-6.4535282 23.77214102
-6.42505449 23.52347403
-6.39658078 23.27480703
-6.36810706 23.02614004
-6.33963335 22.77749889
-6.31115963 22.52885773
-6.28268592 22.28019074
-6.25421221 22.03152375
-6.22573849 21.78285676
-6.19726478 21.53418976
-6.16879106 21.28552277
NaN  NaN
-2.21962643 35.10418834
-2.19076514 35.02980012
-2.1317765 34.97083731
-1.92088498 34.83557425
-1.7956213 34.75188426
-1.79221066 34.72320384
-1.83244076 34.65462922
-1.84964901 34.60731944
-1.81660194 34.55708995
-1.73944902 34.49608592
-1.73327369 34.46704377
-1.75185137 34.43324738
-1.79179725 34.36792837
-1.70691871 34.17605378
-1.69265601 33.990277
-1.71469601 33.85819204
-1.71412757 33.78181428
-1.70296546 33.716857
-1.63123857 33.5667628
-1.6791943 33.31866425
-1.62508908 33.18334951
-1.55072669 33.07358877
-1.51000566 32.87763174
-1.45000932 32.78482087
-1.35213416 32.70337881
-1.29637529 32.67568024
-1.18824236 32.60847504
-1.11101193 32.55227692
-1.06553667 32.46830272
-1.16258501 32.39915965
-1.24030636 32.33758719
-1.26211382 32.27113129
-1.22594031 32.16454865
-1.22594031 32.10723949
-1.27534298 32.08899771
-1.4770361 32.09488882
-1.63516598 32.0995397
-1.81696367 32.1048107
-2.07281369 32.11501679
-2.23127947 32.12132132
-2.448398 32.13000296
-2.52325131 32.12568797
-2.72259315 32.09576732
-2.86341142 32.07470917
-2.88718258 32.0688439
-2.93084917 32.0425406
-2.96113156 31.96394074
-2.98823585 31.87423046
-3.01735552 31.83428457
-3.43981035 31.70455089
-3.60460649 31.6867742
-3.70025957 31.70008088
-3.7681624 31.68953889
-3.82673764 31.66189199
-3.8466589 31.61987906
-3.84955278 31.56639395
-3.83709876 31.5123404
-3.79642941 31.43709951
-3.78914303 31.36180695
-3.81516212 31.30883861
-3.82138913 31.25545685
-3.8334039 31.19781179
-3.81182899 31.16659923
-3.77097877 31.16179332
-3.73015438 31.13538666
-3.67250932 31.11138296
-3.62450192 31.06575267
-3.62690487 31.00092459
-3.66682492 30.96402761
-3.70201657 30.94446809
-3.86006894 30.927234
-3.98535845 30.9135139
-4.14878516 30.8095926
-4.32285722 30.69887584
-4.52914954 30.62554698
-4.61963498 30.6047989
-4.77854 30.55237316
-4.96824419 30.46537588
-5.06193356 30.32641796
-5.18011756 30.16616934
-5.29365068 30.05865652
-5.44878333 29.95693146
-5.59332231 29.91796743
-5.77501665 29.86902985
-6.00430498 29.83125438
-6.1665173 29.81895539
-6.21480893 29.81068716
-6.35761675 29.80831004
-6.42761247 29.81613902
-6.47972816 29.82037649
-6.50086382 29.80911103
-6.50789181 29.78376374
-6.51070818 29.72601533
-6.52055254 29.65984365
-6.56566606 29.60387808
-6.59775713 29.57897004
-6.63537757 29.56878978
-6.75511186 29.58385346
-6.85554501 29.60160432
-7.09493608 29.62516877
-7.14242672 29.61958771
-7.16020342 29.61266307
-7.2349017 29.5748876
-7.34975257 29.49473745
-7.42768063 29.42497427
-7.48576494 29.39223725
-7.62459368 29.37520987
-7.68513262 29.34952668
-7.94387651 29.17475698
-7.99891191 29.13243399
-8.26517473 28.98050528
-8.34049313 28.93017243
-8.39930091 28.88017548
-8.55833513 28.76785676
-8.65990516 28.71860912
-8.67840532 28.68938609
-8.68336626 28.62073395
-8.68336626 28.46924449
-8.68336626 28.32369782
-8.68336626 28.11203115
-8.68336626 27.90039033
-8.68336626 27.65645173
-8.81782833 27.65642589
-8.81777964 27.6558983
-8.81390093 27.61387035
-8.78460039 27.530878
-8.77436846 27.46054637
-8.78899289 27.41656973
-8.80268714 27.36094005
-8.79682187 27.30820425
-8.77436846 27.25058503
-8.75385291 27.1910021
-8.75385291 27.15097871
-8.794884 27.12069632
-8.88909014 27.10408234
-9.00189979 27.09043976
-9.08442705 27.09043976
-9.20845049 27.10020661
-9.2856034 27.09824291
-9.35298947 27.09824291
-9.41303748 27.08847606
-9.48729652 27.05039053
-9.56982378 26.9908076
-9.67333167 26.91073497
-9.73534339 26.86094473
-9.81784481 26.85019603
-9.90034624 26.85019603
-9.9809098 26.89024527
-10.03268958 26.91073497
-10.0668477 26.90879711
-10.12301999 26.88047842
-10.1894242 26.86094473
-10.25143592 26.86094473
-10.35494381 26.90099396
-10.47896725 26.96055105
-10.55126258 26.9908076
-10.65425371 27.00057445
-10.7577616 27.02010814
-10.83005693 27.01034129
-10.92281613 27.01034129
-11.04683957 26.9703179
-11.15034746 26.94101736
-11.2636222 26.91073497
-11.3925549 26.88342398
-11.36129066 26.79355866
-11.31684892 26.74472443
-11.31684892 26.68415965
-11.33788123 26.6334134
-11.39989295 26.58359732
-11.47068966 26.52011282
-11.51166907 26.47032258
-11.55319109 26.40097281
-11.5839644 26.36092357
-11.63719113 26.29550121
-11.68452674 26.21349071
-11.69920285 26.16269278
-11.71821977 26.1040917
-11.75485836 26.08652171
-11.88084551 26.07091543
-11.9608923 26.05039989
-12.030733 26.0308662
-12.05680376 25.99634634
-12.06098955 25.99081696
-12.08104 25.92048534
-12.08104 25.87072093
-12.10103878 25.8306717
-12.13083025 25.73106538
-12.17085364 25.64024405
-12.20113603 25.52009634
-12.2309275 25.42051586
-12.27095089 25.26031892
-12.31100013 25.11094819
-12.36081621 24.97031078
-12.40086544 24.8804713
-12.431122 24.83068106
-12.50096269 24.77011628
-12.56101071 24.7310489
-12.63082557 24.6802768
-12.71092404 24.63048656
-12.82076229 24.57090363
-12.91111854 24.5201057
-12.94786048 24.49726472
-12.99116533 24.47031546
-13.06100603 24.40099152
-13.12107988 24.30037751
-13.16110328 24.22033072
-13.23094398 24.09041616
-13.28073422 24.02011038
-13.31099077 23.98106883
-13.39108924 23.9410196
-13.48092872 23.91073721
-13.58102597 23.87071381
-13.6610986 23.83063874
-13.77096269 23.79064118
-13.84077755 23.75059195
-13.8911104 23.69100902
-13.93110796 23.62070323
-13.98092404 23.52011506
-14.02097327 23.41076773
-14.04097205 23.3404361
-14.1010459 23.10019237
-14.12107052 22.96056265
-14.1410693 22.87069733
-14.1708866 22.76036815
-14.19088538 22.5904302
-14.19088538 22.45077464
-14.21093584 22.37070201
-14.22116777 22.31016307
-14.27098385 22.2408133
-14.31103309 22.19102306
-14.38082211 22.12071727
-14.44089596 22.08066804
-14.46089474 22.0406188
-14.52096859 21.9908544
-14.58101661 21.91075593
-14.63083269 21.86093985
-14.62106584 21.82089061
-14.61080807 21.75058483
-14.64109046 21.68027904
-14.67085609 21.60018057
-14.75095456 21.50060008
-14.84079403 21.450784
-14.97114783 21.44101716
-15.15085263 21.44101716
-15.29097327 21.450784
-15.46091122 21.450784
-15.61079871 21.47031769
-15.7509452 21.49083324
-15.92085731 21.50060008
-16.04100501 21.50060008
-16.19086667 21.48106639
-16.58102373 21.48106639
-16.73093706 21.47031769
-16.95113034 21.43026846
-17.0029618 21.42073416
-17.00306515 21.42070832
-16.93084734 21.90000723
-16.79325884 22.15973298
-16.68398902 22.2743513
-16.51441281 22.33352082
-16.35873756 22.59453848
-16.30432227 22.83483389
-16.20184791 22.94536978
-16.16975684 23.0319278
-16.21027117 23.09791861
-16.11368791 23.2275231
-15.99671831 23.42549551
-15.94261308 23.55261953
-15.80595476 23.74950674
-15.78926327 23.79286327
-15.80166562 23.8422401
-15.8552024 23.80035635
-15.91256324 23.72759593
-15.98072445 23.67033845
-15.95281918 23.7408251
-15.89933407 23.84443635
-15.7777911 23.95295685
-15.58632992 24.07274282
-15.1886281 24.47881623
-15.0388698 24.5488378
-14.90430437 24.71978343
-14.85606442 24.87160879
-14.84291277 25.22011465
-14.79490536 25.40413443
-14.70705543 25.54769156
-14.6023073 25.80855419
-14.52272559 25.92523957
-14.47055823 26.16305451
-14.41389503 26.25369497
-14.31245419 26.29674144
-14.1683803 26.41541637
-13.95211443 26.48877106
-13.69590268 26.64292186
-13.57578081 26.73508678
-13.49575985 26.87267528
-13.40982195 27.14661205
-13.25616208 27.4346048
-13.17739611 27.65183947
-13.17598609 27.65572826
-13.04069719 27.76982982
-12.94891985 27.9141621
-12.79363217 27.97842174
-12.46889747 28.0094276
-11.98608456 28.12929108
-11.55267432 28.31010692
-11.4301495 28.38201468
-11.29907223 28.52606273
-11.08097185 28.71375153
-10.67381324 28.93921581
-10.48646033 29.06494457
-10.20061215 29.38037751
-10.01049455 29.64139517
-9.85264889 29.80924022
-9.74348243 29.95819754
-9.66710466 30.10927359
-9.62379981 30.35261791
-9.65291948 30.44754751
-9.7731447 30.60314525
-9.85391496 30.64458975
-9.87551571 30.71791861
-9.83239173 30.84729055
-9.83334774 31.06960257
-9.80869809 31.42461966
-9.67495948 31.71098461
-9.34746009 32.08638805
-9.28658525 32.24059052
-9.24914568 32.48582103
-9.24586422 32.57248241
-8.83625098 32.9204715
-8.59626563 33.18717357
-8.51285987 33.25241507
-8.3011932 33.37434561
-7.56234941 33.64029837
-7.14467465 33.83031261
-6.90096859 33.96906383
-6.75575782 34.13290396
-6.3531209 34.77609467
-5.95756365 35.68112987
-5.92480079 35.78580048
-5.74796404 35.81595368
-5.62282956 35.82892447
-5.52224138 35.86199738
-5.39739112 35.92990021
-5.27781186 35.90271841
-5.33765316 35.85654552
-5.33765316 35.74520865
-5.25269711 35.61472565
-5.10534176 35.46775788
-4.83721859 35.28128347
-4.62834245 35.20640432
-4.32998857 35.16147167
-3.98241289 35.24340465
-3.78798031 35.2449291
-3.69323157 35.27996573
-3.59060218 35.22831513
-3.39472266 35.21180451
-3.20600033 35.23911551
-3.06306332 35.31722443
-2.97221615 35.40729645
-2.95795346 35.36308727
-2.95361264 35.31515738
-2.92596575 35.28709707
-2.86956092 35.17263378
-2.83992449 35.12783031
-2.73140398 35.1351942
-2.63683611 35.11268911
-2.4237225 35.12348949
-2.21962643 35.10418834
NaN  NaN
31.46643111 22.08464712
31.43449507 21.99586701
31.62166711 21.99586701
31.94976078 21.99591869
32.27785445 21.99597036
32.60599979 21.99602204
32.93409346 21.99607372
33.26218713 21.99612539
33.59033247 21.99617707
33.91842614 21.99622875
34.24651981 21.99628042
34.57461348 21.9963321
34.90270715 21.99638378
35.23085249 21.99643545
35.55894616 21.99648713
35.88703983 21.9965388
36.21518517 21.99659048
36.54327884 21.99664216
36.87137251 21.99671967
36.88263797 21.76880077
36.92697635 21.58653799
37.08117883 21.3260371
37.21171349 21.18583893
37.2586357 21.10853099
37.26318322 21.07264171
37.25718876 21.03941376
37.21750126 21.07762849
37.15063195 21.10377676
37.14112349 20.9817687
37.15683312 20.89490062
37.17264611 20.73196483
37.22752648 20.55673005
37.18794234 20.39493114
37.19321333 20.12068431
37.2625631 19.79191885
37.24840376 19.58190583
37.36157515 19.09201325
37.47123254 18.82014354
37.53159061 18.75311921
37.59939009 18.71741079
37.7298214 18.69431143
37.92185103 18.55592194
38.07398644 18.40978099
38.12814334 18.33327403
38.20173058 18.24942902
38.25216678 18.26441519
38.28306929 18.28673941
38.33288537 18.21904328
38.5740076 18.07295401
38.60945764 18.00507701
38.52279626 17.93854361
38.4224923 17.82389944
38.39717085 17.7783725
38.38549198 17.75126822
38.37370975 17.71734264
38.34735477 17.68357209
38.28989058 17.63703746
38.2672563 17.61670279
38.25351037 17.58474091
38.21904219 17.56396699
38.18157678 17.56285594
38.14850386 17.54854157
38.09889448 17.52647573
38.02530724 17.53776704
37.95006636 17.5176649
37.92252282 17.49231761
37.86299157 17.47025178
37.80330529 17.46552338
37.78237634 17.45800446
37.72599735 17.42051321
37.65675093 17.3682425
37.57598067 17.33501455
37.5474036 17.32411083
37.51019657 17.28814403
37.45293908 17.10867178
37.41102949 17.0616979
37.34038781 17.0570987
37.24886885 17.05686616
37.16949385 17.0414149
37.06149011 17.06125865
37.00903853 17.05888154
36.99518924 17.02053762
36.9757589 16.86654186
36.97865278 16.80057689
36.93576135 16.72233877
36.88780562 16.62464448
36.90547896 16.45953828
36.91374719 16.29618907
36.82589725 16.05028677
36.81349491 15.99395946
36.72450809 15.79888093
36.67918786 15.72637889
36.5659648 15.36208588
36.52178145 15.25015473
36.42674849 15.13209992
36.44814253 14.9400703
36.47082848 14.73646516
36.4922742 14.54433218
36.52431359 14.25685619
36.44395674 13.9884488
36.447109 13.84202363
36.39067834 13.62609365
36.34628828 13.52628063
36.30685917 13.46685273
36.27352787 13.40574535
36.21223962 13.27107656
36.1600981 13.09330964
36.13705041 12.91112438
36.13529341 12.80534272
36.12521651 12.75705109
36.10749149 12.72645865
35.98760217 12.70630484
35.82058394 12.68485912
35.73056359 12.66103628
35.67020552 12.62375174
35.59610152 12.5373229
35.44959883 12.30059317
35.37275598 12.1555891
35.25245324 11.95702241
35.11235843 11.81656586
35.08274784 11.74827546
35.05964847 11.62104808
35.00792036 11.41987173
34.9606881 11.27677969
34.96916304 11.16177379
34.92492801 10.96212189
34.93138757 10.86478933
34.88229496 10.81055492
34.8162008 10.75916271
34.7712423 10.74616608
34.67496911 10.80494802
34.60174361 10.86455679
34.57182295 10.88018891
34.50800256 10.84287853
34.43141808 10.78784313
34.34398156 10.65862621
34.27566532 10.52814322
34.31483605 10.25157095
34.3112187 10.19085114
34.29147831 10.12475698
34.18523156 9.91856802
34.15908329 9.85340404
34.12032596 9.72969066
34.07934655 9.51347647
34.07810632 9.46151581
34.07809833 9.46151581
34.07681441 9.46151581
33.89093428 9.46221345
33.88783369 9.46350536
33.88488814 9.46639924
33.88209761 9.47120515
33.87879032 9.47774221
33.87150394 9.50613841
33.86778324 9.5503476
33.87398441 9.62677705
33.89496504 9.71762421
33.95919885 9.845265
33.96245446 9.85580699
33.96333296 9.86177562
33.96333296 9.86870026
33.95733849 9.89143789
33.94989709 9.91112661
33.94617639 9.94091808
33.95733849 10.0071931
33.9584237 10.02773448
33.95687341 10.05419282
33.95186079 10.07096182
33.90705733 10.18144603
33.89217451 10.19896434
33.45907433 10.55082917
33.37990604 10.64617219
33.37137943 10.65270926
33.36068241 10.65782522
33.14079919 10.73789785
33.13010217 10.74595938
33.13149743 10.7577416
33.13831872 10.77296031
33.16472538 10.81921072
33.16844608 10.83145803
33.17216678 10.8501649
33.07299971 11.59148916
33.07330977 11.60608775
33.07780562 11.61577709
33.08152632 11.62171988
33.09465213 11.63750703
33.10607263 11.65386262
33.11909509 11.68241385
33.12250573 11.6931367
33.13609663 11.8255834
33.1350631 11.94159699
33.19309574 12.13502188
33.19929691 12.21729076
32.72185835 12.22307852
32.71891279 12.21884105
32.71860274 12.21377676
32.71979129 12.207989
32.72046309 12.20178783
32.72015303 12.18881704
32.7162773 12.16486502
32.71534712 12.15217845
32.71581221 12.13925934
32.72309859 12.09290559
32.73565596 12.05804983
32.73767134 12.04644847
32.73829146 12.03373607
32.73674116 12.00965485
32.0722856 12.00673513
32.33531864 11.71602936
32.33841922 11.71008657
32.3430701 11.69429942
32.34493045 11.68269807
32.34989139 11.58040457
32.33578373 11.41855398
32.33883264 11.31450349
32.35423221 11.24693655
32.42544234 11.11394725
32.42079146 11.08911673
32.40415165 11.05777497
31.93296594 10.6624761
31.91994348 10.64384675
31.85426273 10.4790506
31.79204431 10.38316498
31.76429406 10.35569896
31.65489505 10.22115937
31.22489546 9.79924714
31.15446048 9.77092845
30.94031335 9.75937877
30.82703861 9.75627818
30.81417118 9.75310008
30.79489587 9.74586538
30.78311364 9.73493582
30.769161 9.72679678
30.7553634 9.73121511
30.7393437 9.74268728
30.47465702 9.97895193
30.0030579 10.27740917
29.95789269 10.2502532
29.6910356 10.12194062
29.63594852 10.08863516
29.6055111 10.06507071
29.60396081 9.92138439
29.55740034 9.84828807
29.47316776 9.76860301
29.24243249 9.7180893
29.12233646 9.67465526
28.99955326 9.61016307
28.97955448 9.59401419
28.97955448 9.59419974
28.93231918 9.54945051
28.83946509 9.45910599
28.82942681 9.38883804
28.84448423 9.32609879
28.0489506 9.32860836
27.99624964 9.37879976
27.88582857 9.5996419
27.88079911 9.6015978
27.79978153 9.58789053
27.07424442 9.6138321
26.97047814 9.59062938
26.76320397 9.49921377
26.65871423 9.48415009
26.5513306 9.52582713
26.16954512 9.96590363
26.08701786 10.01845856
26.05704553 10.04680309
26.00061486 10.1234134
25.91912113 10.16935375
25.89147424 10.20271088
25.8827926 10.24960725
25.88522139 10.34608714
25.85819461 10.40649689
25.79804325 10.42050121
25.28520633 10.31849193
25.21172245 10.32991242
25.10402876 10.31182567
25.06702844 10.29379059
25.02362023 10.23580964
25.01483524 10.17586498
25.01617883 10.11522268
25.00289798 10.05527802
24.9638306 9.98884797
24.81768965 9.83960643
24.78523685 9.77464916
24.79221317 9.6103181
24.78260135 9.52732575
24.76038049 9.48893016
24.69671512 9.42567821
24.67366743 9.389298
24.66291874 9.33813833
24.65940474 9.22992788
24.64803592 9.17907827
24.56829919 9.05172171
24.54938561 9.00678905
24.54483809 8.91485668
24.53191898 8.88689973
24.30015018 8.81424266
24.21354048 8.76781139
24.16041711 8.69626537
24.14740279 8.6656404
24.14739465 8.66562124
24.0481759 8.69133027
23.92193037 8.70970124
23.67930952 8.73249055
23.58319136 8.76582184
23.53730269 8.81579295
23.55187544 8.9432012
23.52800093 8.97058971
23.48908858 8.99332734
23.46278527 9.04846609
23.46826297 9.11476695
23.59611047 9.26191559
23.62267215 9.3406188
23.64277429 9.61390961
23.65621016 9.71036367
23.64628828 9.82291494
23.54505415 10.03008576
23.45663578 10.17426301
23.31235518 10.38794505
23.25587284 10.45778575
22.96436608 10.75179881
22.93072473 10.79533621
22.86008304 10.9196697
22.89486128 11.0289912
22.93764937 11.19203034
22.94281701 11.26716787
22.9226632 11.34488923
22.84907596 11.4032836
22.78344689 11.40994986
22.75399133 11.43981883
22.69740563 11.4826586
22.64102665 11.51593822
22.59110721 11.5798878
22.55638065 11.66952058
22.58097863 11.99012116
22.56433882 12.03296092
22.4898214 12.04474315
22.47240645 12.06779084
22.47545536 12.12925996
22.43525109 12.31191031
22.39024092 12.46301219
22.41447717 12.54639212
22.35231042 12.660442
22.23340295 12.7094571
22.12121341 12.69457429
22.00070397 12.67186249
21.92809859 12.67811534
21.87817915 12.69938019
21.84334924 12.7412381
21.82526249 12.79053742
21.84179894 12.86474478
21.90773807 13.00096385
21.99021366 13.11307587
22.15795536 13.21505931
22.20260379 13.26931957
22.22813195 13.32957429
22.2326278 13.39876903
22.22141402 13.4716328
22.20239709 13.53808869
22.15289107 13.62642955
22.10762251 13.73032502
22.10648563 13.79977814
22.12818973 13.85013683
22.17314823 13.91059825
22.26213504 13.97873363
22.28347741 13.99232453
22.33939131 14.02885977
22.38817386 14.05552481
22.50997521 14.12743256
22.53860396 14.1618749
22.52821699 14.20321605
22.49834802 14.23706411
22.44930708 14.2842447
22.43938521 14.3421223
22.42496748 14.4412377
22.39969771 14.50417959
22.3815076 14.55048168
22.41623417 14.58520824
22.46780724 14.63337067
22.53204105 14.66272289
22.63182824 14.68807018
22.67089562 14.72246084
22.68247114 14.78860668
22.67916385 14.85144522
22.71492394 14.89836742
22.76329308 14.99867137
22.80215376 15.04445669
22.86716271 15.09662405
22.93232669 15.16212393
22.96131717 15.23813996
22.96948205 15.31133963
22.93392866 15.53310904
23.00916955 15.62581656
23.10518436 15.70255606
23.24347049 15.69723338
23.45803104 15.71397655
23.60401696 15.74601594
23.70824833 15.74495657
23.94595991 15.70353791
23.96523522 15.71343395
23.9707646 15.72154715
23.98342533 15.78017406
23.9832703 15.92814952
23.98290856 16.37419465
23.98254683 16.82026561
23.98218509 17.26633657
23.98182336 17.71240754
23.98146162 18.1584785
23.98109989 18.60452363
23.98068648 19.05056875
23.98032474 19.49663972
23.98032474 19.62146414
23.98032474 19.74628856
23.98032474 19.87111298
23.98032474 19.9959374
24.22697635 19.99583405
24.47367964 19.99570486
24.72038293 19.99557567
24.96703454 19.99547232
24.9701868 19.99725515
24.97328739 19.99903799
24.97638797 20.00079499
24.97954024 20.00257783
24.97969527 20.5009195
24.97990197 20.99923534
24.98010868 21.49755117
24.98026371 21.99586701
25.36230757 21.99581533
25.74429976 21.99573782
26.12634362 21.99566031
26.50838749 21.99560863
26.89037967 21.99555695
27.27242354 21.99550528
27.6544674 21.9954536
28.03645959 21.99537608
28.41850345 21.99529857
28.80054732 21.99524689
29.1825395 21.99519522
29.56458337 21.99514354
29.94662723 21.99509186
30.32861942 21.99501435
30.71066328 21.99493684
31.09270715 21.99488516
31.20913415 21.99488516
31.26065555 22.00227489
31.35853071 22.1886201
31.40028527 22.20241771
31.4642607 22.19148815
31.48611983 22.14779572
31.46643111 22.08464712
NaN  NaN
10.95760542 33.72205048
10.93135379 33.71742544
10.88298465 33.69019196
10.8574565 33.68714305
10.78479943 33.71765799
10.75699751 33.71747712
10.72206424 33.73892284
10.73384647 33.85560822
10.74521528 33.88868114
10.92194868 33.89312531
11.01786014 33.82336213
11.03356978 33.80501699
11.03760054 33.78506989
10.99305545 33.74595083
10.95760542 33.72205048
NaN  NaN
11.2779993 34.75379629
11.12359012 34.68170767
11.15304569 34.74457205
11.25484826 34.82030386
11.28109989 34.80221711
11.2779993 34.75379629
NaN  NaN
9.78393029 37.21142406
9.83023237 37.13533051
9.89637821 37.1816326
9.87942834 37.21284516
9.87560428 37.25416047
9.9880522 37.25777782
10.0873743 37.25126659
10.19641157 37.20586884
10.18876346 37.03388968
10.33407759 36.86539867
10.29325321 36.78147614
10.41231571 36.73184093
10.51814904 36.79137218
10.57127241 36.87942882
10.76619592 36.93027843
10.95140425 37.05928864
11.05393029 37.07251781
11.07708133 36.96668448
11.12669071 36.87408031
11.05651411 36.84147248
10.96721724 36.74300304
10.79813195 36.49312165
10.64237918 36.41963776
10.5256938 36.32336457
10.48797 36.2548933
10.47660119 36.17515656
10.5057467 36.03242626
10.59080611 35.88724132
10.68899133 35.79949474
10.78366255 35.77208039
11.00432092 35.6338201
11.00070357 35.55162873
11.03150272 35.45385692
11.04328495 35.33510448
11.12007612 35.24027823
10.95584842 35.03362417
10.86624149 34.88430512
10.69095503 34.67845205
10.53489221 34.54473928
10.20044234 34.3460434
10.11838016 34.28010428
10.06484338 34.211633
10.04003869 34.14034536
10.04903039 34.05631948
10.15899784 33.85005301
10.30524214 33.72827749
10.45427697 33.66251923
10.7131759 33.68902924
10.70428755 33.60968008
10.72278771 33.51438874
10.82810428 33.51888459
10.89848758 33.53371573
10.95801883 33.62631989
11.08452274 33.56291291
11.15025516 33.36925548
11.25743208 33.30881989
11.26993778 33.28634064
11.23211063 33.27156118
11.20265506 33.24923697
11.23428104 33.23357901
11.33804732 33.20944611
11.4005758 33.22489737
11.50454878 33.18195425
11.50243005 33.15554759
11.4672384 32.96571422
11.45922855 32.89737214
11.45390588 32.78169444
11.45390588 32.64258149
11.53379764 32.52494009
11.53596805 32.47336701
11.50501387 32.41368073
11.3580461 32.3452353
11.16829024 32.25676525
11.00514774 32.17271353
10.82639896 32.0806778
10.77157027 32.02119823
10.68299686 31.97541291
10.60889286 31.92955008
10.59545698 31.8857543
10.5436772 31.80255524
10.47577437 31.73602184
10.30601729 31.70483511
10.27464969 31.68496552
10.19599816 31.58510082
10.15987634 31.54580089
10.11496952 31.46376455
10.17264042 31.25096101
10.24333377 31.03211131
10.25697635 30.94079906
10.25604618 30.86493806
10.21635868 30.78321178
10.12592492 30.66598379
10.05972741 30.58009756
9.93250003 30.42535248
9.89503462 30.38729279
9.80739139 30.34223094
9.63799605 30.28233796
9.51872684 30.22942129
9.45795536 30.46537588
9.40607222 30.66681061
9.36328413 30.83292451
9.28793989 31.1253356
9.22401615 31.37369253
9.16024743 31.62135183
9.10231815 31.84614431
9.04402713 32.0723579
9.01891239 32.10537914
8.84403934 32.21211681
8.68291222 32.31043122
8.51511885 32.4223107
8.33337284 32.54359528
8.30422733 32.69629914
8.21089969 32.92672435
8.11250777 33.05532115
8.07561079 33.08904003
7.87722497 33.17210989
7.76265832 33.23311392
7.7313424 33.26851227
7.70922489 33.36227916
7.62752445 33.54865021
7.53435184 33.71791637
7.50014204 33.83245718
7.49559452 33.97653107
7.51388797 34.08050406
7.55450565 34.12499746
7.74849898 34.2544986
7.83831262 34.41030305
7.94941695 34.46869741
8.04558679 34.51267406
8.12346317 34.56393708
8.19281294 34.64630931
8.24562625 34.73405589
8.25472131 34.82893382
8.27683882 34.97946727
8.31208215 35.08462881
8.39424767 35.20387218
8.35983117 35.29962861
8.31642297 35.40311066
8.32903202 35.58222118
8.31807661 35.65492992
8.28293664 35.71926708
8.24702152 35.80179434
8.24572961 35.87057567
8.28024946 36.0509781
8.3067078 36.18874746
8.34877241 36.36798717
8.33399295 36.41816498
8.30278039 36.4556304
8.20878096 36.49513703
8.20764408 36.51893403
8.23074344 36.54526317
8.36959802 36.63249299
8.44421878 36.76075389
8.50669559 36.78752228
8.60126346 36.83392772
8.59769779 36.88389883
8.57656213 36.93720307
8.82357547 36.99761282
9.05890995 37.15587189
9.14200565 37.19460338
9.68801883 37.3403826
9.7589189 37.33027985
9.8385006 37.30898916
9.81555627 37.25462556
9.78393029 37.21142406
NaN  NaN
-8.68336626 27.28593171
-8.68308204 27.11927521
-8.68287533 26.92132864
-8.68261695 26.72312368
-8.68233273 26.49771109
-8.68210019 26.27317699
-8.68215186 26.10946605
-8.68220354 25.99551952
-8.88562781 25.99551952
-9.07192135 25.99551952
-9.25821489 25.99551952
-9.44450843 25.99551952
-9.63085364 25.99549368
-9.81717302 25.99546784
-10.0034924 25.99546784
-10.18981177 25.99546784
-10.37613115 25.99546784
-10.56245053 25.99546784
-10.7487699 25.99546784
-10.93508928 25.99546784
-11.12140866 25.995442
-11.30772803 25.99541616
-11.49404741 25.99541616
-11.68034095 25.99541616
-11.86666033 25.99541616
-12.01628944 25.99541616
-12.01628944 25.87630199
-12.01628944 25.74013459
-12.01628944 25.60399303
-12.01628944 25.46785147
-12.01628944 25.33168407
-12.01628944 25.19554251
-12.01628944 25.05940095
-12.01628944 24.92323355
-12.01628944 24.78709199
-12.01628944 24.65095043
-12.01628944 24.51478303
-12.01628944 24.37864147
-12.01628944 24.2424999
-12.01628944 24.10633251
-12.01628944 23.97019094
-12.01628944 23.83404938
-12.01628944 23.69788198
-12.01628944 23.57644237
-12.02342078 23.46756013
-12.08333961 23.43544322
-12.2261991 23.3774881
-12.37288266 23.31800853
-12.55935706 23.29080089
-12.62041277 23.27134471
-12.73960446 23.19271902
-12.89597734 23.08957286
-13.03149879 23.00025015
-13.12087318 22.88405569
-13.1532743 22.82051952
-13.16647763 22.75321096
-13.15596147 22.68931306
-13.10733395 22.56074209
-13.09431149 22.49599152
-13.08676673 22.38325939
-13.07847266 22.26045034
-13.06958432 22.12818452
-13.06067013 21.99573782
-13.05121334 21.85476451
-13.04175656 21.71381704
-13.03219642 21.57209443
-13.02511675 21.46677786
-13.0162284 21.33394359
-13.16743364 21.33378856
-13.39672197 21.33353018
-13.6260103 21.33324596
-13.85535031 21.33296174
-14.08463864 21.33270336
-14.31395281 21.33241914
-14.54326697 21.33213491
-14.77260698 21.33187653
-15.00189531 21.33159231
-15.23120948 21.33130809
-15.46052365 21.33104971
-15.68981198 21.33076549
-15.91912615 21.33048127
-16.14844031 21.33022289
-16.37772864 21.32993867
-16.60704281 21.32965445
-16.83635698 21.32939606
-16.96456621 21.32924103
-17.00590736 21.14243073
-17.04239092 21.00799449
-17.06399167 20.89885387
-17.04804949 20.80614635
-17.0987699 20.85686677
-17.00962806 21.37709341
-17.00306515 21.42070832
-17.0029618 21.42073416
-16.95113034 21.43026846
-16.73093706 21.47031769
-16.58102373 21.48106639
-16.19086667 21.48106639
-16.04100501 21.50060008
-15.92085731 21.50060008
-15.7509452 21.49083324
-15.61079871 21.47031769
-15.46091122 21.450784
-15.29097327 21.450784
-15.15085263 21.44101716
-14.97114783 21.44101716
-14.84079403 21.450784
-14.75095456 21.50060008
-14.67085609 21.60018057
-14.64109046 21.68027904
-14.61080807 21.75058483
-14.62106584 21.82089061
-14.63083269 21.86093985
-14.58101661 21.91075593
-14.52096859 21.9908544
-14.46089474 22.0406188
-14.44089596 22.08066804
-14.38082211 22.12071727
-14.31103309 22.19102306
-14.27098385 22.2408133
-14.22116777 22.31016307
-14.21093584 22.37070201
-14.19088538 22.45077464
-14.19088538 22.5904302
-14.1708866 22.76036815
-14.1410693 22.87069733
-14.12107052 22.96056265
-14.1010459 23.10019237
-14.04097205 23.3404361
-14.02097327 23.41076773
-13.98092404 23.52011506
-13.93110796 23.62070323
-13.8911104 23.69100902
-13.84077755 23.75059195
-13.77096269 23.79064118
-13.6610986 23.83063874
-13.58102597 23.87071381
-13.48092872 23.91073721
-13.39108924 23.9410196
-13.31099077 23.98106883
-13.28073422 24.02011038
-13.23094398 24.09041616
-13.16110328 24.22033072
-13.12107988 24.30037751
-13.06100603 24.40099152
-12.99116533 24.47031546
-12.94786048 24.49726472
-12.91111854 24.5201057
-12.82076229 24.57090363
-12.71092404 24.63048656
-12.63082557 24.6802768
-12.56101071 24.7310489
-12.50096269 24.77011628
-12.431122 24.83068106
-12.40086544 24.8804713
-12.36081621 24.97031078
-12.31100013 25.11094819
-12.27095089 25.26031892
-12.2309275 25.42051586
-12.20113603 25.52009634
-12.17085364 25.64024405
-12.13083025 25.73106538
-12.10103878 25.8306717
-12.08104 25.87072093
-12.08104 25.92048534
-12.06098955 25.99081696
-12.05680376 25.99634634
-12.030733 26.0308662
-11.9608923 26.05039989
-11.88084551 26.07091543
-11.75485836 26.08652171
-11.71821977 26.1040917
-11.69920285 26.16269278
-11.68452674 26.21349071
-11.63719113 26.29550121
-11.5839644 26.36092357
-11.55319109 26.40097281
-11.51166907 26.47032258
-11.47068966 26.52011282
-11.39989295 26.58359732
-11.33788123 26.6334134
-11.31684892 26.68415965
-11.31684892 26.74472443
-11.36129066 26.79355866
-11.3925549 26.88342398
-11.2636222 26.91073497
-11.15034746 26.94101736
-11.04683957 26.9703179
-10.92281613 27.01034129
-10.83005693 27.01034129
-10.7577616 27.02010814
-10.65425371 27.00057445
-10.55126258 26.9908076
-10.47896725 26.96055105
-10.35494381 26.90099396
-10.25143592 26.86094473
-10.1894242 26.86094473
-10.12301999 26.88047842
-10.0668477 26.90879711
-10.03268958 26.91073497
-9.9809098 26.89024527
-9.90034624 26.85019603
-9.81784481 26.85019603
-9.73534339 26.86094473
-9.67333167 26.91073497
-9.56982378 26.9908076
-9.48729652 27.05039053
-9.41303748 27.08847606
-9.35298947 27.09824291
-9.2856034 27.09824291
-9.20845049 27.10020661
-9.08442705 27.09043976
-9.00189979 27.09043976
-8.88909014 27.10408234
-8.794884 27.12069632
-8.75385291 27.15097871
-8.75385291 27.1910021
-8.77436846 27.25058503
-8.79682187 27.30820425
-8.80268714 27.36094005
-8.78899289 27.41656973
-8.77436846 27.46054637
-8.78460039 27.530878
-8.81390093 27.61387035
-8.81777964 27.6558983
-8.81782833 27.65642589
-8.68336626 27.65645173
-8.68336626 27.49026032
-8.68336626 27.28593171
NaN  NaN
-17.88794654 27.80959483
-17.9847365 27.64640066
-18.10658952 27.70745637
-18.13596758 27.72792023
-18.16056556 27.76145824
-18.04336341 27.7681245
-17.92448178 27.850135
-17.88794654 27.80959483
NaN  NaN
-15.40060482 28.14737783
-15.40667681 28.07053498
-15.38313819 27.99281363
-15.38913266 27.8746813
-15.43677833 27.81070588
-15.55935482 27.74698884
-15.65573137 27.75838349
-15.71030168 27.78409252
-15.80729835 27.88754873
-15.80946876 27.99449311
-15.72094703 28.06417878
-15.68275814 28.15404409
-15.45279802 28.1369392
-15.43269589 28.1542508
-15.41548764 28.15934093
-15.40060482 28.14737783
NaN  NaN
-17.18468197 28.02195913
-17.225403 28.01353587
-17.27390133 28.03828889
-17.32493181 28.11766389
-17.2903086 28.17631664
-17.25857927 28.20318838
-17.21437008 28.19926097
-17.12964657 28.15598196
-17.10375668 28.11115266
-17.10106951 28.08345409
-17.18468197 28.02195913
NaN  NaN
-16.33450131 28.37992178
-16.41821713 28.15143443
-16.49624854 28.06190502
-16.54275733 28.03206188
-16.65799577 28.00717967
-16.79473161 28.14916067
-16.86601925 28.2932604
-16.90531918 28.33961416
-16.84304908 28.37612356
-16.75204688 28.36981904
-16.55681332 28.40046316
-16.51743588 28.41268464
-16.31899838 28.55820547
-16.12360979 28.57598216
-16.11916562 28.52825898
-16.33450131 28.37992178
NaN  NaN
-14.19675066 28.16928864
-14.33263384 28.0560139
-14.46862037 28.08236888
-14.49182309 28.10092072
-14.35557817 28.12970449
-14.23196815 28.21582327
-14.15259315 28.4066385
-14.028363 28.61742666
-14.00337745 28.70667186
-13.95415565 28.7414501
-13.88627865 28.74467988
-13.8572365 28.73803946
-13.82713498 28.69122061
-13.82760006 28.58518057
-13.86299842 28.40932567
-13.92803321 28.25346955
-14.19675066 28.16928864
NaN  NaN
-17.83428056 28.49322236
-17.85936947 28.48570344
-17.88215878 28.56461335
-18.00080787 28.75824494
-17.92879676 28.84459626
-17.79756446 28.84676667
-17.74454444 28.78656363
-17.72656104 28.72447439
-17.75162411 28.68858511
-17.74438941 28.6160314
-17.75798031 28.5691092
-17.83428056 28.49322236
NaN  NaN
-13.71595313 28.91123302
-13.78395932 28.84544892
-13.85992367 28.86909089
-13.82364682 29.01331981
-13.78819678 29.0561079
-13.65011736 29.11899811
-13.53508562 29.14426789
-13.50141842 29.21124055
-13.46356544 29.23718212
-13.42294776 29.19749462
-13.45377275 29.15134756
-13.47793148 29.00660187
-13.55469682 28.96019644
-13.71595313 28.91123302
NaN  NaN
