# IPBES East_Africa_and_adjacent_islands
# Comoros
# from http://www.rjruss.info/2010/12/free-countries-of-world-in-polygon-kml.html
43.78867639 -12.30700042
43.85895633 -12.36828867
43.66361942 -12.34286386
43.63292362 -12.28767344
43.63137333 -12.24705576
43.70434045 -12.25594411
43.78867639 -12.30700042

44.47638635 -12.08158782
44.52671919 -12.2195639
44.52630578 -12.32353688
44.50501509 -12.35650644
44.46015995 -12.3351124
44.37747765 -12.2522234
44.22017459 -12.17140146
44.29231489 -12.16478688
44.33448286 -12.17305511
44.3791313 -12.1656137
44.40703657 -12.12013844
44.41261763 -12.09295664
44.45189172 -12.07135589
44.47638635 -12.08158782

43.46580204 -11.90128875
43.44678511 -11.91456959
43.35552453 -11.85751881
43.30333133 -11.84408294
43.22664351 -11.75189219
43.25599572 -11.43211842
43.28069706 -11.39119069
43.29899051 -11.37455088
43.34146854 -11.36845306
43.39293827 -11.40855397
43.37939904 -11.61412282
43.44771529 -11.7525123
43.4915369 -11.86206634
43.46580204 -11.90128875


# Djibouti
# from http://www.rjruss.info/2010/12/free-countries-of-world-in-polygon-kml.html
43.24597049 11.49981517
43.15941247 11.36571483
43.04866987 11.19432994
42.92273441 10.99930309
42.84413456 10.9979595
42.78294966 11.00927664
42.74124678 11.04237539
42.65499881 11.07834219
42.55774377 11.08077098
42.4651396 11.04707795
42.30809492 11.00522004
42.16624312 10.99157746
42.05214155 10.9683489
41.95747033 10.94103791
41.87220422 10.95581737
41.79820357 10.98046703
41.78208052 11.18779287
41.76466556 11.41289541
41.76652591 11.58911205
41.79267419 11.68605703
41.8156702 11.72378083
41.94961551 11.85788117
41.99586592 11.91237397
42.14908654 12.13414338
42.28034468 12.32426097
42.37847822 12.46642284
42.40860558 12.49437979
42.44994673 12.52135489
42.4794023 12.51360342
42.67008833 12.37658336
42.70367801 12.3803299
42.76744673 12.42285961
42.82532433 12.56936229
42.86589033 12.62279572
42.88330529 12.62127127
43.00567508 12.66232819
43.11672774 12.70860444
43.1308354 12.66046784
43.2985771 12.46389069
43.35345747 12.36704906
43.40978478 12.18995393
43.38032922 12.09125194
43.33671431 12.02701813
43.27201542 11.96955394
43.04804976 11.82904572
42.79907271 11.73938711
42.64001265 11.56012157
42.52177697 11.57216218
42.53976037 11.50431102
42.58378869 11.49676626
42.65272505 11.50955618
42.78977095 11.56172354
42.91152062 11.58663158
43.04277876 11.58849193
43.16173791 11.56601268
43.24597049 11.49981517


# Eritrea
# from http://www.rjruss.info/2010/12/free-countries-of-world-in-polygon-kml.html
40.14125044 15.69614818
40.18248823 15.64292145
40.21142704 15.64816661
40.23406131 15.66586579
40.25008101 15.70348623
40.40821089 15.62917552
40.39901249 15.57987621
40.30465132 15.57734406
40.19582075 15.59816966
40.09515506 15.59093496
39.97516239 15.61243236
39.94746382 15.69614818
40.02394494 15.65563386
40.06342573 15.66586579
40.07055708 15.67661449
40.01629683 15.73325186
39.93991906 15.74451732
39.94519006 15.7890624
39.97939986 15.80658072
40.00048384 15.82828482
39.95676558 15.88941804
40.04254846 15.8754654
40.09680871 15.83846507
40.13236209 15.79526358
40.14125044 15.69614818

40.0764482 16.08242951
40.11003788 15.98574291
40.01236942 16.02263988
39.99614302 16.04269033
40.03903446 16.08098257
40.04812951 16.10449535
40.0764482 16.08242951

38.60945764 18.00507701
38.91176476 17.42715363
39.03444461 17.08552074
39.14255171 16.72916006
39.22254683 16.19368887
39.29892459 15.92109569
39.42222456 15.78668529
39.5065605 15.53212718
39.57880415 15.52251537
39.63120405 15.45254548
39.72081099 15.21364533
39.78550988 15.12483938
39.81940962 15.20126883
39.81558556 15.24532298
39.79036747 15.31885855
39.81351851 15.41358145
39.863748 15.47032217
39.97836633 15.39311758
40.04099816 15.33451651
40.05784468 15.21710765
40.08409631 15.15194367
40.20408898 15.01412263
40.30527144 14.97402171
40.43652958 14.96394481
40.54629032 14.93361074
40.63434696 14.88301952
40.79929813 14.74302806
41.17643273 14.62029654
41.47967004 14.2438854
41.65816043 13.98307445
42.24510135 13.58764639
42.34649051 13.39809724
42.39930383 13.21257884
42.5228105 13.22146719
42.73447717 13.01858552
42.79617883 12.86427969
42.96950158 12.80836579
42.9990605 12.89952302
43.08287967 12.82459219
43.11672774 12.70860444
43.00567508 12.66232819
42.88330529 12.62127127
42.86589033 12.62279572
42.82532433 12.56936229
42.76744673 12.42285961
42.70367801 12.3803299
42.67008833 12.37658336
42.4794023 12.51360342
42.44994673 12.52135489
42.40860558 12.49437979
42.37847822 12.46642284
42.2899565 12.57024079
42.2250509 12.66196646
42.13430708 12.77141714
42.0465605 12.8206131
41.95209598 12.8823406
41.85959517 13.02589773
41.7650273 13.18392426
41.62498417 13.31324453
41.3628813 13.49979645
41.12232751 13.73613862
40.93856612 13.98310029
40.82017541 14.11167125
40.76958418 14.14448579
40.52437951 14.22517853
40.35307214 14.3380657
40.22145226 14.43116079
40.14063032 14.45606883
40.06208215 14.45911774
39.89506392 14.44066926
39.75615767 14.49903779
39.69791833 14.49901195
39.60490075 14.51606517
39.53188195 14.53670991
39.44609907 14.51185354
39.27014082 14.47030569
39.19800052 14.4793749
39.15862308 14.53751089
39.13542036 14.58190095
39.07423547 14.62820303
39.02379927 14.62820303
38.99568729 14.58686188
38.81202925 14.48232046
38.50439945 14.42439118
38.43143233 14.42860281
38.37691369 14.47040904
38.22147098 14.64964875
38.17708093 14.67879426
38.14204431 14.68148143
38.06995568 14.70272045
38.00256961 14.73711111
37.94345178 14.81054332
37.88423058 14.85229788
37.82025516 14.70848237
37.70842736 14.45723155
37.6484827 14.32253693
37.57117476 14.14905915
37.54678348 14.14386567
37.50725101 14.1563972
37.35372033 14.3724822
37.25724043 14.45374339
37.18520348 14.44599193
37.13264855 14.40607189
37.09947228 14.33395742
37.06350549 14.28925731
37.02454146 14.27199738
36.94072228 14.28057567
36.81194461 14.31501801
36.67913618 14.30757661
36.54240034 14.25822561
36.52431359 14.25685619
36.4922742 14.54433218
36.47082848 14.73646516
36.44814253 14.9400703
36.42674849 15.13209992
36.52178145 15.25015473
36.5659648 15.36208588
36.67918786 15.72637889
36.72450809 15.79888093
36.81349491 15.99395946
36.82589725 16.05028677
36.91374719 16.29618907
36.90547896 16.45953828
36.88780562 16.62464448
36.93576135 16.72233877
36.97865278 16.80057689
36.9757589 16.86654186
36.99518924 17.02053762
37.00903853 17.05888154
37.06149011 17.06125865
37.16949385 17.0414149
37.24886885 17.05686616
37.34038781 17.0570987
37.41102949 17.0616979
37.45293908 17.10867178
37.51019657 17.28814403
37.5474036 17.32411083
37.57598067 17.33501455
37.65675093 17.3682425
37.72599735 17.42051321
37.78237634 17.45800446
37.80330529 17.46552338
37.86299157 17.47025178
37.92252282 17.49231761
37.95006636 17.5176649
38.02530724 17.53776704
38.09889448 17.52647573
38.14850386 17.54854157
38.18157678 17.56285594
38.21904219 17.56396699
38.25351037 17.58474091
38.2672563 17.61670279
38.28989058 17.63703746
38.34735477 17.68357209
38.37370975 17.71734264
38.38549198 17.75126822
38.39717085 17.7783725
38.4224923 17.82389944
38.52279626 17.93854361
38.60945764 18.00507701


# Ethiopia
# from http://www.rjruss.info/2010/12/free-countries-of-world-in-polygon-kml.html
38.43143233 14.42860281
38.50439945 14.42439118
38.81202925 14.48232046
38.99568729 14.58686188
39.02379927 14.62820303
39.07423547 14.62820303
39.13542036 14.58190095
39.15862308 14.53751089
39.19800052 14.4793749
39.27014082 14.47030569
39.44609907 14.51185354
39.53188195 14.53670991
39.60490075 14.51606517
39.69791833 14.49901195
39.75615767 14.49903779
39.89506392 14.44066926
40.06208215 14.45911774
40.14063032 14.45606883
40.22145226 14.43116079
40.35307214 14.3380657
40.52437951 14.22517853
40.76958418 14.14448579
40.82017541 14.11167125
40.93856612 13.98310029
41.12232751 13.73613862
41.3628813 13.49979645
41.62498417 13.31324453
41.7650273 13.18392426
41.85959517 13.02589773
41.95209598 12.8823406
42.0465605 12.8206131
42.13430708 12.77141714
42.2250509 12.66196646
42.2899565 12.57024079
42.37847822 12.46642284
42.28034468 12.32426097
42.14908654 12.13414338
41.99586592 11.91237397
41.94961551 11.85788117
41.8156702 11.72378083
41.79267419 11.68605703
41.76652591 11.58911205
41.76466556 11.41289541
41.78208052 11.18779287
41.79820357 10.98046703
41.87220422 10.95581737
41.95747033 10.94103791
42.05214155 10.9683489
42.16624312 10.99157746
42.30809492 11.00522004
42.4651396 11.04707795
42.55774377 11.08077098
42.65499881 11.07834219
42.74124678 11.04237539
42.78294966 11.00927664
42.84413456 10.9979595
42.92273441 10.99930309
42.90614627 10.96026154
42.86294478 10.90321076
42.80971805 10.84600495
42.76310591 10.78693879
42.65954634 10.6213675
42.65644575 10.60002513
42.66926151 10.56757233
42.72517541 10.49173717
42.78367313 10.36962576
42.81643599 10.25738455
42.84165409 10.20307262
42.9124508 10.14080252
43.01471846 10.01261913
43.06892704 9.92624197
43.18168501 9.87996573
43.21842695 9.77017914
43.30312463 9.60907787
43.39433353 9.48024852
43.4825452 9.37947948
43.58104048 9.34072215
43.62052127 9.33741486
43.82681359 9.15078543
43.98380659 9.00883027
44.02287398 8.98604096
44.30621585 8.89304922
44.63203576 8.78610484
44.89357018 8.70021861
45.22693485 8.59079377
45.55549361 8.48299673
45.86333011 8.37987641
46.29601688 8.23497569
46.64467777 8.11818696
46.91954471 8.02612539
46.97824914 7.99708324
47.30567101 7.99708324
47.63774377 7.99708324
47.9781881 7.99708324
47.73158817 7.75934581
47.45284549 7.49049917
47.15973677 7.20785493
46.97122114 7.0260314
46.6718079 6.7372635
46.4229342 6.49725231
46.16677412 6.23465851
45.93500532 5.99720531
45.63357669 5.66828482
45.43849816 5.45542959
45.13278039 5.12170319
44.94054406 4.91200023
44.91160526 4.89990795
44.63663496 4.91577261
44.36951948 4.93119802
44.02814497 4.95096426
43.98887088 4.95052501
43.88944543 4.93075878
43.82919071 4.91143179
43.58352095 4.85497529
43.53825239 4.84032502
43.33402713 4.75040803
43.12571944 4.64447134
43.01601037 4.56333934
42.93095096 4.44531037
42.89477746 4.36107779
42.85664025 4.32420665
42.7916313 4.29201223
42.35517215 4.21224966
42.22840987 4.20165599
42.02413293 4.13793895
41.91530236 4.03127879
41.88403812 3.97774201
41.73774214 3.97903392
41.4819438 3.96327261
41.37249312 3.94616771
41.31895633 3.94309296
41.22092614 3.94355805
41.14046594 3.96296255
41.08723921 3.99195303
41.020835 4.05745291
40.87267866 4.19033885
40.76524336 4.27302115
40.52872033 4.17765229
40.31602014 4.08272268
40.01412642 3.94797639
39.84219893 3.85144481
39.79036747 3.75424144
39.65750736 3.5778181
39.53885827 3.46919424
39.49446821 3.45609427
39.22549238 3.47878022
39.12828902 3.50089773
38.96783369 3.52058645
38.75275638 3.55900788
38.60806237 3.60009064
38.45153446 3.60484488
38.22529504 3.61900422
38.08618208 3.64882152
37.94495039 3.74674836
37.76289432 3.8646223
37.5754639 3.98593273
37.3825041 4.11083466
37.15455936 4.25454682
36.90558231 4.41146231
36.84827315 4.42732697
36.82362349 4.4301175
36.55299401 4.43724885
36.27182254 4.44471609
36.08196333 4.44972871
36.02196699 4.46812552
35.97871382 4.50383393
35.91985436 4.61984752
35.84559533 4.702659
35.76306807 4.80802725
35.75614343 4.95047333
35.77924279 5.10558015
35.80032678 5.15694652
35.7884412 5.20810619
35.79143843 5.278567
35.74503299 5.3440152
35.46866743 5.41910106
35.42396732 5.41328746
35.37787194 5.38514964
35.32531701 5.36489248
35.28759321 5.38406444
35.26464888 5.41204723
35.26382206 5.4579359
35.26831791 5.49230073
35.25245324 5.51103343
35.16449995 5.58121003
35.08192101 5.6731424
35.03189823 5.7748933
34.98358076 5.8583249
34.95903446 6.04505768
34.89784956 6.1598052
34.83805993 6.30013255
34.74922814 6.56786815
34.71067752 6.66031729
34.63874393 6.72214814
34.56277958 6.77984488
34.48433475 6.89839061
34.27928267 7.00282868
34.20042443 7.0845808
34.06420536 7.22573497
34.03020226 7.29697093
34.02038374 7.36797435
33.97795739 7.43458527
33.90245812 7.50954194
33.66609012 7.67097911
33.60097782 7.69040945
33.51633182 7.70777273
33.39225671 7.72371491
33.22601362 7.76066356
33.08075117 7.82370881
33.01465702 7.86856395
32.9988957 7.89951813
33.01258996 7.95150462
33.06519657 8.04049144
33.16524214 8.2510729
33.23428185 8.39638703
33.2811007 8.43726309
33.40936161 8.44772757
33.5453223 8.44341258
33.64479943 8.43258637
33.78504927 8.43111359
33.95330773 8.4434901
34.01976362 8.49209178
34.07278364 8.54526683
34.0945911 8.58224132
34.10172245 8.6763441
34.10161909 8.75186921
34.09102542 9.04125723
34.08456587 9.21850739
34.07712446 9.42097565
34.07809833 9.46151581
34.07934655 9.51347647
34.12032596 9.72969066
34.15908329 9.85340404
34.18523156 9.91856802
34.29147831 10.12475698
34.3112187 10.19085114
34.31483605 10.25157095
34.27566532 10.52814322
34.34398156 10.65862621
34.43141808 10.78784313
34.50800256 10.84287853
34.57182295 10.88018891
34.60174361 10.86455679
34.67496911 10.80494802
34.7712423 10.74616608
34.8162008 10.75916271
34.88229496 10.81055492
34.93138757 10.86478933
34.92492801 10.96212189
34.96916304 11.16177379
34.9606881 11.27677969
35.00792036 11.41987173
35.05964847 11.62104808
35.08274784 11.74827546
35.11235843 11.81656586
35.25245324 11.95702241
35.37275598 12.1555891
35.44959883 12.30059317
35.59610152 12.5373229
35.67020552 12.62375174
35.73056359 12.66103628
35.82058394 12.68485912
35.98760217 12.70630484
36.10749149 12.72645865
36.12521651 12.75705109
36.13529341 12.80534272
36.13705041 12.91112438
36.1600981 13.09330964
36.21223962 13.27107656
36.27352787 13.40574535
36.30685917 13.46685273
36.34628828 13.52628063
36.39067834 13.62609365
36.447109 13.84202363
36.44395674 13.9884488
36.52431359 14.25685619
36.54240034 14.25822561
36.67913618 14.30757661
36.81194461 14.31501801
36.94072228 14.28057567
37.02454146 14.27199738
37.06350549 14.28925731
37.09947228 14.33395742
37.13264855 14.40607189
37.18520348 14.44599193
37.25724043 14.45374339
37.35372033 14.3724822
37.50725101 14.1563972
37.54678348 14.14386567
37.57117476 14.14905915
37.6484827 14.32253693
37.70842736 14.45723155
37.82025516 14.70848237
37.88423058 14.85229788
37.94345178 14.81054332
38.00256961 14.73711111
38.06995568 14.70272045
38.14204431 14.68148143
38.17708093 14.67879426
38.22147098 14.64964875
38.37691369 14.47040904
38.43143233 14.42860281


# Kenya
# from http://www.rjruss.info/2010/12/free-countries-of-world-in-polygon-kml.html
40.99442834 -2.15842091
40.95732466 -2.16725758
40.97644494 -2.10979339
41.08599898 -2.03651621
41.13064741 -2.05305267
41.1392257 -2.06979583
41.13684859 -2.08509205
41.11814172 -2.10007822
40.99442834 -2.15842091

35.28759321 5.38406444
35.32531701 5.36489248
35.37787194 5.38514964
35.42396732 5.41328746
35.46866743 5.41910106
35.74503299 5.3440152
35.79143843 5.278567
35.7884412 5.20810619
35.80032678 5.15694652
35.77924279 5.10558015
35.75614343 4.95047333
35.76306807 4.80802725
35.84559533 4.702659
35.91985436 4.61984752
35.97871382 4.50383393
36.02196699 4.46812552
36.08196333 4.44972871
36.27182254 4.44471609
36.55299401 4.43724885
36.82362349 4.4301175
36.84827315 4.42732697
36.90558231 4.41146231
37.15455936 4.25454682
37.3825041 4.11083466
37.5754639 3.98593273
37.76289432 3.8646223
37.94495039 3.74674836
38.08618208 3.64882152
38.22529504 3.61900422
38.45153446 3.60484488
38.60806237 3.60009064
38.75275638 3.55900788
38.96783369 3.52058645
39.12828902 3.50089773
39.22549238 3.47878022
39.49446821 3.45609427
39.53885827 3.46919424
39.65750736 3.5778181
39.79036747 3.75424144
39.84219893 3.85144481
40.01412642 3.94797639
40.31602014 4.08272268
40.52872033 4.17765229
40.76524336 4.27302115
40.87267866 4.19033885
41.020835 4.05745291
41.08723921 3.99195303
41.14046594 3.96296255
41.22092614 3.94355805
41.31895633 3.94309296
41.37249312 3.94616771
41.4819438 3.96327261
41.73774214 3.97903392
41.88403812 3.97774201
41.76094486 3.80162873
41.61346032 3.59047883
41.34174564 3.20166535
41.13498823 2.99707836
40.97877038 2.84241079
40.96440433 2.81466055
40.96507612 2.64231965
40.96672977 2.22095002
40.97003706 1.37815908
40.973241 0.53541983
40.97654829 -0.30731943
40.97820194 -0.72874074
40.97877038 -0.87028248
41.11581628 -1.04742929
41.24981327 -1.22054534
41.42696008 -1.44947194
41.52188968 -1.57225514
41.53759932 -1.61318288
41.53274173 -1.6953484
41.38696252 -1.86701751
41.26748661 -1.94504892
41.10687626 -1.98235931
41.05871382 -1.97522796
40.99556522 -1.95062998
40.97076053 -1.99181609
40.95215702 -2.05594655
40.91660363 -2.042459
40.88973189 -2.02349375
40.90585493 -2.13749196
40.92239139 -2.19371592
40.89820682 -2.26993865
40.82017541 -2.33634287
40.81314741 -2.39236012
40.64416548 -2.53943125
40.40449019 -2.55565765
40.27850305 -2.62862477
40.22248579 -2.68836273
40.17980106 -2.81900075
40.19478723 -3.01919524
40.12812463 -3.17329437
40.11541223 -3.25060231
39.99169885 -3.35069956
39.93681848 -3.4424769
39.89630415 -3.53585622
39.86095747 -3.57678395
39.81909956 -3.7860735
39.76142866 -3.91304249
39.74582238 -3.95521046
39.73166304 -3.99324432
39.68691125 -4.06791676
39.65797245 -4.11917978
39.63709517 -4.15287282
39.49095422 -4.47843434
39.37695601 -4.62550547
39.28755578 -4.6085556
39.22812788 -4.66550302
39.22177168 -4.69237477
39.1901457 -4.67728525
39.11542158 -4.62349009
38.9618909 -4.5129542
38.8084119 -4.40246998
38.65488122 -4.2919341
38.50135054 -4.18139821
38.34781986 -4.07086232
38.19428918 -3.96032643
38.04081017 -3.84979054
37.88727949 -3.73925465
37.79720747 -3.67445241
37.7574683 -3.63610849
37.72615238 -3.5597824
37.71101118 -3.54081715
37.67013513 -3.51678761
37.62202437 -3.51151662
37.60817508 -3.49704721
37.60869185 -3.46025359
37.62533166 -3.40723358
37.68186568 -3.30574106
37.68796349 -3.24615814
37.67685306 -3.17846201
37.65917972 -3.07004485
37.6438835 -3.04544687
37.5421326 -2.9886028
37.32896732 -2.86959197
37.11580204 -2.75058115
36.90263675 -2.631622
36.68947147 -2.51261118
36.47630619 -2.39360036
36.2631409 -2.27464121
36.0500273 -2.15563038
35.83686201 -2.03661956
35.62369673 -1.91760874
35.41058312 -1.79859791
35.19741784 -1.67958709
34.98425256 -1.56057627
34.77108727 -1.44156544
34.55792199 -1.32255462
34.34475671 -1.20359547
34.13159142 -1.08458465
34.05154463 -1.03988454
33.97940433 -1.00205739
33.90323327 -1.00205739
33.89997765 -0.83162851
33.92436893 -0.39785654
33.92152673 -0.01700123
33.94312748 0.17378815
34.03723026 0.29455598
34.08053511 0.38245759
34.11174767 0.50513744
34.16099531 0.60518301
34.27256473 0.68641836
34.29261519 0.73127351
34.41085086 0.86728587
34.48175093 1.04215892
34.53523604 1.10153514
34.60200199 1.15646719
34.64913089 1.18530264
34.72669722 1.21424144
34.78757206 1.23072622
34.79863081 1.24452383
34.80379846 1.27284252
34.78354129 1.38113048
34.80953454 1.41668386
34.85092736 1.48900503
34.89836633 1.55649445
34.94125777 1.5992567
34.96523563 1.64336253
34.97644942 1.71963695
34.97820641 1.77363882
34.97753462 1.86190217
34.96404707 2.06240672
34.91397261 2.2302001
34.88301843 2.41794058
34.90575606 2.47969392
34.86622359 2.5896872
34.84663822 2.59573334
34.81449548 2.61981456
34.77341271 2.72342581
34.74245853 2.81812287
34.72328657 2.84194571
34.58913456 2.92475719
34.52257531 3.11999075
34.44785119 3.16347647
34.40723351 3.35752147
34.39943037 3.4127119
34.44185672 3.60624014
34.43767093 3.65057852
34.39286747 3.69150625
34.26708703 3.73315746
34.16507775 3.81299754
34.17820357 3.84087698
34.18574833 3.86976411
34.13200484 3.88916861
33.97609704 4.22020783
34.17685998 4.41911042
34.38020674 4.62067434
34.63982914 4.87546499
34.87836755 5.10958507
35.08445316 5.31187246
35.26831791 5.49230073
35.26382206 5.4579359
35.26464888 5.41204723
35.28759321 5.38406444


# Madagascar
# from http://www.rjruss.info/2010/12/free-countries-of-world-in-polygon-kml.html
49.93641483 -16.9028956
49.82396691 -17.08655364
49.85569624 -16.93317799
49.98592085 -16.71241627
50.02302453 -16.69536305
49.93641483 -16.9028956

48.34219689 -13.36383514
48.34354048 -13.40037038
48.21197228 -13.38528086
48.19119836 -13.25991383
48.25569055 -13.25608978
48.26974654 -13.20462005
48.30891727 -13.19821217
48.35108524 -13.30952321
48.34219689 -13.36383514

49.53829959 -12.43216074
49.58418827 -12.53675384
49.6378284 -12.63705779
49.80494999 -12.87973032
49.87647017 -12.97300628
49.93744836 -13.07222503
49.96721398 -13.27019744
50.07346073 -13.5779306
50.17381636 -14.04027964
50.20461551 -14.5144109
50.23531131 -14.73202036
50.31344608 -14.93681406
50.44129357 -15.14930755
50.48273807 -15.38567555
50.40460331 -15.62912322
50.29153527 -15.85851491
50.26228641 -15.9015097
50.20895633 -15.96042083
50.18497847 -15.95783701
50.09444136 -15.89866749
50.02044071 -15.80172251
49.92659631 -15.57357106
49.89259321 -15.4577125
49.85331913 -15.43941904
49.74376509 -15.44954762
49.66439009 -15.52158457
49.64992069 -15.56695648
49.66697391 -15.69573414
49.69704959 -15.811386
49.71048547 -15.92894988
49.71275923 -16.07674448
49.74231815 -16.12149627
49.78593306 -16.15911671
49.83099491 -16.25590667
49.83905643 -16.48648691
49.81135786 -16.60306894
49.73394657 -16.70306284
49.73859745 -16.75835662
49.76722619 -16.81514902
49.73973433 -16.84946217
49.63689823 -16.89287038
49.59524702 -16.93111094
49.53953983 -17.03291351
49.44931278 -17.24065276
49.43711714 -17.34664113
49.49365116 -17.66951548
49.47783817 -17.89849375
49.36290978 -18.33634816
49.2968673 -18.54403574
49.20333296 -18.79228932
49.06008589 -19.11960784
48.91807905 -19.53043548
48.79746626 -19.95325205
48.70827274 -20.20734507
48.60698693 -20.45751067
48.46849409 -20.89996429
48.35077518 -21.34898081
48.17590213 -21.84305918
47.93446984 -22.39392995
47.90842492 -22.46586354
47.85829878 -22.74729339
47.80414188 -22.99146453
47.73944299 -23.23336191
47.60405073 -23.63307912
47.58865116 -23.75637908
47.55795536 -23.87461476
47.42762739 -24.12524546
47.37254032 -24.21846974
47.33357629 -24.31758514
47.31166548 -24.44315887
47.27290816 -24.56439178
47.17730676 -24.78722055
47.03498986 -24.97904347
46.93814823 -25.04875498
46.72854862 -25.14988576
46.62230187 -25.1704013
46.3867607 -25.17277842
46.15866092 -25.23039764
45.92084598 -25.34134694
45.69222945 -25.46841928
45.60458622 -25.52872568
45.50795129 -25.56319386
45.20574751 -25.57053191
45.1152104 -25.54309173
44.81290327 -25.33421559
44.69580448 -25.29974741
44.47380252 -25.27111867
44.40672652 -25.2532903
44.34585168 -25.22610849
44.25614139 -25.11686452
44.07806441 -25.02462208
44.03537967 -24.99573496
44.00830122 -24.93206959
43.98990441 -24.86344329
43.94370568 -24.78675547
43.90959924 -24.64061452
43.85151493 -24.53839853
43.68749393 -24.35794443
43.6700273 -24.30032521
43.65679813 -24.10881235
43.66206913 -23.97920786
43.64604943 -23.74185801
43.6647563 -23.63023691
43.72232385 -23.52967457
43.69875939 -23.42094736
43.6375745 -23.30653574
43.61463016 -23.18819671
43.56956831 -23.08045135
43.39779585 -22.88635467
43.35748823 -22.79085662
43.32958296 -22.69189625
43.26488407 -22.38364634
43.2571326 -22.27631439
43.26664107 -22.04929982
43.29051558 -21.93251108
43.33227014 -21.85122405
43.34270877 -21.79045257
43.36978723 -21.73825937
43.41050825 -21.69645314
43.43779341 -21.64663706
43.50187219 -21.35647389
43.58310754 -21.2919817
43.70361698 -21.25498138
43.80014855 -21.17922373
43.85564904 -21.07685272
43.91114953 -20.86585784
44.06307824 -20.65620656
44.11723514 -20.54608408
44.23970829 -20.37973764
44.34812544 -20.14554005
44.38109501 -20.03510752
44.40465946 -19.92203948
44.43225467 -19.67425099
44.45292525 -19.55084767
44.44879113 -19.42868458
44.38657271 -19.30311085
44.23877811 -19.07521779
44.23402388 -19.03263641
44.24570275 -18.86318939
44.2330937 -18.74066456
44.1787301 -18.61850148
44.10876021 -18.50352142
44.04003055 -18.28844411
44.00664758 -17.93296193
44.01367557 -17.80449432
43.99352176 -17.6902894
43.94360233 -17.58140716
43.97936242 -17.3916513
44.42140262 -16.70264943
44.43576867 -16.62151743
44.41799198 -16.4112977
44.42708703 -16.28908294
44.44248661 -16.24371103
44.47617964 -16.2172527
44.55183394 -16.20448862
44.90922814 -16.17451629
44.95511681 -16.15327728
45.04420698 -16.09514129
45.16678348 -15.9828484
45.22290409 -15.95044728
45.27127323 -15.96233286
45.30238244 -16.01044362
45.34217329 -16.03669525
45.48635054 -15.98584564
45.54174767 -15.98424367
45.59828169 -15.99256357
45.62474002 -15.9457964
45.64055301 -15.88311289
45.66153364 -15.83882619
45.70018762 -15.81376312
45.88591271 -15.80006886
46.00425174 -15.78213714
46.15752404 -15.73831552
46.19049361 -15.74684214
46.31410363 -15.90461028
46.35151737 -15.91820119
46.39957645 -15.92460906
46.44164107 -15.89592864
46.34128543 -15.8133497
46.32619592 -15.76673756
46.33146691 -15.71371754
46.3852104 -15.60013275
46.47512739 -15.51352304
46.67470178 -15.3818515
46.88202762 -15.22956105
46.94228234 -15.21907073
46.9932353 -15.24315195
47.03230269 -15.42267588
47.0274451 -15.4522348
47.06051802 -15.45636891
47.09917199 -15.43414804
47.13338179 -15.36174936
47.13513879 -15.301598
47.10733687 -15.24387542
47.09379764 -15.19504119
47.09255741 -15.1500827
47.19766727 -15.04404266
47.28045292 -14.9426535
47.31869348 -14.82178232
47.3519731 -14.76607513
47.43909956 -14.70333994
47.46473107 -14.71326181
47.48509159 -14.76431813
47.49635705 -14.81832
47.47403283 -14.87196014
47.4420968 -14.92498016
47.42917769 -14.99572519
47.47837365 -15.00941945
47.52467573 -14.9922112
47.59257857 -14.86431203
47.66998986 -14.74328582
47.71598189 -14.68034393
47.7740662 -14.63667734
47.87039107 -14.64551401
47.96413211 -14.67254079
47.81147993 -14.54484832
47.77334273 -14.36987192
47.95514042 -14.06730641
47.95689741 -14.00431284
47.98314904 -13.9848825
47.99555139 -13.96043955
47.90139693 -13.85817189
47.88362023 -13.80747731
47.89602258 -13.73063445
47.94098107 -13.66242156
47.98180545 -13.61462086
48.03988976 -13.59627573
48.08588179 -13.62252736
48.1871676 -13.70650156
48.25527713 -13.71931732
48.33775272 -13.63870208
48.40503543 -13.53798471
48.50642459 -13.4687383
48.62135298 -13.42600189
48.79643273 -13.26745859
48.91032759 -12.93585093
48.91942264 -12.83900929
48.89420454 -12.72170379
48.85379357 -12.61013437
48.78630415 -12.47086639
48.80387414 -12.44001556
48.89957889 -12.45846404
48.93172163 -12.43908538
49.03569461 -12.31578541
49.20705366 -12.07962412
49.26348433 -12.08019256
49.31206017 -12.12391082
49.33014693 -12.18866139
49.36394331 -12.23630706
49.47980187 -12.34839324
49.53829959 -12.43216074


# Mauritius
# from http://www.rjruss.info/2010/12/free-countries-of-world-in-polygon-kml.html
57.65129276 -20.48489918
57.52478885 -20.51321787
57.38329878 -20.50370941
57.32831506 -20.45001759
57.31766971 -20.4276417
57.36510868 -20.40645436
57.36211144 -20.33762135
57.38577925 -20.22858408
57.41606164 -20.18383229
57.48644494 -20.14393808
57.51507368 -20.0559848
57.57574182 -19.99717702
57.65656376 -19.98994232
57.73717899 -20.09846282
57.79195601 -20.21256439
57.78069055 -20.32697601
57.72498335 -20.36883392
57.70668989 -20.4348764
57.65129276 -20.48489918


# France
# from http://www.rjruss.info/2010/12/free-countries-of-world-in-polygon-kml.html
# Mayotte
45.18032271 -12.97672698
45.11758752 -12.98499521
45.08771854 -12.95853688
45.06942508 -12.89559498
45.08833866 -12.83503021
45.0935063 -12.7861443
45.04255334 -12.7012916
45.09236942 -12.65302581
45.13474409 -12.70914642
45.15882531 -12.71297047
45.22311079 -12.75214121
45.20430057 -12.82433318
45.20864139 -12.84794931
45.17939253 -12.92019297
45.18032271 -12.97672698

# France
# from http://www.rjruss.info/2010/12/free-countries-of-world-in-polygon-kml.html
# Reunion
55.79734907 -21.33931732
55.65616906 -21.36908294
55.55767378 -21.35833424
55.36264693 -21.27358489
55.31035038 -21.21736094
55.23283573 -21.05840423
55.2499923 -21.00243865
55.31128055 -20.9040984
55.45049686 -20.86513437
55.59653446 -20.87960377
55.66185347 -20.90626881
55.73916141 -21.02150726
55.83910363 -21.13860605
55.82246382 -21.27782236
55.79734907 -21.33931732

# Rwanda
# from http://www.rjruss.info/2010/12/free-countries-of-world-in-polygon-kml.html
30.50995202 -1.06727304
30.47703413 -1.08298268
30.47021284 -1.13114511
30.50809167 -1.20824635
30.63196008 -1.36746144
30.71071496 -1.39681365
30.76218469 -1.45872202
30.81262088 -1.56305674
30.8275037 -1.69369476
30.80672977 -1.85068776
30.81913211 -1.96747649
30.86460737 -2.04406097
30.87659631 -2.14338307
30.85499556 -2.26539113
30.82874393 -2.33851328
30.79763472 -2.36269785
30.76244307 -2.37168955
30.71484907 -2.36352467
30.65660973 -2.37380828
30.59340946 -2.39680429
30.55361861 -2.40011159
30.52886559 -2.39556406
30.48220178 -2.37603037
30.40851118 -2.31298512
30.2710002 -2.34786671
30.23384484 -2.34709157
30.18330529 -2.37701222
30.1422742 -2.41396087
30.11731449 -2.41659637
30.09188968 -2.41153208
29.9734473 -2.33706634
29.93019413 -2.33954681
29.91241743 -2.54862965
29.89257368 -2.66464324
29.86818241 -2.71637135
29.78338138 -2.76639414
29.69806359 -2.79471282
29.65139977 -2.7928008
29.46371097 -2.8083554
29.39022709 -2.80856211
29.34976444 -2.79150888
29.29705448 -2.67301483
29.19757735 -2.62030486
29.10202762 -2.59565521
29.06316695 -2.60252817
29.02864709 -2.66459157
29.01438439 -2.72019541
28.92178023 -2.6820582
28.89397831 -2.63508432
28.89144616 -2.55555429
28.85764977 -2.44667205
28.87640832 -2.40031829
28.91273685 -2.37029428
28.98957971 -2.31277842
29.1064718 -2.23324839
29.13153487 -2.19516286
29.14801965 -2.13185923
29.14062992 -1.98452972
29.12936445 -1.8602479
29.14326542 -1.81606455
29.19659549 -1.71994638
29.26811568 -1.62160613
29.35162479 -1.5175298
29.40195764 -1.50740122
29.46800012 -1.46807545
29.5377633 -1.40973276
29.57693403 -1.38787363
29.60964522 -1.38709848
29.825446 -1.33557708
29.84684004 -1.35170013
29.88161828 -1.45179738
29.90001509 -1.46631845
29.93009077 -1.4699358
29.99050052 -1.44693979
30.10155318 -1.36865
30.14997399 -1.32110768
30.2069731 -1.25423838
30.27983687 -1.17879079
30.32050622 -1.11305836
30.3602454 -1.0746111
30.41233524 -1.06303558
30.46990278 -1.06603281
30.50995202 -1.06727304


# Seychelles
# from http://www.rjruss.info/2010/12/free-countries-of-world-in-polygon-kml.html
55.5403105 -4.69309824
55.54299767 -4.7854957
55.49473189 -4.75459319
55.48119266 -4.69485524
55.41680383 -4.65031015
55.38342085 -4.60927907
55.45576786 -4.55873952
55.5403105 -4.69309824


# Somalia
# from http://www.rjruss.info/2010/12/free-countries-of-world-in-polygon-kml.html
41.53274173 -1.6953484
41.53759932 -1.61318288
41.52188968 -1.57225514
41.42696008 -1.44947194
41.24981327 -1.22054534
41.11581628 -1.04742929
40.97877038 -0.87028248
40.97820194 -0.72874074
40.97654829 -0.30731943
40.973241 0.53541983
40.97003706 1.37815908
40.96672977 2.22095002
40.96507612 2.64231965
40.96440433 2.81466055
40.97877038 2.84241079
41.13498823 2.99707836
41.34174564 3.20166535
41.61346032 3.59047883
41.76094486 3.80162873
41.88403812 3.97774201
41.91530236 4.03127879
42.02413293 4.13793895
42.22840987 4.20165599
42.35517215 4.21224966
42.7916313 4.29201223
42.85664025 4.32420665
42.89477746 4.36107779
42.93095096 4.44531037
43.01601037 4.56333934
43.12571944 4.64447134
43.33402713 4.75040803
43.53825239 4.84032502
43.58352095 4.85497529
43.82919071 4.91143179
43.88944543 4.93075878
43.98887088 4.95052501
44.02814497 4.95096426
44.36951948 4.93119802
44.63663496 4.91577261
44.91160526 4.89990795
44.94054406 4.91200023
45.13278039 5.12170319
45.43849816 5.45542959
45.63357669 5.66828482
45.93500532 5.99720531
46.16677412 6.23465851
46.4229342 6.49725231
46.6718079 6.7372635
46.97122114 7.0260314
47.15973677 7.20785493
47.45284549 7.49049917
47.73158817 7.75934581
47.9781881 7.99708324
48.12670617 8.22218578
48.27274377 8.44336091
48.42859989 8.67957388
48.61665043 8.96459524
48.79359053 9.23271841
48.93812951 9.45174897
48.93812951 9.56411937
48.93823286 9.80759288
48.93823286 9.97350007
48.93838789 10.43323945
48.93843957 10.71423005
48.93849125 10.98232738
48.93854292 11.25843456
49.06204959 11.2708369
49.38823124 11.34271882
49.64206587 11.45092927
50.11004764 11.52932241
50.46620161 11.72755321
50.52831668 11.82320629
50.63590702 11.94381908
50.7922799 11.98371328
51.19132531 11.84201651
51.25488732 11.83069937
51.23183963 11.74501984
51.21819706 11.65768667
51.13634159 11.50513784
51.08425174 11.33563915
51.1222856 11.07674022
51.14068241 10.65689505
51.1312773 10.59589102
51.10492232 10.535843
51.09386356 10.48850739
51.05076542 10.47197093
51.03185184 10.44476329
51.06316776 10.43393708
51.18822473 10.4797224
51.18553755 10.52984854
51.19297896 10.55465323
51.2957117 10.49868765
51.36909224 10.47525239
51.39017622 10.4225941
51.38459517 10.38654979
51.26811649 10.40313793
51.20879195 10.4310432
51.0358826 10.38515453
50.93004927 10.33554515
50.89842329 10.25312124
50.87372196 9.92414907
50.83279422 9.7105187
50.82493941 9.42815868
50.68510298 9.24114167
50.63797407 9.10926341
50.4298214 8.84524852
50.32119754 8.61957754
50.28574751 8.50940339
50.10281294 8.19980988
49.85207889 7.96256338
49.76123172 7.65953278
49.67121138 7.46951854
49.57002892 7.29697093
49.34854374 6.99052969
49.23495894 6.77736441
49.09264204 6.40787792
49.04933719 6.17365449
48.64905155 5.49439362
48.23398644 4.95266958
47.97529422 4.49703848
47.51144657 3.96828522
46.87882368 3.28563955
46.05117394 2.47514639
45.82627811 2.30988516
44.92018355 1.81017406
44.33272586 1.39097484
44.0326925 1.10592764
43.71756961 0.85788076
43.46766239 0.62161612
42.71204959 -0.17564788
42.63422489 -0.25073374
42.560741 -0.32147877
42.46565637 -0.45656097
42.39940718 -0.51009775
42.21895308 -0.73799082
42.10629846 -0.85612314
41.9798979 -0.97301523
41.92625777 -1.05559417
41.88832726 -1.15057545
41.8461593 -1.20338877
41.73226444 -1.4300416
41.63201216 -1.57855967
41.53274173 -1.6953484


# S. Sudan
# from http://www.rjruss.info/2010/12/free-countries-of-world-in-polygon-kml.html
33.95919885 9.845265
33.89496504 9.71762421
33.87398441 9.62677705
33.86778324 9.5503476
33.87150394 9.50613841
33.87879032 9.47774221
33.88209761 9.47120515
33.88488814 9.46639924
33.88783369 9.46350536
33.89093428 9.46221345
34.07681441 9.46151581
34.07809833 9.46151581
34.07810632 9.46151581
34.07712446 9.42097565
34.08456587 9.21850739
34.09102542 9.04125723
34.10161909 8.75186921
34.10172245 8.6763441
34.0945911 8.58224132
34.07278364 8.54526683
34.01976362 8.49209178
33.95330773 8.4434901
33.78504927 8.43111359
33.64479943 8.43258637
33.5453223 8.44341258
33.40936161 8.44772757
33.2811007 8.43726309
33.23428185 8.39638703
33.16524214 8.2510729
33.06519657 8.04049144
33.01258996 7.95150462
32.9988957 7.89951813
33.01465702 7.86856395
33.08075117 7.82370881
33.22601362 7.76066356
33.39225671 7.72371491
33.51633182 7.70777273
33.60097782 7.69040945
33.66609012 7.67097911
33.90245812 7.50954194
33.97795739 7.43458527
34.02038374 7.36797435
34.03020226 7.29697093
34.06420536 7.22573497
34.20042443 7.0845808
34.27928267 7.00282868
34.48433475 6.89839061
34.56277958 6.77984488
34.63874393 6.72214814
34.71067752 6.66031729
34.74922814 6.56786815
34.83805993 6.30013255
34.89784956 6.1598052
34.95903446 6.04505768
34.98358076 5.8583249
35.03189823 5.7748933
35.08192101 5.6731424
35.16449995 5.58121003
35.25245324 5.51103343
35.26831791 5.49230073
35.08445316 5.31187246
34.87836755 5.10958507
34.63982914 4.87546499
34.38020674 4.62067434
34.17685998 4.41911042
33.97609704 4.22020783
33.74164107 3.98526093
33.56842167 3.81170563
33.53953454 3.78710765
33.48935672 3.75506826
33.3243022 3.75434479
33.15408003 3.77470531
32.99724206 3.88020274
32.83802697 3.79847647
32.73715458 3.77268993
32.67689986 3.76318146
32.53478967 3.7499523
32.33573205 3.70618236
32.245505 3.65130199
32.19672245 3.60779043
32.1562598 3.52800202
32.13589929 3.51973379
32.0994674 3.52919058
32.04820438 3.56117829
31.94185428 3.60755789
31.88826582 3.70910208
31.83870812 3.77046784
31.79809045 3.80261058
31.62890181 3.7014798
31.54714969 3.67757945
31.47997033 3.6804475
31.35739383 3.73757579
31.2219499 3.78594493
31.15234175 3.78560904
31.04800703 3.72499258
30.92940962 3.6340679
30.86812137 3.54412507
30.83856245 3.49071747
30.81691003 3.53335053
30.79696292 3.57316722
30.75717207 3.6241977
30.69991459 3.64409313
30.64766971 3.63414541
30.58669152 3.6241977
30.55935469 3.6528006
30.55351525 3.72292552
30.53692712 3.78718517
30.50829837 3.83570934
30.42070682 3.88389761
30.19488081 3.9819278
30.02135135 4.17765229
29.93401818 4.2685253
29.87024946 4.32712637
29.77986738 4.48096711
29.67687626 4.58690379
29.55207767 4.63604808
29.46965376 4.61181184
29.38485274 4.4984079
29.22491418 4.39187694
29.15143029 4.38820791
29.05737918 4.44593049
28.93935021 4.48706493
28.72706343 4.50499665
28.63952355 4.45450878
28.52480187 4.37286001
28.42754683 4.32415497
28.36724043 4.31867727
28.31101647 4.3380301
28.24729943 4.34854625
28.192109 4.35022573
28.07862756 4.42479483
28.01981978 4.47939098
27.98070072 4.53210094
27.91662194 4.56793854
27.84163944 4.59775585
27.78810265 4.64467805
27.76143762 4.70322744
27.71926965 4.77833914
27.66418257 4.84600943
27.49101485 4.9675524
27.43923506 5.03922761
27.40331994 5.1091975
27.33247155 5.18635041
27.2567139 5.2896516
27.23252933 5.44075349
27.22906701 5.56250316
27.21335737 5.61880463
27.18121463 5.67515778
27.14390425 5.72295848
27.08344282 5.77683116
26.94231449 5.85494009
26.79643192 5.94552888
26.726307 5.99823884
26.5936536 6.01751415
26.5142786 6.06924226
26.44751265 6.18298208
26.42053755 6.27419099
26.35335819 6.34491018
26.32462609 6.39625072
26.3086064 6.45531688
26.36183312 6.63530589
26.28452518 6.69902294
26.16928674 6.7817569
26.0869145 6.87213898
26.03652998 6.95523469
25.88899377 7.06491791
25.56663618 7.22870637
25.3806527 7.33337698
25.27895348 7.4275056
25.1901217 7.51933462
25.1813367 7.55721345
25.23869754 7.64899079
25.24737918 7.72456757
25.20035363 7.80789582
25.00718713 7.96486298
24.85329471 8.13753978
24.73671268 8.19154165
24.45605798 8.23944571
24.37549442 8.25846263
24.29136519 8.2914322
24.20837284 8.36912771
24.1799508 8.46111176
24.22087853 8.6082604
24.19478194 8.65337393
24.14739465 8.66562124
24.14740279 8.6656404
24.16041711 8.69626537
24.21354048 8.76781139
24.30015018 8.81424266
24.53191898 8.88689973
24.54483809 8.91485668
24.54938561 9.00678905
24.56829919 9.05172171
24.64803592 9.17907827
24.65940474 9.22992788
24.66291874 9.33813833
24.67366743 9.389298
24.69671512 9.42567821
24.76038049 9.48893016
24.78260135 9.52732575
24.79221317 9.6103181
24.78523685 9.77464916
24.81768965 9.83960643
24.9638306 9.98884797
25.00289798 10.05527802
25.01617883 10.11522268
25.01483524 10.17586498
25.02362023 10.23580964
25.06702844 10.29379059
25.10402876 10.31182567
25.21172245 10.32991242
25.28520633 10.31849193
25.79804325 10.42050121
25.85819461 10.40649689
25.88522139 10.34608714
25.8827926 10.24960725
25.89147424 10.20271088
25.91912113 10.16935375
26.00061486 10.1234134
26.05704553 10.04680309
26.08701786 10.01845856
26.16954512 9.96590363
26.5513306 9.52582713
26.65871423 9.48415009
26.76320397 9.49921377
26.97047814 9.59062938
27.07424442 9.6138321
27.79978153 9.58789053
27.88079911 9.6015978
27.88582857 9.5996419
27.99624964 9.37879976
28.0489506 9.32860836
28.84448423 9.32609879
28.82942681 9.38883804
28.83946509 9.45910599
28.93231918 9.54945051
28.97955448 9.59419974
28.97955448 9.59401419
28.99955326 9.61016307
29.12233646 9.67465526
29.24243249 9.7180893
29.47316776 9.76860301
29.55740034 9.84828807
29.60396081 9.92138439
29.6055111 10.06507071
29.63594852 10.08863516
29.6910356 10.12194062
29.95789269 10.2502532
30.0030579 10.27740917
30.47465702 9.97895193
30.7393437 9.74268728
30.7553634 9.73121511
30.769161 9.72679678
30.78311364 9.73493582
30.79489587 9.74586538
30.81417118 9.75310008
30.82703861 9.75627818
30.94031335 9.75937877
31.15446048 9.77092845
31.22489546 9.79924714
31.65489505 10.22115937
31.76429406 10.35569896
31.79204431 10.38316498
31.85426273 10.4790506
31.91994348 10.64384675
31.93296594 10.6624761
32.40415165 11.05777497
32.42079146 11.08911673
32.42544234 11.11394725
32.35423221 11.24693655
32.33883264 11.31450349
32.33578373 11.41855398
32.34989139 11.58040457
32.34493045 11.68269807
32.3430701 11.69429942
32.33841922 11.71008657
32.33531864 11.71602936
32.0722856 12.00673513
32.73674116 12.00965485
32.73829146 12.03373607
32.73767134 12.04644847
32.73565596 12.05804983
32.72309859 12.09290559
32.71581221 12.13925934
32.71534712 12.15217845
32.7162773 12.16486502
32.72015303 12.18881704
32.72046309 12.20178783
32.71979129 12.207989
32.71860274 12.21377676
32.71891279 12.21884105
32.72185835 12.22307852
33.19929691 12.21729076
33.19309574 12.13502188
33.1350631 11.94159699
33.13609663 11.8255834
33.12250573 11.6931367
33.11909509 11.68241385
33.10607263 11.65386262
33.09465213 11.63750703
33.08152632 11.62171988
33.07780562 11.61577709
33.07330977 11.60608775
33.07299971 11.59148916
33.17216678 10.8501649
33.16844608 10.83145803
33.16472538 10.81921072
33.13831872 10.77296031
33.13149743 10.7577416
33.13010217 10.74595938
33.14079919 10.73789785
33.36068241 10.65782522
33.37137943 10.65270926
33.37990604 10.64617219
33.45907433 10.55082917
33.89217451 10.19896434
33.90705733 10.18144603
33.95186079 10.07096182
33.95687341 10.05419282
33.9584237 10.02773448
33.95733849 10.0071931
33.94617639 9.94091808
33.94989709 9.91112661
33.95733849 9.89143789
33.96333296 9.86870026
33.96333296 9.86177562
33.96245446 9.85580699
33.95919885 9.845265


# Uganda
# from http://www.rjruss.info/2010/12/free-countries-of-world-in-polygon-kml.html
33.90323327 -1.00205739
33.79404097 -1.00205739
33.61627404 -1.00205739
33.43850711 -1.00205739
33.26074019 -1.00205739
33.08297326 -1.00205739
32.90520633 -1.00205739
32.72743941 -1.00205739
32.54967248 -1.00205739
32.37190555 -1.00205739
32.19413862 -1.00205739
32.0163717 -1.00205739
31.83860477 -1.00205739
31.66083784 -1.00205739
31.48307092 -1.00205739
31.30530399 -1.00205739
31.12753706 -1.00205739
30.94971846 -1.00205739
30.84476362 -1.00205739
30.82367964 -0.99900848
30.80921024 -0.99492604
30.74203088 -1.00753509
30.67278446 -1.0513567
30.59873213 -1.06970184
30.51987389 -1.06251881
30.50995202 -1.06727304
30.46990278 -1.06603281
30.41233524 -1.06303558
30.3602454 -1.0746111
30.32050622 -1.11305836
30.27983687 -1.17879079
30.2069731 -1.25423838
30.14997399 -1.32110768
30.10155318 -1.36865
29.99050052 -1.44693979
29.93009077 -1.4699358
29.90001509 -1.46631845
29.88161828 -1.45179738
29.84684004 -1.35170013
29.825446 -1.33557708
29.60964522 -1.38709848
29.57693403 -1.38787363
29.57998294 -1.35676442
29.56401493 -1.12142995
29.56194787 -0.97735605
29.59005985 -0.887129
29.6063896 -0.78310434
29.60824995 -0.69127532
29.6478341 -0.5352125
29.63315799 -0.44167816
29.68431766 -0.11358449
29.69780521 -0.06020273
29.71770064 0.09834056
29.74968835 0.14722647
29.777852 0.16634675
29.81464562 0.26360179
29.88544234 0.41894115
29.93448327 0.49903962
29.92378625 0.67391267
29.93169274 0.79287181
29.94290653 0.81922679
30.0473446 0.8635135
30.18289188 0.97348094
30.24014937 1.10277538
30.32107466 1.18530264
30.47786096 1.23883942
30.47817101 1.23904613
30.94253543 1.68279165
31.1588013 1.92200186
31.25269738 2.04457836
31.25610803 2.08850332
31.27398807 2.14627757
31.23636763 2.19133942
31.19135746 2.23226716
31.17631961 2.27006847
31.13756229 2.28887869
31.08216515 2.28810354
31.04537153 2.31554373
31.00361698 2.36936473
30.96196577 2.40329031
30.83008752 2.40042227
30.72859501 2.45538015
30.72993859 2.5302593
30.76952274 2.67797639
30.84662398 2.84701
30.85075809 2.89367381
30.83995772 2.93351634
30.82140588 2.96757111
30.78647261 3.00134166
30.75396813 3.04180431
30.77923791 3.16337311
30.82781376 3.28259064
30.86760461 3.34214773
30.90646528 3.40893952
30.89530318 3.46366486
30.83856245 3.49071747
30.86812137 3.54412507
30.92940962 3.6340679
31.04800703 3.72499258
31.15234175 3.78560904
31.2219499 3.78594493
31.35739383 3.73757579
31.47997033 3.6804475
31.54714969 3.67757945
31.62890181 3.7014798
31.79809045 3.80261058
31.83870812 3.77046784
31.88826582 3.70910208
31.94185428 3.60755789
32.04820438 3.56117829
32.0994674 3.52919058
32.13589929 3.51973379
32.1562598 3.52800202
32.19672245 3.60779043
32.245505 3.65130199
32.33573205 3.70618236
32.53478967 3.7499523
32.67689986 3.76318146
32.73715458 3.77268993
32.83802697 3.79847647
32.99724206 3.88020274
33.15408003 3.77470531
33.3243022 3.75434479
33.48935672 3.75506826
33.53953454 3.78710765
33.56842167 3.81170563
33.74164107 3.98526093
33.97609704 4.22020783
34.13200484 3.88916861
34.18574833 3.86976411
34.17820357 3.84087698
34.16507775 3.81299754
34.26708703 3.73315746
34.39286747 3.69150625
34.43767093 3.65057852
34.44185672 3.60624014
34.39943037 3.4127119
34.40723351 3.35752147
34.44785119 3.16347647
34.52257531 3.11999075
34.58913456 2.92475719
34.72328657 2.84194571
34.74245853 2.81812287
34.77341271 2.72342581
34.81449548 2.61981456
34.84663822 2.59573334
34.86622359 2.5896872
34.90575606 2.47969392
34.88301843 2.41794058
34.91397261 2.2302001
34.96404707 2.06240672
34.97753462 1.86190217
34.97820641 1.77363882
34.97644942 1.71963695
34.96523563 1.64336253
34.94125777 1.5992567
34.89836633 1.55649445
34.85092736 1.48900503
34.80953454 1.41668386
34.78354129 1.38113048
34.80379846 1.27284252
34.79863081 1.24452383
34.78757206 1.23072622
34.72669722 1.21424144
34.64913089 1.18530264
34.60200199 1.15646719
34.53523604 1.10153514
34.48175093 1.04215892
34.41085086 0.86728587
34.29261519 0.73127351
34.27256473 0.68641836
34.16099531 0.60518301
34.11174767 0.50513744
34.08053511 0.38245759
34.03723026 0.29455598
33.94312748 0.17378815
33.92152673 -0.01700123
33.92436893 -0.39785654
33.89997765 -0.83162851
33.90323327 -1.00205739


# Tanzania
# from http://www.rjruss.info/2010/12/free-countries-of-world-in-polygon-kml.html
39.71130252 -7.97744557
39.65724898 -7.99057138
39.63616499 -7.97780731
39.60288537 -7.93610442
39.66065962 -7.90055104
39.71657352 -7.83151133
39.84659142 -7.73022552
39.8909298 -7.66345957
39.9071562 -7.64919687
39.89775109 -7.72815846
39.82447391 -7.90065439
39.76184208 -7.91191985
39.71130252 -7.97744557

39.49653527 -6.1745582
39.57301639 -6.38736175
39.56319787 -6.42725595
39.50914432 -6.45169891
39.48092899 -6.45371429
39.44733931 -6.4197112
39.4236715 -6.34782928
39.38264042 -6.36493418
39.31267053 -6.27909962
39.24342411 -6.27501719
39.18234256 -6.1725945
39.20621708 -6.08319427
39.19236779 -5.93105885
39.26698856 -5.85313079
39.30894982 -5.72197601
39.35721561 -5.81147959
39.36827437 -5.95121266
39.43328332 -6.11544036
39.48785363 -6.1662383
39.49653527 -6.1745582

39.86498823 -4.90616017
39.8709827 -4.95654469
39.85568648 -5.00403533
39.85899377 -5.15513722
39.8529993 -5.25544118
39.79584517 -5.39445078
39.74933638 -5.44385345
39.70758182 -5.42953908
39.67347538 -5.40659474
39.64681034 -5.36850921
39.70107059 -5.11369272
39.67347538 -4.92708913
39.78075565 -4.94491749
39.86498823 -4.90616017

30.82367964 -0.99900848
30.84476362 -1.00205739
30.94971846 -1.00205739
31.12753706 -1.00205739
31.30530399 -1.00205739
31.48307092 -1.00205739
31.66083784 -1.00205739
31.83860477 -1.00205739
32.0163717 -1.00205739
32.19413862 -1.00205739
32.37190555 -1.00205739
32.54967248 -1.00205739
32.72743941 -1.00205739
32.90520633 -1.00205739
33.08297326 -1.00205739
33.26074019 -1.00205739
33.43850711 -1.00205739
33.61627404 -1.00205739
33.79404097 -1.00205739
33.90323327 -1.00205739
33.97940433 -1.00205739
34.05154463 -1.03988454
34.13159142 -1.08458465
34.34475671 -1.20359547
34.55792199 -1.32255462
34.77108727 -1.44156544
34.98425256 -1.56057627
35.19741784 -1.67958709
35.41058312 -1.79859791
35.62369673 -1.91760874
35.83686201 -2.03661956
36.0500273 -2.15563038
36.2631409 -2.27464121
36.47630619 -2.39360036
36.68947147 -2.51261118
36.90263675 -2.631622
37.11580204 -2.75058115
37.32896732 -2.86959197
37.5421326 -2.9886028
37.6438835 -3.04544687
37.65917972 -3.07004485
37.67685306 -3.17846201
37.68796349 -3.24615814
37.68186568 -3.30574106
37.62533166 -3.40723358
37.60869185 -3.46025359
37.60817508 -3.49704721
37.62202437 -3.51151662
37.67013513 -3.51678761
37.71101118 -3.54081715
37.72615238 -3.5597824
37.7574683 -3.63610849
37.79720747 -3.67445241
37.88727949 -3.73925465
38.04081017 -3.84979054
38.19428918 -3.96032643
38.34781986 -4.07086232
38.50135054 -4.18139821
38.65488122 -4.2919341
38.8084119 -4.40246998
38.9618909 -4.5129542
39.11542158 -4.62349009
39.1901457 -4.67728525
39.22177168 -4.69237477
39.20187626 -4.77645233
39.12322473 -4.98047088
39.11878055 -5.06542693
39.0879814 -5.16547251
39.05831913 -5.23156666
38.97822066 -5.51857757
38.91104129 -5.6259612
38.81926395 -5.87762542
38.8046912 -6.07006845
38.8553341 -6.20484059
38.87404097 -6.33124114
38.98142459 -6.45505788
39.06741418 -6.4992929
39.12549849 -6.55593027
39.22843794 -6.6852247
39.28734907 -6.81493255
39.4723507 -6.87859791
39.54604129 -7.02401539
39.5192729 -7.12416432
39.43338667 -7.20705332
39.35318485 -7.34141204
39.28848596 -7.51783538
39.28703902 -7.78768971
39.33044722 -7.74665862
39.42842573 -7.81280446
39.44103478 -8.01155202
39.34005903 -8.24285573
39.30894982 -8.35096282
39.30398889 -8.44387705
39.37736942 -8.72075937
39.4883704 -8.86178436
39.48010217 -8.90596771
39.45126672 -8.94296803
39.64133264 -9.19246185
39.62551965 -9.40950286
39.69672977 -9.57838144
39.72794234 -9.72483245
39.77486454 -9.83707366
39.78375288 -9.91458831
39.72515181 -10.00047454
39.863748 -10.02197194
39.94519006 -10.09225189
39.98353397 -10.1595346
40.0836829 -10.15664072
40.1378398 -10.20263274
40.21597456 -10.2406666
40.38878055 -10.35347625
40.4355994 -10.41021697
40.45249759 -10.44292816
40.46355635 -10.4643222
40.34743941 -10.55155202
40.16626183 -10.68746103
39.98870161 -10.8208379
39.81708418 -10.91235687
39.69440433 -10.95478322
39.56345625 -10.97855438
39.43917443 -11.03451995
39.32155887 -11.12257659
39.17097375 -11.1668633
38.98752241 -11.16727671
38.79476932 -11.22892669
38.60335982 -11.34535369
38.49173872 -11.4133082
38.31510868 -11.31109222
38.17656416 -11.27869109
38.0172974 -11.28210174
37.92019738 -11.29476247
37.88536747 -11.31667327
37.8550334 -11.3790984
37.82929854 -11.4819345
37.72486047 -11.58063649
37.54171919 -11.67510101
37.37289229 -11.71044769
37.21837975 -11.6865215
37.11383833 -11.64714406
37.05916467 -11.59221201
36.97885949 -11.56694223
36.8727161 -11.57128305
36.77106856 -11.61040211
36.67381351 -11.68429941
36.51868086 -11.71623545
36.30567061 -11.70631357
36.19131066 -11.67065683
36.17549767 -11.60926523
36.08217004 -11.53733164
35.91132775 -11.45464935
35.78544396 -11.45294402
35.70472538 -11.532164
35.63098311 -11.58198008
35.56432051 -11.60234059
35.50442752 -11.60482106
35.45140751 -11.58952483
35.41823124 -11.58316863
35.18263838 -11.57484873
34.95949955 -11.57810434
34.95262658 -11.54373952
34.9370203 -11.46343434
34.89061486 -11.3935678
34.8506173 -11.3519166
34.80090458 -11.34090952
34.77377445 -11.34168467
34.7521737 -11.30943857
34.72643884 -11.23817677
34.68845666 -11.17745696
34.63812381 -11.12712412
34.6078931 -11.08051198
34.59766117 -11.03751719
34.60567101 -10.99028493
34.65233483 -10.87287607
34.66711429 -10.79246754
34.6618433 -10.71004363
34.63652184 -10.62560434
34.5835535 -10.52509368
34.58954797 -10.49615488
34.57161625 -10.42763193
34.56975589 -10.3796762
34.57998783 -10.31983489
34.56991092 -10.24108001
34.52422896 -10.07313161
34.52422896 -10.03013681
34.47596317 -9.94879811
34.32780684 -9.75656178
34.3208822 -9.73155039
34.08859663 -9.53776377
33.99557905 -9.49544077
33.96209273 -9.53171762
33.94958703 -9.56535898
33.95935388 -9.6273707
33.95366947 -9.65816985
33.94390262 -9.67217417
33.88881555 -9.67010711
33.85419234 -9.66297576
33.76623905 -9.61088592
33.69766442 -9.59812184
33.52749393 -9.60747527
33.46775598 -9.61972259
33.42093713 -9.60804372
33.33091678 -9.51916025
33.22529015 -9.50045338
33.13051558 -9.49590586
32.97403934 -9.39498178
32.9372974 -9.39968434
32.91988244 -9.40738413
32.86324507 -9.38087412
32.75658491 -9.32222137
32.60837691 -9.27054494
32.487144 -9.21271901
32.4331938 -9.1563917
32.31929894 -9.1348943
32.22085534 -9.12559254
32.12974979 -9.07334767
32.03533695 -9.06740488
31.94262943 -9.05396901
31.9218555 -9.01944915
31.91865156 -8.94219288
31.88609541 -8.9219874
31.81803755 -8.902247
31.74470869 -8.90322886
31.70000858 -8.91433929
31.6736536 -8.90875823
31.61277876 -8.8632313
31.55624474 -8.80550872
31.5348507 -8.71326629
31.44922285 -8.65389007
31.35062422 -8.60707122
31.07632572 -8.61187713
31.0333826 -8.59766611
30.96837365 -8.55095062
30.89194421 -8.47374603
30.83070764 -8.38558603
30.77670576 -8.26585174
30.75112593 -8.19360809
30.72084354 -8.10441456
30.65381921 -7.97093434
30.5588896 -7.78190195
30.48561242 -7.62718271
30.40675418 -7.46062957
30.37450809 -7.33862151
30.31321984 -7.20369435
30.21270918 -7.03791636
30.1618079 -6.97306243
30.10630741 -6.91508148
29.9618201 -6.80315032
29.79810917 -6.69189096
29.70963911 -6.61690846
29.59062829 -6.39438974
29.54076053 -6.31382619
29.506189 -6.17207773
29.4800924 -6.02500661
29.49078942 -5.96542368
29.59636437 -5.7759262
29.60700972 -5.72269948
29.59419396 -5.65076588
29.5423625 -5.49976735
29.50365685 -5.40096201
29.47647505 -5.31662607
29.42009606 -5.17616953
29.34273644 -4.98310638
29.32340946 -4.89887379
29.32568322 -4.83562184
29.36754113 -4.66881032
29.40417972 -4.49667612
29.40319787 -4.44928883
29.71780399 -4.45585174
29.76948042 -4.41807627
29.94729903 -4.307282
30.14713179 -4.0853834
30.18712935 -3.99288258
30.2685714 -3.85051401
30.34846317 -3.77982065
30.37915897 -3.73077972
30.40003625 -3.65388519
30.42504764 -3.58887623
30.52989912 -3.49244801
30.6319084 -3.41865407
30.62462202 -3.38868174
30.61097945 -3.36635752
30.62606896 -3.34734059
30.68177616 -3.30941009
30.79024499 -3.27458017
30.81143233 -3.20057952
30.81112227 -3.11639861
30.79360396 -3.06932138
30.79691125 -3.01516448
30.78027144 -2.98488209
30.70947473 -2.97723398
30.60426151 -2.93527272
30.51506799 -2.9175477
30.45553674 -2.8932081
30.4334709 -2.87450123
30.42401411 -2.82406504
30.44127404 -2.76908131
30.45047245 -2.75326832
30.47336511 -2.69430552
30.4343494 -2.65885548
30.42422082 -2.64159555
30.44199751 -2.6134319
30.53372318 -2.42625986
30.55361861 -2.40011159
30.59340946 -2.39680429
30.65660973 -2.37380828
30.71484907 -2.36352467
30.76244307 -2.37168955
30.79763472 -2.36269785
30.82874393 -2.33851328
30.85499556 -2.26539113
30.87659631 -2.14338307
30.86460737 -2.04406097
30.81913211 -1.96747649
30.80672977 -1.85068776
30.8275037 -1.69369476
30.81262088 -1.56305674
30.76218469 -1.45872202
30.71071496 -1.39681365
30.63196008 -1.36746144
30.50809167 -1.20824635
30.47021284 -1.13114511
30.47703413 -1.08298268
30.50995202 -1.06727304
30.51987389 -1.06251881
30.59873213 -1.06970184
30.67278446 -1.0513567
30.74203088 -1.00753509
30.80921024 -0.99492604
30.82367964 -0.99900848


# Somaliland
# from http://www.rjruss.info/2010/12/free-countries-of-world-in-polygon-kml.html
48.93854292 11.25843456
48.93849125 10.98232738
48.93843957 10.71423005
48.93838789 10.43323945
48.93823286 9.97350007
48.93823286 9.80759288
48.93812951 9.56411937
48.93812951 9.45174897
48.79359053 9.23271841
48.61665043 8.96459524
48.42859989 8.67957388
48.27274377 8.44336091
48.12670617 8.22218578
47.9781881 7.99708324
47.63774377 7.99708324
47.30567101 7.99708324
46.97824914 7.99708324
46.91954471 8.02612539
46.64467777 8.11818696
46.29601688 8.23497569
45.86333011 8.37987641
45.55549361 8.48299673
45.22693485 8.59079377
44.89357018 8.70021861
44.63203576 8.78610484
44.30621585 8.89304922
44.02287398 8.98604096
43.98380659 9.00883027
43.82681359 9.15078543
43.62052127 9.33741486
43.58104048 9.34072215
43.4825452 9.37947948
43.39433353 9.48024852
43.30312463 9.60907787
43.21842695 9.77017914
43.18168501 9.87996573
43.06892704 9.92624197
43.01471846 10.01261913
42.9124508 10.14080252
42.84165409 10.20307262
42.81643599 10.25738455
42.78367313 10.36962576
42.72517541 10.49173717
42.66926151 10.56757233
42.65644575 10.60002513
42.65954634 10.6213675
42.76310591 10.78693879
42.80971805 10.84600495
42.86294478 10.90321076
42.90614627 10.96026154
42.92273441 10.99930309
43.04866987 11.19432994
43.15941247 11.36571483
43.24597049 11.49981517
43.44120405 11.34643952
43.63116662 11.03545075
43.85275516 10.78430329
44.15816288 10.55077749
44.27929243 10.47186758
44.38646935 10.43021638
44.94292118 10.43672761
45.33772912 10.64973786
45.69595015 10.80388866
45.81666629 10.83587637
46.0245089 10.7937084
46.25395226 10.78109935
46.46024458 10.73417715
46.56504439 10.74601105
46.97339155 10.92537995
47.23012007 11.09989126
47.40499312 11.17404694
47.47382612 11.17482209
47.71246789 11.11203522
48.01921919 11.13937206
48.43883182 11.29011221
48.57257043 11.32049795
48.674373 11.32266836
48.90309289 11.25486888
48.93854292 11.25843456


