30.55361861 -2.40011159
30.53372318 -2.42625986
30.44199751 -2.6134319
30.42422082 -2.64159555
30.4343494 -2.65885548
30.47336511 -2.69430552
30.45047245 -2.75326832
30.44127404 -2.76908131
30.42401411 -2.82406504
30.4334709 -2.87450123
30.45553674 -2.8932081
30.51506799 -2.9175477
30.60426151 -2.93527272
30.70947473 -2.97723398
30.78027144 -2.98488209
30.79691125 -3.01516448
30.79360396 -3.06932138
30.81112227 -3.11639861
30.81143233 -3.20057952
30.79024499 -3.27458017
30.68177616 -3.30941009
30.62606896 -3.34734059
30.61097945 -3.36635752
30.62462202 -3.38868174
30.6319084 -3.41865407
30.52989912 -3.49244801
30.42504764 -3.58887623
30.40003625 -3.65388519
30.37915897 -3.73077972
30.34846317 -3.77982065
30.2685714 -3.85051401
30.18712935 -3.99288258
30.14713179 -4.0853834
29.94729903 -4.307282
29.76948042 -4.41807627
29.71780399 -4.45585174
29.40319787 -4.44928883
29.37916833 -4.29973724
29.33136763 -4.09540862
29.22326053 -3.91087208
29.21184004 -3.83382252
29.2167493 -3.68494272
29.21716271 -3.47570485
29.21008304 -3.36330861
29.21230513 -3.28129811
29.22605106 -3.13872283
29.22439741 -3.0535084
29.15318729 -2.9552715
29.06471724 -2.85078175
29.01660648 -2.79962208
29.01412601 -2.75828094
29.01438439 -2.72019541
29.02864709 -2.66459157
29.06316695 -2.60252817
29.10202762 -2.59565521
29.19757735 -2.62030486
29.29705448 -2.67301483
29.34976444 -2.79150888
29.39022709 -2.80856211
29.46371097 -2.8083554
29.65139977 -2.7928008
29.69806359 -2.79471282
29.78338138 -2.76639414
29.86818241 -2.71637135
29.89257368 -2.66464324
29.91241743 -2.54862965
29.93019413 -2.33954681
29.9734473 -2.33706634
30.09188968 -2.41153208
30.11731449 -2.41659637
30.1422742 -2.41396087
30.18330529 -2.37701222
30.23384484 -2.34709157
30.2710002 -2.34786671
30.40851118 -2.31298512
30.48220178 -2.37603037
30.52886559 -2.39556406
30.55361861 -2.40011159
NaN  NaN
15.48006839 7.52377879
15.37914432 7.35815583
15.24592248 7.26358796
15.20670007 7.2061496
15.18587446 7.13491364
15.15714237 7.06354849
15.08634566 6.90991446
15.03456587 6.78441824
14.98273441 6.74529918
14.86191491 6.55572419
14.7803695 6.36570995
14.76409142 6.31635895
14.73928674 6.27979788
14.69949588 6.2502648
14.55940108 6.19119864
14.51206546 6.1618981
14.47501346 6.1268098
14.44070031 6.08670889
14.43114017 6.03870148
14.46390303 5.9706953
14.50312544 5.91690013
14.54250288 5.91359284
14.57728112 5.91602163
14.59883019 5.88400808
14.61691695 5.86512035
14.61691695 5.49550467
14.58363732 5.43966828
14.58436079 5.41476024
14.56803104 5.35109488
14.56301843 5.27993643
14.57350874 5.2517211
14.60172407 5.2288026
14.64063643 5.17906403
14.66166874 5.06553091
14.70900435 4.66555532
14.73122521 4.60240672
14.77039595 4.55812002
14.89354089 4.47187206
15.02278364 4.35854564
15.06360803 4.28485505
15.08748254 4.16398387
15.13693688 4.06913178
15.13585168 4.03691153
15.11543949 4.02448334
15.06732873 4.02293305
15.03487593 4.01634431
15.06205773 3.94720124
15.12872033 3.82689851
15.23982466 3.7021516
15.36012739 3.56712108
15.45836429 3.45684357
15.58088911 3.32930614
15.67654219 3.22967398
15.77498579 3.12719961
15.8492965 3.10306672
15.90484867 3.09583202
15.92872318 3.07578156
15.95797204 3.02870433
16.00814986 2.97664033
16.06349531 2.9086083
16.08246056 2.8391035
16.05930952 2.77300934
16.08215051 2.67818309
16.08349409 2.67001822
16.1018909 2.63268199
16.09548303 2.59919566
16.10674849 2.47346691
16.1361007 2.36375784
16.18343631 2.27006847
16.18260949 2.26244619
16.17661502 2.2047753
16.11574019 2.16782665
16.08003177 2.10679678
16.06959313 2.0216857
16.08793827 1.91807445
16.13496382 1.79596304
16.1361007 1.72421031
16.11956424 1.71410757
16.09031538 1.69126659
16.05941288 1.67622875
15.97518029 1.76002208
15.88164595 1.81658194
15.74160282 1.9149997
15.60031945 1.95037222
15.41748823 1.95675426
15.33878503 1.94471365
15.28245772 1.98171398
15.20349613 2.02445038
15.16003625 2.03558666
15.09957482 2.00235871
15.05782027 2.00086009
15.00640222 2.01375336
14.90242923 2.01228059
14.89281742 2.06933137
14.87504072 2.0804418
14.76290287 2.0751708
14.72833133 2.12240306
14.71324181 2.11713207
14.66911014 2.13206656
14.57893477 2.19914256
14.48410851 2.15472667
14.2870146 2.16033356
14.03436852 2.15891246
13.77273075 2.15741385
13.53346887 2.15950674
13.29358687 2.1615738
13.26991906 2.22420563
13.22030969 2.25645173
13.13080611 2.25942312
12.86751468 2.24678823
12.66571821 2.25678762
12.60132938 2.26503002
12.52975752 2.28135977
12.36129235 2.2959842
12.15339806 2.284357
12.10611413 2.28750926
11.93976769 2.28515799
11.55901574 2.30218537
11.3483826 2.2997049
11.35334354 2.26141267
11.33995934 2.23381745
11.32874556 2.16741323
11.09661502 2.16749075
10.79094893 2.16756826
10.50228438 2.16764578
10.30705082 2.16772329
9.97988732 2.16777497
9.8700749 2.21330191
9.83695031 2.24239574
9.83033573 2.27546865
9.82620161 2.29779287
9.80077681 2.3044333
9.82175744 2.53927684
9.86754276 2.73497549
9.8854228 2.91656647
9.94846805 3.07903718
9.91508508 3.23964753
9.87612105 3.30977245
9.67210249 3.53761384
9.76574019 3.62381013
9.64233687 3.61176952
9.61587853 3.69646719
9.55614058 3.79806306
9.59272749 3.81431529
9.62817752 3.86999665
9.73969527 3.85294343
9.73607792 3.88012523
9.63995975 3.96531383
9.64926151 4.00833446
9.68884566 4.05639354
9.66951867 4.0766507
9.6003756 4.0268863
9.55055952 4.02843659
9.5118022 4.06063101
9.48369022 4.06613455
9.50074344 4.00073802
9.46198612 3.94252452
9.42529585 3.9222932
9.36235396 3.92572968
9.31098758 3.94037995
9.297345 3.9729361
9.24907922 3.99784414
9.11389367 4.04107148
9.00010217 4.09158519
8.97705448 4.23043976
8.93199263 4.2902294
8.91359582 4.35782217
8.90284712 4.43513011
8.9182467 4.5537792
8.88941125 4.57274445
8.85644168 4.57925568
8.80714237 4.57341625
8.76187381 4.58003083
8.70792362 4.64571157
8.6603813 4.67098135
8.68963016 4.55023937
8.65624719 4.51636546
8.57439172 4.52620983
8.5395618 4.57186595
8.53284387 4.60586905
8.57046431 4.75211335
8.55589155 4.75521393
8.58514042 4.83283194
8.64053755 4.9269864
8.71557173 5.04687572
8.8009412 5.197435
8.85912886 5.4637495
8.89881636 5.62968252
8.93504154 5.78099112
8.99715661 5.91772696
9.06015018 6.00906505
9.23874393 6.18610851
9.37336104 6.31964041
9.44214237 6.3733839
9.49020145 6.41862661
9.57402062 6.4704064
9.65990685 6.53197887
9.72563928 6.649982
9.77984785 6.76018199
9.82072391 6.78392731
9.8742607 6.8032543
10.03890181 6.92141246
10.14359826 6.9964208
10.16773115 6.9591621
10.18555952 6.91280834
10.20550663 6.89159516
10.29309818 6.87673819
10.41314253 6.87772004
10.48233727 6.89125926
10.51907922 6.93045584
10.5563896 7.03745189
10.5780937 7.05770905
10.60620568 7.0630834
10.73756717 6.9883076
10.84650109 6.88180248
10.95419478 6.77653758
11.00866174 6.73912385
11.03253625 6.69788605
11.07966515 6.50552053
11.10648522 6.45771983
11.15335575 6.43792776
11.23727827 6.45053681
11.32461144 6.48466909
11.40176436 6.53391673
11.47757368 6.59740123
11.52914676 6.65504629
11.55167769 6.69726594
11.56299483 6.85462067
11.58004805 6.88885631
11.65751102 6.95156566
11.78701216 7.05621044
11.86142622 7.11641348
11.85475996 7.13796255
11.80861291 7.20193797
11.76737512 7.27224376
11.80918135 7.34505585
11.85243452 7.40073721
12.01604211 7.58974376
12.01661055 7.65198802
12.02518884 7.72777151
12.15598189 7.94248709
12.23111942 8.22737926
12.23339318 8.28233714
12.31132124 8.41974478
12.403512 8.595548
12.58272586 8.62412507
12.65155887 8.66776581
12.73114058 8.7456422
12.78224857 8.81786001
12.80653649 8.88661551
12.82446821 9.01944977
12.85599084 9.17073253
12.87567956 9.30354096
12.92947472 9.42624665
13.01939172 9.48831004
13.17545454 9.53962474
13.19876061 9.56375764
13.22118819 9.64514802
13.23880985 9.8140266
13.24371911 9.91593252
13.24976525 9.9600642
13.26986738 10.03618358
13.41450972 10.17144664
13.47848514 10.3832425
13.53532922 10.60506358
13.69986698 10.87313508
13.89210331 11.14009553
13.98140018 11.21184825
14.05674442 11.24499868
14.14325077 11.24853852
14.20236861 11.26814973
14.40948775 11.4011907
14.49609745 11.44612336
14.55976281 11.49227041
14.57542077 11.532423
14.58167362 11.5911791
14.56182987 11.72871593
14.59738325 11.82982087
14.61820886 11.98660716
14.62714888 12.10869274
14.61970747 12.1509899
14.58704797 12.20943594
14.58095015 12.22204499
14.51893843 12.29826773
14.41537886 12.34413056
14.27285526 12.35650707
14.19745934 12.38379222
14.18490197 12.4471992
14.17761559 12.48409618
14.17032922 12.5240679
14.16009728 12.61277049
14.06392744 13.07850434
14.24484663 13.07736746
14.46168094 13.02178946
14.51625125 12.97975068
14.54477665 12.82022553
14.62327315 12.72992097
14.76124922 12.65561026
14.84708377 12.50207958
14.88067346 12.2693806
14.95674116 12.13034516
14.97384606 12.10835684
15.05988732 11.90712881
15.08128137 11.84550467
15.08768924 11.72434927
15.07802575 11.64259715
15.12200239 11.54125967
15.05544315 11.36855703
15.03575443 11.26251699
15.02991499 11.11366303
15.06867232 10.85106924
15.13223433 10.64849763
15.20096398 10.48452831
15.27604984 10.35737844
15.39991825 10.21689606
15.53189986 10.08848013
15.65483809 10.00781322
15.54089155 9.96032258
15.32002648 9.95427643
15.19316084 9.98150991
15.13275109 9.9828535
15.0715662 9.96595531
14.83581831 9.94171906
14.59795169 9.95308788
14.37724165 9.98504975
14.24329634 9.97975292
14.13978845 9.90179902
14.05596927 9.78436433
13.97726607 9.69155345
14.00496463 9.58871735
14.06418583 9.53171825
14.17792565 9.40648041
14.28008996 9.28506664
14.33228316 9.20352123
14.536095 9.02523754
14.73277551 8.86566071
14.77127445 8.8391507
14.82630985 8.81031525
14.86077803 8.79863638
14.96800663 8.70727245
15.11621463 8.55730744
15.25238203 8.32238638
15.34906864 8.08384797
15.44301639 7.85187246
15.48446089 7.8127534
15.5497799 7.78789704
15.55784142 7.73802928
15.55267378 7.66449372
15.5324683 7.60441987
15.48006839 7.52377879
NaN  NaN
22.86008304 10.9196697
22.93072473 10.79533621
22.96436608 10.75179881
23.25587284 10.45778575
23.31235518 10.38794505
23.45663578 10.17426301
23.54505415 10.03008576
23.64628828 9.82291494
23.65621016 9.71036367
23.64277429 9.61390961
23.62267215 9.3406188
23.59611047 9.26191559
23.46826297 9.11476695
23.46278527 9.04846609
23.48908858 8.99332734
23.52800093 8.97058971
23.55187544 8.9432012
23.53730269 8.81579295
23.58319136 8.76582184
23.67930952 8.73249055
23.92193037 8.70970124
24.0481759 8.69133027
24.14740279 8.6656404
24.19478194 8.65337393
24.22087853 8.6082604
24.1799508 8.46111176
24.20837284 8.36912771
24.29136519 8.2914322
24.37549442 8.25846263
24.45605798 8.23944571
24.73671268 8.19154165
24.85329471 8.13753978
25.00718713 7.96486298
25.20035363 7.80789582
25.24737918 7.72456757
25.23869754 7.64899079
25.1813367 7.55721345
25.1901217 7.51933462
25.27895348 7.4275056
25.3806527 7.33337698
25.56663618 7.22870637
25.88899377 7.06491791
26.03652998 6.95523469
26.0869145 6.87213898
26.16928674 6.7817569
26.28452518 6.69902294
26.36183312 6.63530589
26.3086064 6.45531688
26.32462609 6.39625072
26.35335819 6.34491018
26.42053755 6.27419099
26.44751265 6.18298208
26.5142786 6.06924226
26.5936536 6.01751415
26.726307 5.99823884
26.79643192 5.94552888
26.94231449 5.85494009
27.08344282 5.77683116
27.14390425 5.72295848
27.18121463 5.67515778
27.21335737 5.61880463
27.22906701 5.56250316
27.23252933 5.44075349
27.2567139 5.2896516
27.33247155 5.18635041
27.40331994 5.1091975
27.11496545 5.19784842
27.07181563 5.19973461
27.02060428 5.1843867
26.87007084 5.07565949
26.82206343 5.06237865
26.76754479 5.07193879
26.63256595 5.08521963
26.1735242 5.17115754
25.81995405 5.25371064
25.71391402 5.28370881
25.52508833 5.31213085
25.40013472 5.25590689
25.28313928 5.06268871
25.24934289 5.0245515
25.06521976 4.9674232
24.97840335 4.98295197
24.76549645 4.93008698
24.43709273 5.00997875
24.31978723 4.99416576
24.22769982 4.95385814
23.99169356 4.86626659
23.84844649 4.81634715
23.68178999 4.77082022
23.52360843 4.70128958
23.41715498 4.66312653
23.31292362 4.66353994
23.21882084 4.70296906
23.11588138 4.73692048
22.99289147 4.74387096
22.86457889 4.72387218
22.75574833 4.64669343
22.71166833 4.59176138
22.61720381 4.44556875
22.50563439 4.2076763
22.46181278 4.15974641
22.44966882 4.15512136
22.42212528 4.13494172
21.90815148 4.25390087
21.68697635 4.28139273
21.53763146 4.24480581
21.35020104 4.31136506
21.26839725 4.32309561
21.22974328 4.30221833
21.12556359 4.33219066
20.95575484 4.41311595
20.79297407 4.44729991
20.64745324 4.43562104
20.55810469 4.46269949
20.48648115 4.54153189
20.39351525 4.68617422
20.22634199 4.829628
20.00237634 4.94471141
19.86248823 5.03129527
19.80657433 5.08932791
19.68606489 5.12139313
19.50095991 5.12749095
19.32339969 5.07075023
19.06853153 4.89140717
18.83175012 4.52344514
18.69992354 4.38260102
18.59419356 4.34622081
18.56747684 4.25756989
18.61987674 4.11662242
18.63372603 3.95428091
18.5967257 3.6786905
18.6103166 3.47844432
18.55383426 3.51019949
18.49978071 3.60409557
18.47445926 3.6229833
18.31818973 3.5807895
18.23705773 3.54267813
18.19395959 3.50541942
18.16099002 3.49978669
18.1112773 3.55107555
18.07226159 3.56029979
18.01071496 3.550843
17.94797977 3.55174734
17.90715539 3.55838776
17.88033532 3.55384024
17.80659305 3.5841743
17.53772057 3.66163727
17.49157352 3.68729462
17.43798506 3.68463329
17.29845869 3.6171697
17.22471642 3.59841116
17.00250777 3.55668244
16.76433109 3.53627025
16.67338057 3.53518504
16.61069706 3.50536774
16.57038944 3.46307058
16.54310428 3.3695104
16.49628543 3.20882254
16.47680342 3.16515595
16.48005903 3.10099966
16.46620975 2.99322846
16.45959517 2.89651602
16.46858687 2.83171377
16.40125248 2.70102407
16.31965539 2.542765
16.25175256 2.40680431
16.18343631 2.27006847
16.1361007 2.36375784
16.10674849 2.47346691
16.09548303 2.59919566
16.1018909 2.63268199
16.08349409 2.67001822
16.08215051 2.67818309
16.05930952 2.77300934
16.08246056 2.8391035
16.06349531 2.9086083
16.00814986 2.97664033
15.95797204 3.02870433
15.92872318 3.07578156
15.90484867 3.09583202
15.8492965 3.10306672
15.77498579 3.12719961
15.67654219 3.22967398
15.58088911 3.32930614
15.45836429 3.45684357
15.36012739 3.56712108
15.23982466 3.7021516
15.12872033 3.82689851
15.06205773 3.94720124
15.03487593 4.01634431
15.06732873 4.02293305
15.11543949 4.02448334
15.13585168 4.03691153
15.13693688 4.06913178
15.08748254 4.16398387
15.06360803 4.28485505
15.02278364 4.35854564
14.89354089 4.47187206
14.77039595 4.55812002
14.73122521 4.60240672
14.70900435 4.66555532
14.66166874 5.06553091
14.64063643 5.17906403
14.60172407 5.2288026
14.57350874 5.2517211
14.56301843 5.27993643
14.56803104 5.35109488
14.58436079 5.41476024
14.58363732 5.43966828
14.61691695 5.49550467
14.61691695 5.86512035
14.59883019 5.88400808
14.57728112 5.91602163
14.54250288 5.91359284
14.50312544 5.91690013
14.46390303 5.9706953
14.43114017 6.03870148
14.44070031 6.08670889
14.47501346 6.1268098
14.51206546 6.1618981
14.55940108 6.19119864
14.69949588 6.2502648
14.73928674 6.27979788
14.76409142 6.31635895
14.7803695 6.36570995
14.86191491 6.55572419
14.98273441 6.74529918
15.03456587 6.78441824
15.08634566 6.90991446
15.15714237 7.06354849
15.18587446 7.13491364
15.20670007 7.2061496
15.24592248 7.26358796
15.37914432 7.35815583
15.48006839 7.52377879
15.5892607 7.51504548
15.7012952 7.48843212
15.84505903 7.4753063
15.9576103 7.5075524
16.03068078 7.5721221
16.19108443 7.62343679
16.37887658 7.68356232
16.40435306 7.77236827
16.45938846 7.81900625
16.52326053 7.85993399
16.54527469 7.86546337
16.55018395 7.83590445
16.58894128 7.74335196
16.66836795 7.65175548
16.78474328 7.5509606
16.81812625 7.5573168
16.89036991 7.63366873
17.07201257 7.68082347
17.11795292 7.70190746
17.24693729 7.81298595
17.40212162 7.88455781
17.43638309 7.89091401
17.4927104 7.90982758
17.64939334 7.98359569
17.76080773 7.97382884
17.94012495 7.98545604
18.23891808 8.02036347
18.45502892 8.03201651
18.56416955 8.04591747
18.59160973 8.06080028
18.63362267 8.16774466
18.6662305 8.19771699
18.74741418 8.24378653
18.90647424 8.40509451
19.01086063 8.54121023
19.03979943 8.58691804
19.04243493 8.590277
19.06388065 8.59882945
19.10868412 8.65613862
19.06419071 8.71543732
18.88601037 8.83605012
18.88859419 8.85250906
18.87836226 8.87317963
18.88828413 8.88974193
18.95629032 8.93888622
19.04786096 8.99500682
19.14552941 9.01598745
19.40029422 9.01159496
19.61749027 9.02358389
19.66839155 9.02089671
19.83773522 9.04934459
19.95354211 9.07515697
20.07270796 9.1331896
20.3420972 9.12709178
20.56688968 9.27493806
20.63143355 9.30134471
20.65964888 9.32449575
20.66812381 9.34713003
20.77323368 9.40567943
20.89105594 9.52717072
20.98417687 9.63625967
21.00944665 9.71323172
21.26384973 9.97458527
21.35242313 9.96915925
21.39603804 10.0013795
21.49685876 10.17570995
21.52801965 10.20782685
21.57576867 10.21854971
21.6327161 10.23826427
21.68268721 10.28983735
21.72578535 10.36655101
21.72614709 10.46163565
21.70651004 10.53791006
21.70651004 10.5747812
21.73069461 10.60870677
21.771519 10.64281322
21.96478885 10.73665762
22.01377811 10.78202953
22.04313032 10.82272472
22.0971322 10.83008861
22.15630171 10.82605785
22.19361209 10.8513793
22.23588342 10.89416739
22.36982873 10.95152823
22.49385217 10.99622834
22.62407678 10.97736644
22.73016849 10.95403453
22.81734663 10.92718863
22.86008304 10.9196697
NaN  NaN
23.98032474 19.49663972
23.98068648 19.05056875
23.98109989 18.60452363
23.98146162 18.1584785
23.98182336 17.71240754
23.98218509 17.26633657
23.98254683 16.82026561
23.98290856 16.37419465
23.9832703 15.92814952
23.98342533 15.78017406
23.9707646 15.72154715
23.96523522 15.71343395
23.94595991 15.70353791
23.70824833 15.74495657
23.60401696 15.74601594
23.45803104 15.71397655
23.24347049 15.69723338
23.10518436 15.70255606
23.00916955 15.62581656
22.93392866 15.53310904
22.96948205 15.31133963
22.96131717 15.23813996
22.93232669 15.16212393
22.86716271 15.09662405
22.80215376 15.04445669
22.76329308 14.99867137
22.71492394 14.89836742
22.67916385 14.85144522
22.68247114 14.78860668
22.67089562 14.72246084
22.63182824 14.68807018
22.53204105 14.66272289
22.46780724 14.63337067
22.41623417 14.58520824
22.3815076 14.55048168
22.39969771 14.50417959
22.42496748 14.4412377
22.43938521 14.3421223
22.44930708 14.2842447
22.49834802 14.23706411
22.52821699 14.20321605
22.53860396 14.1618749
22.50997521 14.12743256
22.38817386 14.05552481
22.33939131 14.02885977
22.28347741 13.99232453
22.26213504 13.97873363
22.17314823 13.91059825
22.12818973 13.85013683
22.10648563 13.79977814
22.10762251 13.73032502
22.15289107 13.62642955
22.20239709 13.53808869
22.22141402 13.4716328
22.2326278 13.39876903
22.22813195 13.32957429
22.20260379 13.26931957
22.15795536 13.21505931
21.99021366 13.11307587
21.90773807 13.00096385
21.84179894 12.86474478
21.82526249 12.79053742
21.84334924 12.7412381
21.87817915 12.69938019
21.92809859 12.67811534
22.00070397 12.67186249
22.12121341 12.69457429
22.23340295 12.7094571
22.35231042 12.660442
22.41447717 12.54639212
22.39024092 12.46301219
22.43525109 12.31191031
22.47545536 12.12925996
22.47240645 12.06779084
22.4898214 12.04474315
22.56433882 12.03296092
22.58097863 11.99012116
22.55638065 11.66952058
22.59110721 11.5798878
22.64102665 11.51593822
22.69740563 11.4826586
22.75399133 11.43981883
22.78344689 11.40994986
22.84907596 11.4032836
22.9226632 11.34488923
22.94281701 11.26716787
22.93764937 11.19203034
22.89486128 11.0289912
22.86008304 10.9196697
22.81734663 10.92718863
22.73016849 10.95403453
22.62407678 10.97736644
22.49385217 10.99622834
22.36982873 10.95152823
22.23588342 10.89416739
22.19361209 10.8513793
22.15630171 10.82605785
22.0971322 10.83008861
22.04313032 10.82272472
22.01377811 10.78202953
21.96478885 10.73665762
21.771519 10.64281322
21.73069461 10.60870677
21.70651004 10.5747812
21.70651004 10.53791006
21.72614709 10.46163565
21.72578535 10.36655101
21.68268721 10.28983735
21.6327161 10.23826427
21.57576867 10.21854971
21.52801965 10.20782685
21.49685876 10.17570995
21.39603804 10.0013795
21.35242313 9.96915925
21.26384973 9.97458527
21.00944665 9.71323172
20.98417687 9.63625967
20.89105594 9.52717072
20.77323368 9.40567943
20.66812381 9.34713003
20.65964888 9.32449575
20.63143355 9.30134471
20.56688968 9.27493806
20.3420972 9.12709178
20.07270796 9.1331896
19.95354211 9.07515697
19.83773522 9.04934459
19.66839155 9.02089671
19.61749027 9.02358389
19.40029422 9.01159496
19.14552941 9.01598745
19.04786096 8.99500682
18.95629032 8.93888622
18.88828413 8.88974193
18.87836226 8.87317963
18.88859419 8.85250906
18.88601037 8.83605012
19.06419071 8.71543732
19.10868412 8.65613862
19.06388065 8.59882945
19.04243493 8.590277
19.03979943 8.58691804
19.01086063 8.54121023
18.90647424 8.40509451
18.74741418 8.24378653
18.6662305 8.19771699
18.63362267 8.16774466
18.59160973 8.06080028
18.56416955 8.04591747
18.45502892 8.03201651
18.23891808 8.02036347
17.94012495 7.98545604
17.76080773 7.97382884
17.64939334 7.98359569
17.4927104 7.90982758
17.43638309 7.89091401
17.40212162 7.88455781
17.24693729 7.81298595
17.11795292 7.70190746
17.07201257 7.68082347
16.89036991 7.63366873
16.81812625 7.5573168
16.78474328 7.5509606
16.66836795 7.65175548
16.58894128 7.74335196
16.55018395 7.83590445
16.54527469 7.86546337
16.52326053 7.85993399
16.45938846 7.81900625
16.40435306 7.77236827
16.37887658 7.68356232
16.19108443 7.62343679
16.03068078 7.5721221
15.9576103 7.5075524
15.84505903 7.4753063
15.7012952 7.48843212
15.5892607 7.51504548
15.48006839 7.52377879
15.5324683 7.60441987
15.55267378 7.66449372
15.55784142 7.73802928
15.5497799 7.78789704
15.48446089 7.8127534
15.44301639 7.85187246
15.34906864 8.08384797
15.25238203 8.32238638
15.11621463 8.55730744
14.96800663 8.70727245
14.86077803 8.79863638
14.82630985 8.81031525
14.77127445 8.8391507
14.73277551 8.86566071
14.536095 9.02523754
14.33228316 9.20352123
14.28008996 9.28506664
14.17792565 9.40648041
14.06418583 9.53171825
14.00496463 9.58871735
13.97726607 9.69155345
14.05596927 9.78436433
14.13978845 9.90179902
14.24329634 9.97975292
14.37724165 9.98504975
14.59795169 9.95308788
14.83581831 9.94171906
15.0715662 9.96595531
15.13275109 9.9828535
15.19316084 9.98150991
15.32002648 9.95427643
15.54089155 9.96032258
15.65483809 10.00781322
15.53189986 10.08848013
15.39991825 10.21689606
15.27604984 10.35737844
15.20096398 10.48452831
15.13223433 10.64849763
15.06867232 10.85106924
15.02991499 11.11366303
15.03575443 11.26251699
15.05544315 11.36855703
15.12200239 11.54125967
15.07802575 11.64259715
15.08768924 11.72434927
15.08128137 11.84550467
15.05988732 11.90712881
14.97384606 12.10835684
14.95674116 12.13034516
14.88067346 12.2693806
14.84708377 12.50207958
14.76124922 12.65561026
14.62327315 12.72992097
14.54477665 12.82022553
14.51625125 12.97975068
14.46168094 13.02178946
14.24484663 13.07736746
14.06392744 13.07850434
13.93235925 13.25849335
13.76348067 13.48956452
13.60633264 13.70461599
13.5057703 14.13443472
13.44820275 14.38064708
13.51362512 14.45550039
13.64240278 14.63078685
13.80709557 14.96608938
14.17818403 15.4847399
14.36799157 15.75015005
14.74672814 16.14661164
15.21212609 16.63389456
15.47433231 16.90837393
15.51670698 17.4084726
15.56156213 17.9372517
15.59551354 18.33707225
15.63762984 18.81084178
15.67292484 19.20678661
15.6986597 19.49519278
15.73503991 19.90405671
15.76625248 19.98255321
15.94882531 20.30317963
15.96319136 20.34617442
15.9293433 20.3998404
15.66848067 20.6723819
15.58714196 20.73330842
15.54032311 20.874876
15.60734745 20.95440603
15.2936715 21.41153575
15.2158468 21.46744965
15.1818437 21.52338939
15.17786462 21.6058133
15.17228356 21.92207307
15.08892948 22.41834768
14.97896203 22.99616771
15.34746667 23.16070547
15.62713952 23.2857366
15.98412031 23.44523591
16.31500451 23.28183503
16.79409671 23.04526032
17.27318892 22.80868561
17.75222945 22.57211091
18.23132165 22.3355362
18.71041385 22.09896149
19.18945438 21.86238679
19.66854658 21.62581208
20.14763879 21.38923737
20.62673099 21.15266267
21.1058232 20.91608796
21.5849154 20.67951325
22.0640076 20.44293854
22.54309981 20.20636384
23.02219201 19.96978913
23.50123254 19.73321442
23.98032474 19.49663972
NaN  NaN
18.6103166 3.47844432
18.62215051 3.30403636
18.54711633 3.08702119
18.49094404 2.92439545
18.34345951 2.65541962
18.21158125 2.41491751
18.07220991 2.01326244
18.07283003 1.71937857
18.05779219 1.53486787
18.01174849 1.42210989
17.90245283 1.1180716
17.88576135 0.85689891
17.92524214 0.53728018
17.88772505 0.23414623
17.77310672 -0.05239959
17.72411747 -0.27755381
17.75284956 -0.54906178
17.54283654 -0.77499114
17.27876997 -0.99957692
17.10761763 -1.06448252
16.97470584 -1.13993011
16.87993127 -1.22591969
16.84908044 -1.27248016
16.7800924 -1.37640146
16.62247928 -1.69896575
16.54072717 -1.84014577
16.43360192 -1.96086191
16.27392175 -2.1082431
16.21537235 -2.17779957
16.19154951 -2.27913706
16.20183312 -2.46470713
16.21733605 -3.030254
16.19061934 -3.19443003
16.14674605 -3.46412933
15.9900631 -3.76617807
15.87244754 -3.93428151
15.75462528 -3.98554453
15.60006107 -4.03091644
15.52600874 -4.08796722
15.48094689 -4.17178639
15.39464725 -4.24496022
15.26721317 -4.30759205
15.10629276 -4.46107106
14.91209273 -4.70560394
14.7792843 -4.84575042
14.70786747 -4.88171722
14.63397017 -4.88507619
14.5575924 -4.85577565
14.49392704 -4.85164153
14.46162927 -4.86497405
14.44090702 -4.854122
14.41072798 -4.83128102
14.41186486 -4.77500538
14.40292484 -4.68167775
14.36540775 -4.58550791
14.40995283 -4.50814829
14.44979536 -4.44949554
14.44276737 -4.41900644
14.40292484 -4.3697588
14.35832808 -4.29942718
14.31616011 -4.30412973
14.22701826 -4.35807993
14.13384566 -4.40004119
14.04682254 -4.41750783
13.97845462 -4.46122609
13.94093753 -4.48468719
13.88233646 -4.48468719
13.84947025 -4.45890065
13.77800174 -4.43388926
13.73903771 -4.44251922
13.71707523 -4.45445648
13.70761844 -4.54328826
13.69940189 -4.61837412
13.6853459 -4.68870574
13.65955936 -4.72152028
13.55165897 -4.75671193
13.47838179 -4.80497772
13.41492313 -4.83737884
13.37580407 -4.82942067
13.29730757 -4.76518686
13.21958622 -4.70581064
13.17648807 -4.65589121
13.15235518 -4.62033782
13.13664554 -4.60426645
13.0873979 -4.60194101
13.0727218 -4.63480722
13.04807214 -4.61920094
12.97138431 -4.5517632
12.88105391 -4.44515472
12.84813602 -4.42892832
12.79821659 -4.43053029
12.7194617 -4.4697527
12.64168867 -4.5311443
12.50149051 -4.58752329
12.38459842 -4.61909759
12.37405643 -4.65775156
12.34666792 -4.7241041
12.3079106 -4.7655486
12.20435103 -4.77862274
12.16709232 -4.8376889
12.07753706 -4.95210052
12.01831587 -5.00429372
12.00270959 -4.98207285
11.96674279 -4.95437428
11.8932589 -4.86569752
11.82070519 -4.75542002
11.80127486 -4.70519052
11.78081099 -4.67656178
11.7775037 -4.56587086
11.66805301 -4.43430267
11.39385786 -4.20031178
11.3644023 -4.1305486
11.13015303 -3.91629811
11.18999434 -3.76199228
11.23448775 -3.69078216
11.28833459 -3.64106943
11.50434208 -3.52035329
11.53679487 -3.52495249
11.68572635 -3.68199717
11.7334237 -3.69450286
11.78644372 -3.69026539
11.84912723 -3.69672495
11.87992639 -3.6659258
11.88478397 -3.62541147
11.83941206 -3.58003956
11.83290083 -3.53141204
11.86473351 -3.47859873
11.88276859 -3.42020436
11.92932905 -3.35100962
11.93418664 -3.31855682
11.88509403 -3.28315846
11.78437666 -3.22910491
11.71538862 -3.17691172
11.68903364 -3.12699228
11.70805057 -3.06312021
11.76344771 -3.01123707
11.76014042 -2.9831251
11.71135786 -2.93651295
11.67570112 -2.8866452
11.63911421 -2.85538095
11.5378284 -2.83667409
11.55715539 -2.76959808
11.59451745 -2.67099944
11.60345747 -2.5954485
11.57524214 -2.39706268
11.57772261 -2.36094085
11.60542118 -2.34259572
11.6658826 -2.3645582
11.72675744 -2.39473724
11.89243208 -2.35143239
11.95030969 -2.3448178
11.99826542 -2.38285166
12.06441125 -2.41261728
12.44640344 -2.32993499
12.45384484 -2.24559905
12.47570397 -2.16922129
12.47854618 -2.11201548
12.46262984 -2.07527353
12.44371626 -2.04757497
12.4324508 -1.99031748
12.43214074 -1.92892588
12.46867598 -1.89998707
12.59047733 -1.82681325
12.62840783 -1.82960377
12.71367394 -1.8694463
12.79351403 -1.93181976
12.86446577 -2.06323292
12.91355838 -2.17624928
12.99200321 -2.31334686
13.15860803 -2.36910573
13.35735558 -2.40481414
13.46494592 -2.39540903
13.61852827 -2.27856862
13.70560306 -2.18751474
13.73381839 -2.13847381
13.78435794 -2.16374358
13.84156375 -2.28368458
13.87846073 -2.33019337
13.88771081 -2.37453175
13.86182092 -2.42992889
13.88688399 -2.46537892
13.9938542 -2.4906487
14.08744022 -2.46687754
14.12976322 -2.41799163
14.19978478 -2.35422291
14.2004049 -2.30063445
14.16283613 -2.26554616
14.16283613 -2.21753875
14.20180016 -2.17986663
14.23967899 -2.07672047
14.25146122 -2.00147959
14.28840986 -1.95347218
14.35858646 -1.92024424
14.38395959 -1.8900652
14.42323368 -1.7115748
14.40292484 -1.64692759
14.40292484 -1.5933908
14.44721154 -1.52507456
14.45558312 -1.41319508
14.43687625 -1.22979542
14.4240605 -1.10385996
14.41062463 -0.97208506
14.4448861 -0.79881398
14.48059452 -0.6183082
14.47408329 -0.57345306
14.42468062 -0.51867604
14.36380578 -0.46860158
14.2067611 -0.42731211
14.14836673 -0.36188974
14.1028398 -0.29233327
14.06945682 -0.2701124
13.89799442 -0.24262054
13.86006392 -0.20334645
13.87546349 -0.09079518
13.89065637 0.07529287
13.88461022 0.19084138
13.91515099 0.28396231
13.94961917 0.35382884
14.02532515 0.42772614
14.06552941 0.51500764
14.08754357 0.53655671
14.23099735 0.55112946
14.28308719 0.58745799
14.32422163 0.62419994
14.34148156 0.67380931
14.39067752 0.75571646
14.43444746 0.81147533
14.43920169 0.84909577
14.42984826 0.901444
14.38644006 1.00443513
14.33445357 1.090218
14.3030343 1.12086213
14.23973067 1.32255524
14.18087121 1.37020091
14.06620121 1.3958841
13.8513306 1.41875092
13.72115767 1.3822932
13.52334028 1.31459707
13.37234175 1.26777823
13.27410485 1.24100983
13.21627892 1.24845124
13.19013065 1.27925039
13.22837121 1.30539867
13.24738814 1.36668692
13.22279015 1.45461437
13.18454959 1.53504873
13.16274214 1.64811677
13.17214725 1.78857331
13.20945764 1.92039989
13.28862593 2.09170726
13.29358687 2.1615738
13.53346887 2.15950674
13.77273075 2.15741385
14.03436852 2.15891246
14.2870146 2.16033356
14.48410851 2.15472667
14.57893477 2.19914256
14.66911014 2.13206656
14.71324181 2.11713207
14.72833133 2.12240306
14.76290287 2.0751708
14.87504072 2.0804418
14.89281742 2.06933137
14.90242923 2.01228059
15.00640222 2.01375336
15.05782027 2.00086009
15.09957482 2.00235871
15.16003625 2.03558666
15.20349613 2.02445038
15.28245772 1.98171398
15.33878503 1.94471365
15.41748823 1.95675426
15.60031945 1.95037222
15.74160282 1.9149997
15.88164595 1.81658194
15.97518029 1.76002208
16.05941288 1.67622875
16.09031538 1.69126659
16.11956424 1.71410757
16.1361007 1.72421031
16.13496382 1.79596304
16.08793827 1.91807445
16.06959313 2.0216857
16.08003177 2.10679678
16.11574019 2.16782665
16.17661502 2.2047753
16.18260949 2.26244619
16.18343631 2.27006847
16.25175256 2.40680431
16.31965539 2.542765
16.40125248 2.70102407
16.46858687 2.83171377
16.45959517 2.89651602
16.46620975 2.99322846
16.48005903 3.10099966
16.47680342 3.16515595
16.49628543 3.20882254
16.54310428 3.3695104
16.57038944 3.46307058
16.61069706 3.50536774
16.67338057 3.53518504
16.76433109 3.53627025
17.00250777 3.55668244
17.22471642 3.59841116
17.29845869 3.6171697
17.43798506 3.68463329
17.49157352 3.68729462
17.53772057 3.66163727
17.80659305 3.5841743
17.88033532 3.55384024
17.90715539 3.55838776
17.94797977 3.55174734
18.01071496 3.550843
18.07226159 3.56029979
18.1112773 3.55107555
18.16099002 3.49978669
18.19395959 3.50541942
18.23705773 3.54267813
18.31818973 3.5807895
18.47445926 3.6229833
18.49978071 3.60409557
18.55383426 3.51019949
18.6103166 3.47844432
NaN  NaN
27.40331994 5.1091975
27.43923506 5.03922761
27.49101485 4.9675524
27.66418257 4.84600943
27.71926965 4.77833914
27.76143762 4.70322744
27.78810265 4.64467805
27.84163944 4.59775585
27.91662194 4.56793854
27.98070072 4.53210094
28.01981978 4.47939098
28.07862756 4.42479483
28.192109 4.35022573
28.24729943 4.34854625
28.31101647 4.3380301
28.36724043 4.31867727
28.42754683 4.32415497
28.52480187 4.37286001
28.63952355 4.45450878
28.72706343 4.50499665
28.93935021 4.48706493
29.05737918 4.44593049
29.15143029 4.38820791
29.22491418 4.39187694
29.38485274 4.4984079
29.46965376 4.61181184
29.55207767 4.63604808
29.67687626 4.58690379
29.77986738 4.48096711
29.87024946 4.32712637
29.93401818 4.2685253
30.02135135 4.17765229
30.19488081 3.9819278
30.42070682 3.88389761
30.50829837 3.83570934
30.53692712 3.78718517
30.55351525 3.72292552
30.55935469 3.6528006
30.58669152 3.6241977
30.64766971 3.63414541
30.69991459 3.64409313
30.75717207 3.6241977
30.79696292 3.57316722
30.81691003 3.53335053
30.83856245 3.49071747
30.89530318 3.46366486
30.90646528 3.40893952
30.86760461 3.34214773
30.82781376 3.28259064
30.77923791 3.16337311
30.75396813 3.04180431
30.78647261 3.00134166
30.82140588 2.96757111
30.83995772 2.93351634
30.85075809 2.89367381
30.84662398 2.84701
30.76952274 2.67797639
30.72993859 2.5302593
30.72859501 2.45538015
30.83008752 2.40042227
30.96196577 2.40329031
31.00361698 2.36936473
31.04537153 2.31554373
31.08216515 2.28810354
31.13756229 2.28887869
31.17631961 2.27006847
31.19135746 2.23226716
31.23636763 2.19133942
31.27398807 2.14627757
31.25610803 2.08850332
31.25269738 2.04457836
31.1588013 1.92200186
30.94253543 1.68279165
30.47817101 1.23904613
30.47786096 1.23883942
30.32107466 1.18530264
30.24014937 1.10277538
30.18289188 0.97348094
30.0473446 0.8635135
29.94290653 0.81922679
29.93169274 0.79287181
29.92378625 0.67391267
29.93448327 0.49903962
29.88544234 0.41894115
29.81464562 0.26360179
29.777852 0.16634675
29.74968835 0.14722647
29.71770064 0.09834056
29.69780521 -0.06020273
29.68431766 -0.11358449
29.63315799 -0.44167816
29.6478341 -0.5352125
29.60824995 -0.69127532
29.6063896 -0.78310434
29.59005985 -0.887129
29.56194787 -0.97735605
29.56401493 -1.12142995
29.57998294 -1.35676442
29.57693403 -1.38787363
29.5377633 -1.40973276
29.46800012 -1.46807545
29.40195764 -1.50740122
29.35162479 -1.5175298
29.26811568 -1.62160613
29.19659549 -1.71994638
29.14326542 -1.81606455
29.12936445 -1.8602479
29.14062992 -1.98452972
29.14801965 -2.13185923
29.13153487 -2.19516286
29.1064718 -2.23324839
28.98957971 -2.31277842
28.91273685 -2.37029428
28.87640832 -2.40031829
28.85764977 -2.44667205
28.89144616 -2.55555429
28.89397831 -2.63508432
28.92178023 -2.6820582
29.01438439 -2.72019541
29.01412601 -2.75828094
29.01660648 -2.79962208
29.06471724 -2.85078175
29.15318729 -2.9552715
29.22439741 -3.0535084
29.22605106 -3.13872283
29.21230513 -3.28129811
29.21008304 -3.36330861
29.21716271 -3.47570485
29.2167493 -3.68494272
29.21184004 -3.83382252
29.22326053 -3.91087208
29.33136763 -4.09540862
29.37916833 -4.29973724
29.40319787 -4.44928883
29.40417972 -4.49667612
29.36754113 -4.66881032
29.32568322 -4.83562184
29.32340946 -4.89887379
29.34273644 -4.98310638
29.42009606 -5.17616953
29.47647505 -5.31662607
29.50365685 -5.40096201
29.5423625 -5.49976735
29.59419396 -5.65076588
29.60700972 -5.72269948
29.59636437 -5.7759262
29.49078942 -5.96542368
29.4800924 -6.02500661
29.506189 -6.17207773
29.54076053 -6.31382619
29.59062829 -6.39438974
29.70963911 -6.61690846
29.79810917 -6.69189096
29.9618201 -6.80315032
30.10630741 -6.91508148
30.1618079 -6.97306243
30.21270918 -7.03791636
30.31321984 -7.20369435
30.37450809 -7.33862151
30.40675418 -7.46062957
30.48561242 -7.62718271
30.5588896 -7.78190195
30.65381921 -7.97093434
30.72084354 -8.10441456
30.75112593 -8.19360809
30.57790653 -8.22001474
30.32748254 -8.25820363
30.05137536 -8.30026824
29.76622481 -8.3437798
29.48376143 -8.38687794
29.21561242 -8.42780568
28.97221642 -8.46496103
28.89811242 -8.4854249
28.93449263 -8.59027638
28.91780114 -8.70060556
28.86953535 -8.78587168
28.79351932 -8.89098154
28.75874108 -8.93263274
28.68127811 -9.01469492
28.61647586 -9.07226247
28.48428755 -9.16941416
28.40067508 -9.22475962
28.40015832 -9.27504079
28.54051151 -9.5100652
28.60422855 -9.67878875
28.63011844 -9.8312859
28.62887821 -9.91872243
28.62350386 -10.09886647
28.61714766 -10.31296193
28.60738081 -10.39740122
28.64551802 -10.55020843
28.63890344 -10.66927093
28.54423221 -10.80238942
28.51798058 -10.93318247
28.47028324 -11.10960581
28.40418908 -11.35439707
28.35726688 -11.48296803
28.38336348 -11.56673553
28.40697961 -11.62280446
28.4317843 -11.6983554
28.48253055 -11.81209523
28.54154504 -11.87917124
28.57461795 -11.90811004
28.7694381 -12.05130543
28.85005334 -12.12050018
28.97340498 -12.25785613
29.0643555 -12.34885833
29.19122114 -12.3702007
29.3437183 -12.40477223
29.42753747 -12.43128224
29.4855701 -12.41841481
29.50489709 -12.38616872
29.50226159 -12.31759409
29.49202966 -12.26689951
29.5081527 -12.22819386
29.55972578 -12.20240732
29.69196577 -12.19832488
29.74963667 -12.16401173
29.79516361 -12.15548512
29.79531864 -12.3061736
29.79547367 -12.45060923
29.7956287 -12.62589568
29.7958354 -12.82702036
29.79604211 -12.99212656
29.79624881 -13.16751637
29.79645552 -13.36967457
29.79531864 -13.39272226
29.77516483 -13.43809417
29.72266157 -13.45380381
29.65176151 -13.41432301
29.64762739 -13.37298187
29.63026411 -13.2985678
29.5971912 -13.26053395
29.5541964 -13.24895843
29.48143599 -13.26797536
29.38180383 -13.32285573
29.25369795 -13.37081146
29.20186649 -13.39835499
29.11163944 -13.39515106
29.01422936 -13.36884775
28.94229577 -13.30714609
28.92172855 -13.2145936
28.85878666 -13.11945729
28.77315881 -12.98189463
28.73006066 -12.92546396
28.6729582 -12.86133351
28.61539066 -12.85404713
28.5508468 -12.83616709
28.51126265 -12.74221933
28.47436568 -12.62336354
28.45147302 -12.57747487
28.41287072 -12.51804697
28.35768029 -12.48197682
28.2372742 -12.43453786
28.06886071 -12.36818532
27.85745243 -12.28488291
27.75689009 -12.28085215
27.64428714 -12.26679616
27.57385217 -12.2270053
27.5334412 -12.19532765
27.48703576 -12.07972747
27.42368045 -11.94454192
27.23805871 -11.78351816
27.19640751 -11.60502776
27.1591488 -11.57924122
27.09538008 -11.5937623
27.04608076 -11.61593149
27.02665042 -11.66373219
26.97683434 -11.8246526
26.94954919 -11.89885996
26.930894 -11.9193755
26.89048303 -11.9435084
26.82407881 -11.9652125
26.72971764 -11.9759612
26.59639245 -11.97203379
26.42973596 -11.94784922
26.33966393 -11.92991749
26.09642297 -11.90320078
26.02593631 -11.89017832
25.92651086 -11.85529673
25.85488732 -11.82010508
25.61882938 -11.7441924
25.51185917 -11.7533908
25.45997603 -11.69980234
25.41336389 -11.67349904
25.34938846 -11.62301116
25.32065637 -11.55350636
25.28262251 -11.4049883
25.29182092 -11.32550994
25.31931278 -11.23688486
25.28877201 -11.21244191
25.24598392 -11.21244191
25.1848507 -11.24298268
25.07602014 -11.2600359
24.87685917 -11.29915496
24.80637251 -11.32116912
24.72813439 -11.33775726
24.66829308 -11.35295013
24.51853478 -11.4385263
24.46654829 -11.44767303
24.37792321 -11.41713226
24.33513513 -11.37129526
24.37792321 -11.31930877
24.39626834 -11.25517832
24.36572757 -11.12986297
24.31989058 -11.07177866
24.1871855 -11.0300241
24.13649092 -11.02594166
24.11509688 -10.95566172
24.07840661 -10.89147959
24.00275231 -10.87912892
23.96647546 -10.87179087
23.92869999 -10.89147959
23.90730594 -10.9434144
23.90115645 -10.98315358
23.83392541 -11.01369435
23.69641442 -11.00759653
23.55993696 -10.97860605
23.46392215 -10.96930429
23.40015344 -10.97643564
23.15675744 -11.07477589
23.07624556 -11.08785003
22.81471113 -11.08025359
22.66650313 -11.05973805
22.56103153 -11.05581064
22.4861007 -11.08671315
22.39292809 -11.15947357
22.31494836 -11.19859262
22.27877486 -11.19414845
22.25665734 -11.16371103
22.22616825 -11.12200815
22.21665978 -11.01266082
22.17790246 -10.89230641
22.20348229 -10.82946787
22.28048018 -10.78399261
22.30704186 -10.69128509
22.28316735 -10.55155202
22.28166874 -10.45331512
22.30244266 -10.39667775
22.27453739 -10.25911509
22.19774621 -10.04062713
22.08912235 -9.86280853
21.94866581 -9.72555592
21.85668176 -9.59419443
21.8131702 -9.46872405
21.82944828 -9.16843231
21.87187463 -8.90348724
21.90541263 -8.69337086
21.89585249 -8.3411443
21.80087121 -8.11190765
21.78009728 -7.86541107
21.83363407 -7.60165455
21.84159224 -7.42099375
21.80609053 -7.32864796
21.78164758 -7.31469533
21.75105513 -7.30544524
21.51086307 -7.29666025
21.19036584 -7.2849297
20.91089969 -7.28146738
20.60776574 -7.277695
20.55836307 -7.24446705
20.53583215 -7.18276539
20.53691735 -7.1217872
20.59872237 -6.93513193
20.5900924 -6.91993906
20.48219201 -6.91585662
20.19006514 -6.94629404
19.9974154 -6.97647308
19.87520064 -6.98634328
19.66033003 -7.03714121
19.52762495 -7.14447316
19.48380334 -7.279452
19.48742069 -7.39071136
19.47992761 -7.47220509
19.41931115 -7.55731618
19.37166548 -7.65508799
19.36990848 -7.70655771
19.34086633 -7.9666452
19.14268721 -8.00147511
18.94445641 -8.00147511
18.89830936 -7.99811614
18.65341475 -7.93600107
18.56272261 -7.93589772
18.4846912 -7.96855722
18.33482954 -8.00033823
18.19147912 -8.02379933
18.04719852 -8.10079721
18.00875125 -8.10756683
17.9130465 -8.06767262
17.77879113 -8.07139332
17.64339888 -8.09072031
17.57957848 -8.09904022
17.53601525 -8.0758375
17.41132002 -7.88194752
17.24502526 -7.62330698
17.15505659 -7.46135304
17.12157027 -7.41903004
17.06379601 -7.36311614
16.98473107 -7.25743784
16.95201989 -7.15708221
16.96576582 -7.06210093
16.91941206 -6.93394337
16.81306196 -6.77255788
16.74298872 -6.61845875
16.70939904 -6.47169769
16.70097578 -6.3460206
16.7178223 -6.2414275
16.69730676 -6.16427459
16.6395325 -6.11451019
16.60806156 -6.05151662
16.5851689 -6.02526499
16.53710982 -5.96578541
16.43148319 -5.90020802
16.31526289 -5.86563649
16.06018802 -5.86491302
15.72692671 -5.86382781
15.42503299 -5.86884043
15.08934289 -5.87447316
14.74946699 -5.88010589
14.65789636 -5.88883921
14.39868737 -5.89266326
14.19084476 -5.87602345
14.1137952 -5.86511972
13.9785063 -5.85726491
13.76451419 -5.85519785
13.64901737 -5.86176076
13.37151493 -5.86181243
13.34645186 -5.8634144
13.30263024 -5.88186289
13.18434289 -5.85628305
13.06817427 -5.86486134
13.00337202 -5.83618092
12.86084842 -5.85406097
12.791602 -5.87772877
12.68070438 -5.96082448
12.51451297 -6.00423268
12.45291467 -6.00051198
12.41167687 -5.98635263
12.31504195 -5.89529876
12.24042118 -5.80734547
12.21370446 -5.75871795
12.25530399 -5.74647064
12.38599369 -5.72776377
12.48454064 -5.71877207
12.50376428 -5.69577606
12.51890547 -5.42457814
12.52236779 -5.14893605
12.48738285 -5.11271087
12.45322472 -5.09059336
12.45146773 -5.07152475
12.50273075 -5.03690154
12.57352746 -4.99654225
12.59616174 -4.97840382
12.67476159 -4.90538502
12.82963586 -4.7366098
12.9475098 -4.69526865
13.05732222 -4.65103362
13.0727218 -4.63480722
13.0873979 -4.60194101
13.13664554 -4.60426645
13.15235518 -4.62033782
13.17648807 -4.65589121
13.21958622 -4.70581064
13.29730757 -4.76518686
13.37580407 -4.82942067
13.41492313 -4.83737884
13.47838179 -4.80497772
13.55165897 -4.75671193
13.65955936 -4.72152028
13.6853459 -4.68870574
13.69940189 -4.61837412
13.70761844 -4.54328826
13.71707523 -4.45445648
13.73903771 -4.44251922
13.77800174 -4.43388926
13.84947025 -4.45890065
13.88233646 -4.48468719
13.94093753 -4.48468719
13.97845462 -4.46122609
14.04682254 -4.41750783
14.13384566 -4.40004119
14.22701826 -4.35807993
14.31616011 -4.30412973
14.35832808 -4.29942718
14.40292484 -4.3697588
14.44276737 -4.41900644
14.44979536 -4.44949554
14.40995283 -4.50814829
14.36540775 -4.58550791
14.40292484 -4.68167775
14.41186486 -4.77500538
14.41072798 -4.83128102
14.44090702 -4.854122
14.46162927 -4.86497405
14.49392704 -4.85164153
14.5575924 -4.85577565
14.63397017 -4.88507619
14.70786747 -4.88171722
14.7792843 -4.84575042
14.91209273 -4.70560394
15.10629276 -4.46107106
15.26721317 -4.30759205
15.39464725 -4.24496022
15.48094689 -4.17178639
15.52600874 -4.08796722
15.60006107 -4.03091644
15.75462528 -3.98554453
15.87244754 -3.93428151
15.9900631 -3.76617807
16.14674605 -3.46412933
16.19061934 -3.19443003
16.21733605 -3.030254
16.20183312 -2.46470713
16.19154951 -2.27913706
16.21537235 -2.17779957
16.27392175 -2.1082431
16.43360192 -1.96086191
16.54072717 -1.84014577
16.62247928 -1.69896575
16.7800924 -1.37640146
16.84908044 -1.27248016
16.87993127 -1.22591969
16.97470584 -1.13993011
17.10761763 -1.06448252
17.27876997 -0.99957692
17.54283654 -0.77499114
17.75284956 -0.54906178
17.72411747 -0.27755381
17.77310672 -0.05239959
17.88772505 0.23414623
17.92524214 0.53728018
17.88576135 0.85689891
17.90245283 1.1180716
18.01174849 1.42210989
18.05779219 1.53486787
18.07283003 1.71937857
18.07220991 2.01326244
18.21158125 2.41491751
18.34345951 2.65541962
18.49094404 2.92439545
18.54711633 3.08702119
18.62215051 3.30403636
18.6103166 3.47844432
18.5967257 3.6786905
18.63372603 3.95428091
18.61987674 4.11662242
18.56747684 4.25756989
18.59419356 4.34622081
18.69992354 4.38260102
18.83175012 4.52344514
19.06853153 4.89140717
19.32339969 5.07075023
19.50095991 5.12749095
19.68606489 5.12139313
19.80657433 5.08932791
19.86248823 5.03129527
20.00237634 4.94471141
20.22634199 4.829628
20.39351525 4.68617422
20.48648115 4.54153189
20.55810469 4.46269949
20.64745324 4.43562104
20.79297407 4.44729991
20.95575484 4.41311595
21.12556359 4.33219066
21.22974328 4.30221833
21.26839725 4.32309561
21.35020104 4.31136506
21.53763146 4.24480581
21.68697635 4.28139273
21.90815148 4.25390087
22.42212528 4.13494172
22.44966882 4.15512136
22.46181278 4.15974641
22.50563439 4.2076763
22.61720381 4.44556875
22.71166833 4.59176138
22.75574833 4.64669343
22.86457889 4.72387218
22.99289147 4.74387096
23.11588138 4.73692048
23.21882084 4.70296906
23.31292362 4.66353994
23.41715498 4.66312653
23.52360843 4.70128958
23.68178999 4.77082022
23.84844649 4.81634715
23.99169356 4.86626659
24.22769982 4.95385814
24.31978723 4.99416576
24.43709273 5.00997875
24.76549645 4.93008698
24.97840335 4.98295197
25.06521976 4.9674232
25.24934289 5.0245515
25.28313928 5.06268871
25.40013472 5.25590689
25.52508833 5.31213085
25.71391402 5.28370881
25.81995405 5.25371064
26.1735242 5.17115754
26.63256595 5.08521963
26.76754479 5.07193879
26.82206343 5.06237865
26.87007084 5.07565949
27.02060428 5.1843867
27.07181563 5.19973461
27.11496545 5.19784842
27.40331994 5.1091975
NaN  NaN
11.33468835 1.12075878
11.33536014 0.99968089
11.13061812 1.00040436
10.85890344 1.00128286
10.58718875 1.00216136
10.31547407 1.00309154
10.17894494 1.00355663
10.02846317 1.00402171
9.97978397 0.99771719
9.94671105 0.96712474
9.90676517 0.96009675
9.86030806 0.98624502
9.80387739 0.99875072
9.78863285 1.02567414
9.76057254 1.07471507
9.70455529 1.07998607
9.67649499 1.07471507
9.63618737 1.04670645
9.59086714 1.03197866
9.59944543 1.05445791
9.50983849 1.11481599
9.44534631 1.12065542
9.38591841 1.13925894
9.43408084 1.29640697
9.49423221 1.43531322
9.58425256 1.54021638
9.63210493 1.56553783
9.64760786 1.617576
9.71881799 1.78867666
9.80697798 1.92747956
9.77969282 2.06819448
9.80077681 2.3044333
9.82620161 2.29779287
9.83033573 2.27546865
9.83695031 2.24239574
9.8700749 2.21330191
9.97988732 2.16777497
10.30705082 2.16772329
10.50228438 2.16764578
10.79094893 2.16756826
11.09661502 2.16749075
11.32874556 2.16741323
11.33003747 1.93590282
11.33117435 1.74020417
11.33236291 1.52838247
11.33360314 1.30762075
11.33468835 1.12075878
NaN  NaN
8.73572554 3.75832388
8.76042687 3.75434479
8.91008182 3.75822053
8.9506995 3.70530386
8.94604862 3.62753083
8.7921562 3.40041291
8.76342411 3.30465648
8.70399621 3.22362783
8.65231978 3.2171166
8.47486291 3.26465892
8.44489058 3.29349437
8.43424523 3.33240672
8.45171187 3.42289216
8.46463097 3.45059073
8.54979374 3.46764395
8.5772856 3.48237173
8.62276086 3.57998851
8.63774702 3.6688203
8.67588423 3.73594798
8.73572554 3.75832388
NaN  NaN
13.29358687 2.1615738
13.28862593 2.09170726
13.20945764 1.92039989
13.17214725 1.78857331
13.16274214 1.64811677
13.18454959 1.53504873
13.22279015 1.45461437
13.24738814 1.36668692
13.22837121 1.30539867
13.19013065 1.27925039
13.21627892 1.24845124
13.27410485 1.24100983
13.37234175 1.26777823
13.52334028 1.31459707
13.72115767 1.3822932
13.8513306 1.41875092
14.06620121 1.3958841
14.18087121 1.37020091
14.23973067 1.32255524
14.3030343 1.12086213
14.33445357 1.090218
14.38644006 1.00443513
14.42984826 0.901444
14.43920169 0.84909577
14.43444746 0.81147533
14.39067752 0.75571646
14.34148156 0.67380931
14.32422163 0.62419994
14.28308719 0.58745799
14.23099735 0.55112946
14.08754357 0.53655671
14.06552941 0.51500764
14.02532515 0.42772614
13.94961917 0.35382884
13.91515099 0.28396231
13.88461022 0.19084138
13.89065637 0.07529287
13.87546349 -0.09079518
13.86006392 -0.20334645
13.89799442 -0.24262054
14.06945682 -0.2701124
14.1028398 -0.29233327
14.14836673 -0.36188974
14.2067611 -0.42731211
14.36380578 -0.46860158
14.42468062 -0.51867604
14.47408329 -0.57345306
14.48059452 -0.6183082
14.4448861 -0.79881398
14.41062463 -0.97208506
14.4240605 -1.10385996
14.43687625 -1.22979542
14.45558312 -1.41319508
14.44721154 -1.52507456
14.40292484 -1.5933908
14.40292484 -1.64692759
14.42323368 -1.7115748
14.38395959 -1.8900652
14.35858646 -1.92024424
14.28840986 -1.95347218
14.25146122 -2.00147959
14.23967899 -2.07672047
14.20180016 -2.17986663
14.16283613 -2.21753875
14.16283613 -2.26554616
14.2004049 -2.30063445
14.19978478 -2.35422291
14.12976322 -2.41799163
14.08744022 -2.46687754
13.9938542 -2.4906487
13.88688399 -2.46537892
13.86182092 -2.42992889
13.88771081 -2.37453175
13.87846073 -2.33019337
13.84156375 -2.28368458
13.78435794 -2.16374358
13.73381839 -2.13847381
13.70560306 -2.18751474
13.61852827 -2.27856862
13.46494592 -2.39540903
13.35735558 -2.40481414
13.15860803 -2.36910573
12.99200321 -2.31334686
12.91355838 -2.17624928
12.86446577 -2.06323292
12.79351403 -1.93181976
12.71367394 -1.8694463
12.62840783 -1.82960377
12.59047733 -1.82681325
12.46867598 -1.89998707
12.43214074 -1.92892588
12.4324508 -1.99031748
12.44371626 -2.04757497
12.46262984 -2.07527353
12.47854618 -2.11201548
12.47570397 -2.16922129
12.45384484 -2.24559905
12.44640344 -2.32993499
12.06441125 -2.41261728
11.99826542 -2.38285166
11.95030969 -2.3448178
11.89243208 -2.35143239
11.72675744 -2.39473724
11.6658826 -2.3645582
11.60542118 -2.34259572
11.57772261 -2.36094085
11.57524214 -2.39706268
11.60345747 -2.5954485
11.59451745 -2.67099944
11.55715539 -2.76959808
11.5378284 -2.83667409
11.63911421 -2.85538095
11.67570112 -2.8866452
11.71135786 -2.93651295
11.76014042 -2.9831251
11.76344771 -3.01123707
11.70805057 -3.06312021
11.68903364 -3.12699228
11.71538862 -3.17691172
11.78437666 -3.22910491
11.88509403 -3.28315846
11.93418664 -3.31855682
11.92932905 -3.35100962
11.88276859 -3.42020436
11.86473351 -3.47859873
11.83290083 -3.53141204
11.83941206 -3.58003956
11.88478397 -3.62541147
11.87992639 -3.6659258
11.84912723 -3.69672495
11.78644372 -3.69026539
11.7334237 -3.69450286
11.68572635 -3.68199717
11.53679487 -3.52495249
11.50434208 -3.52035329
11.28833459 -3.64106943
11.23448775 -3.69078216
11.18999434 -3.76199228
11.13015303 -3.91629811
11.03201948 -3.82648447
10.94727014 -3.66215342
10.84856815 -3.56128102
10.64072554 -3.39808685
10.58543176 -3.27799082
10.34761681 -3.01309743
10.00613895 -2.74830739
9.75943566 -2.51855397
9.72202193 -2.46760101
9.76367313 -2.47385385
10.00200484 -2.58842051
10.03445764 -2.57560475
10.06205285 -2.54992156
9.9591134 -2.48982187
9.86082482 -2.44258961
9.76863407 -2.41313405
9.67633996 -2.41561452
9.62456017 -2.36709035
9.59097049 -2.29314137
9.57402062 -2.22999277
9.53319624 -2.16384694
9.40224816 -2.02762786
9.37051883 -1.97496958
9.2988953 -1.90303598
9.34251021 -1.89368255
9.4828634 -1.96230885
9.49526574 -1.93497202
9.48317346 -1.89461273
9.34220015 -1.82939707
9.26561568 -1.82505625
9.24794234 -1.7793226
9.25838097 -1.72630259
9.15750858 -1.52771006
9.05281213 -1.37908864
9.03627567 -1.30891204
9.3188424 -1.6319931
9.35666955 -1.63757415
9.40638228 -1.63457692
9.52337772 -1.59835174
9.5010535 -1.55515024
9.44834354 -1.50884816
9.39718387 -1.53013885
9.33062463 -1.53458302
9.29579471 -1.51520436
9.28018843 -1.48192474
9.34664432 -1.32498341
9.31791222 -1.33294158
9.29672489 -1.36089853
9.26013797 -1.37423105
9.20381066 -1.38239593
9.06459435 -1.29837005
8.9419145 -1.07151051
8.90935835 -1.02500172
8.87659549 -0.94609181
8.84424605 -0.91358733
8.70316939 -0.59102304
8.75722293 -0.61494923
8.82140506 -0.70838022
8.94635868 -0.68874318
8.99524458 -0.63468963
9.03792931 -0.63675669
9.08154422 -0.62430267
9.13652795 -0.5733497
9.29672489 -0.3512444
9.33909956 -0.05823903
9.32525028 0.1158072
9.30189253 0.28850983
9.35491255 0.34359691
9.37578983 0.3072167
9.38612512 0.24587678
9.41113651 0.20045319
9.46818729 0.15978384
9.57433068 0.14893179
9.73835168 0.08495637
9.79674605 0.04423534
9.81266239 0.12557404
10.00148807 0.19497549
9.94443729 0.21988353
9.77669559 0.19249502
9.54652876 0.29595124
9.47015099 0.36189037
9.39883752 0.48674063
9.32483687 0.55211131
9.33000451 0.61081574
9.49526574 0.66486929
9.538984 0.65866812
9.55665734 0.59417593
9.60109907 0.5677176
9.61794559 0.57650259
9.62528364 0.63164134
9.62590376 0.77943594
9.57536421 0.99130931
9.59086714 1.03197866
9.63618737 1.04670645
9.67649499 1.07471507
9.70455529 1.07998607
9.76057254 1.07471507
9.78863285 1.02567414
9.80387739 0.99875072
9.86030806 0.98624502
9.90676517 0.96009675
9.94671105 0.96712474
9.97978397 0.99771719
10.02846317 1.00402171
10.17894494 1.00355663
10.31547407 1.00309154
10.58718875 1.00216136
10.85890344 1.00128286
11.13061812 1.00040436
11.33536014 0.99968089
11.33468835 1.12075878
11.33360314 1.30762075
11.33236291 1.52838247
11.33117435 1.74020417
11.33003747 1.93590282
11.32874556 2.16741323
11.33995934 2.23381745
11.35334354 2.26141267
11.3483826 2.2997049
11.55901574 2.30218537
11.93976769 2.28515799
12.10611413 2.28750926
12.15339806 2.284357
12.36129235 2.2959842
12.52975752 2.28135977
12.60132938 2.26503002
12.66571821 2.25678762
12.86751468 2.24678823
13.13080611 2.25942312
13.22030969 2.25645173
13.26991906 2.22420563
13.29358687 2.1615738
NaN  NaN
6.65998661 0.12066478
6.55684045 0.0473876
6.51973677 0.06630117
6.49699914 0.11735749
6.46816369 0.22732494
6.4775688 0.28013825
6.5242843 0.34028962
6.62588016 0.40023428
6.6869617 0.40436839
6.74980025 0.32561351
6.75000695 0.24344798
6.65998661 0.12066478
NaN  NaN
7.42386763 1.56770824
7.3866606 1.54155996
7.34242557 1.56357412
7.33064334 1.60336498
7.38759077 1.68015615
7.41446252 1.69912141
7.43699344 1.68305003
7.45042931 1.66196605
7.45228967 1.63111522
7.42386763 1.56770824
NaN  NaN
