14.19084476 -5.87602345
14.39868737 -5.89266326
14.65789636 -5.88883921
14.74946699 -5.88010589
15.08934289 -5.87447316
15.42503299 -5.86884043
15.72692671 -5.86382781
16.06018802 -5.86491302
16.31526289 -5.86563649
16.43148319 -5.90020802
16.53710982 -5.96578541
16.5851689 -6.02526499
16.60806156 -6.05151662
16.6395325 -6.11451019
16.69730676 -6.16427459
16.7178223 -6.2414275
16.70097578 -6.3460206
16.70939904 -6.47169769
16.74298872 -6.61845875
16.81306196 -6.77255788
16.91941206 -6.93394337
16.96576582 -7.06210093
16.95201989 -7.15708221
16.98473107 -7.25743784
17.06379601 -7.36311614
17.12157027 -7.41903004
17.15505659 -7.46135304
17.24502526 -7.62330698
17.41132002 -7.88194752
17.53601525 -8.0758375
17.57957848 -8.09904022
17.64339888 -8.09072031
17.77879113 -8.07139332
17.9130465 -8.06767262
18.00875125 -8.10756683
18.04719852 -8.10079721
18.19147912 -8.02379933
18.33482954 -8.00033823
18.4846912 -7.96855722
18.56272261 -7.93589772
18.65341475 -7.93600107
18.89830936 -7.99811614
18.94445641 -8.00147511
19.14268721 -8.00147511
19.34086633 -7.9666452
19.36990848 -7.70655771
19.37166548 -7.65508799
19.41931115 -7.55731618
19.47992761 -7.47220509
19.48742069 -7.39071136
19.48380334 -7.279452
19.52762495 -7.14447316
19.66033003 -7.03714121
19.87520064 -6.98634328
19.9974154 -6.97647308
20.19006514 -6.94629404
20.48219201 -6.91585662
20.5900924 -6.91993906
20.59872237 -6.93513193
20.53691735 -7.1217872
20.53583215 -7.18276539
20.55836307 -7.24446705
20.60776574 -7.277695
20.91089969 -7.28146738
21.19036584 -7.2849297
21.51086307 -7.29666025
21.75105513 -7.30544524
21.78164758 -7.31469533
21.80609053 -7.32864796
21.84159224 -7.42099375
21.83363407 -7.60165455
21.78009728 -7.86541107
21.80087121 -8.11190765
21.89585249 -8.3411443
21.90541263 -8.69337086
21.87187463 -8.90348724
21.82944828 -9.16843231
21.8131702 -9.46872405
21.85668176 -9.59419443
21.94866581 -9.72555592
22.08912235 -9.86280853
22.19774621 -10.04062713
22.27453739 -10.25911509
22.30244266 -10.39667775
22.28166874 -10.45331512
22.28316735 -10.55155202
22.30704186 -10.69128509
22.28048018 -10.78399261
22.20348229 -10.82946787
22.17790246 -10.89230641
22.21665978 -11.01266082
22.22616825 -11.12200815
22.25665734 -11.16371103
22.27877486 -11.19414845
22.31494836 -11.19859262
22.39292809 -11.15947357
22.4861007 -11.08671315
22.56103153 -11.05581064
22.66650313 -11.05973805
22.81471113 -11.08025359
23.07624556 -11.08785003
23.15675744 -11.07477589
23.40015344 -10.97643564
23.46392215 -10.96930429
23.55993696 -10.97860605
23.69641442 -11.00759653
23.83392541 -11.01369435
23.90115645 -10.98315358
23.90730594 -10.9434144
23.92869999 -10.89147959
23.96647546 -10.87179087
23.98833459 -11.00279062
24.01003869 -11.18474334
24.02554162 -11.31563974
24.04140628 -11.37413747
24.04667728 -11.40535003
24.029314 -11.43919809
24.01468957 -11.51769459
23.9867843 -11.58725107
23.97097131 -11.63582692
23.98389042 -11.72502044
23.9734001 -11.85297129
23.96234134 -11.98784677
23.95887902 -12.117813
23.99649946 -12.35066701
23.99133182 -12.42213551
23.94471968 -12.54378183
23.90932132 -12.63612762
23.88653202 -12.74325286
23.8823979 -12.79901173
23.96802575 -12.95693491
23.96301314 -12.98845753
23.89748742 -12.99822438
23.84317549 -13.00096323
23.63584964 -13.00096323
23.33871016 -13.00096323
23.041519 -13.00096323
22.74437951 -13.00096323
22.47101118 -13.00096323
22.20958011 -13.00096323
21.97889652 -13.00096323
21.97899987 -13.15681935
21.97905155 -13.47778167
21.9791549 -13.79869232
21.97925825 -14.11960296
21.97936161 -14.4405136
21.97946496 -14.76142425
21.97956831 -15.08233489
21.97967167 -15.40324554
21.97977502 -15.72415618
21.97982669 -15.95556325
22.04018477 -16.26277964
22.15066898 -16.59717783
22.19392215 -16.62808034
22.30502648 -16.68957529
22.45943566 -16.81514902
22.54599369 -16.91023366
22.72195194 -17.07528818
22.95583947 -17.28576629
23.1816138 -17.47438527
23.38067142 -17.64062835
23.06823571 -17.69886769
22.62407678 -17.78160166
22.32425012 -17.83751556
21.96080977 -17.90521168
21.7184473 -17.94774139
21.41686364 -18.00070973
21.36880456 -17.9994695
21.28793094 -17.96298594
21.11347131 -17.95575123
20.90831587 -18.00608408
20.74553511 -18.01977833
20.62512902 -17.99667897
20.50761681 -17.9525473
20.39299849 -17.88743499
20.19435428 -17.86366383
19.91178755 -17.88133717
19.6393494 -17.86862477
19.37714318 -17.82547495
19.18945438 -17.8084734
19.0764897 -17.81767181
18.95530847 -17.80356414
18.82601403 -17.76630543
18.71806196 -17.70326019
18.58814741 -17.57003834
18.4866549 -17.44281097
18.46040327 -17.42462086
18.42826053 -17.40519052
18.39642785 -17.39940276
18.10879683 -17.39599212
17.83537682 -17.39278818
17.67884891 -17.3925298
17.29623661 -17.39196136
16.9136243 -17.39139292
16.531012 -17.39082448
16.14839969 -17.39025604
15.76578739 -17.3896876
15.38317508 -17.38911915
15.00056278 -17.38855071
14.61795047 -17.38798227
14.41470707 -17.38767221
14.22588138 -17.39774912
14.01752201 -17.40891123
13.98739465 -17.404157
13.93799198 -17.38875742
13.90419559 -17.36069712
13.79200606 -17.28840179
13.69438928 -17.23352142
13.56173587 -17.14122731
13.47600467 -17.03999318
13.40370934 -17.00785044
13.27570682 -16.98955698
13.1794853 -16.97167693
13.10114383 -16.96769785
12.96316776 -17.01544687
12.85924645 -17.06257578
12.78514245 -17.10825775
12.65657149 -17.16050262
12.54815433 -17.21269581
12.35927697 -17.20587453
12.31845259 -17.21341928
12.21334273 -17.20995696
12.11433068 -17.16453338
12.01392337 -17.16851247
11.90256066 -17.22659677
11.74303552 -17.24923105
11.78008752 -16.87126963
11.8189482 -16.70414804
11.81987837 -16.5042636
11.79693403 -15.98646575
11.76944217 -15.91535898
11.75083866 -15.83195322
11.84974735 -15.76839121
11.89987349 -15.71981536
11.96787967 -15.63403248
12.01614546 -15.5136264
12.07319624 -15.24821624
12.28041874 -14.63750416
12.37891402 -14.03909108
12.50366092 -13.75549082
12.55047977 -13.43778411
12.89764204 -13.02767995
12.98321821 -12.77570566
13.16274214 -12.65209564
13.41699019 -12.52042409
13.59796105 -12.28612314
13.68550093 -12.12385914
13.7853398 -11.81276702
13.78430627 -11.48803232
13.84745487 -11.0543637
13.83360558 -10.92972015
13.73893436 -10.75712086
13.72136437 -10.63361419
13.63351444 -10.51227793
13.53946333 -10.42070729
13.49543501 -10.2570997
13.33224084 -9.99892425
13.28748905 -9.82673838
13.20935428 -9.7032317
13.19684859 -9.55068288
13.15571415 -9.38965911
13.07592573 -9.23039235
12.99851444 -9.04807789
12.99851444 -8.99097544
13.04678023 -8.92229746
13.09277225 -8.89971486
13.07726932 -8.93428639
13.04657352 -8.97521413
13.05380822 -9.0068401
13.35900923 -8.68716969
13.37833622 -8.62474456
13.36810428 -8.55477467
13.36645064 -8.4691985
13.37854292 -8.36977304
13.09080855 -7.78014495
12.86229536 -7.23185801
12.82343469 -6.95476898
12.52133426 -6.59034677
12.40216841 -6.35346201
12.33426558 -6.1872706
12.28331262 -6.12432871
12.30253625 -6.09259938
12.38036096 -6.08427947
12.553477 -6.04588388
12.79067183 -6.00392262
13.0097799 -5.90759775
13.06817427 -5.86486134
13.18434289 -5.85628305
13.30263024 -5.88186289
13.34645186 -5.8634144
13.37151493 -5.86181243
13.64901737 -5.86176076
13.76451419 -5.85519785
13.9785063 -5.85726491
14.1137952 -5.86511972
14.19084476 -5.87602345
NaN  NaN
12.25530399 -5.74647064
12.21370446 -5.75871795
12.19897668 -5.73189788
12.15546512 -5.63267913
12.1800631 -5.53862802
12.20652144 -5.46824472
12.17716922 -5.32479095
12.11050663 -5.19720184
12.03991662 -5.03519622
12.01831587 -5.00429372
12.07753706 -4.95210052
12.16709232 -4.8376889
12.20435103 -4.77862274
12.3079106 -4.7655486
12.34666792 -4.7241041
12.37405643 -4.65775156
12.38459842 -4.61909759
12.50149051 -4.58752329
12.64168867 -4.5311443
12.7194617 -4.4697527
12.79821659 -4.43053029
12.84813602 -4.42892832
12.88105391 -4.44515472
12.97138431 -4.5517632
13.04807214 -4.61920094
13.0727218 -4.63480722
13.05732222 -4.65103362
12.9475098 -4.69526865
12.82963586 -4.7366098
12.67476159 -4.90538502
12.59616174 -4.97840382
12.57352746 -4.99654225
12.50273075 -5.03690154
12.45146773 -5.07152475
12.45322472 -5.09059336
12.48738285 -5.11271087
12.52236779 -5.14893605
12.51890547 -5.42457814
12.50376428 -5.69577606
12.48454064 -5.71877207
12.38599369 -5.72776377
12.25530399 -5.74647064
NaN  NaN
NaN  NaN
25.25879968 -17.79359059
25.2390076 -17.84309661
25.22396976 -17.91523691
25.24226322 -17.96908375
25.28241581 -18.04122405
25.34019006 -18.10447601
25.38432173 -18.14194142
25.43672163 -18.23490732
25.48927656 -18.35128265
25.55831628 -18.44176808
25.76124963 -18.64924896
25.7836772 -18.72355967
25.81189253 -18.79704355
25.93932661 -18.93863698
25.95917036 -18.98566253
25.95069543 -19.08172902
26.08190189 -19.36992848
26.16809818 -19.5382903
26.24101362 -19.56929616
26.4745911 -19.74861338
26.67824792 -19.89279062
26.91673465 -19.99014902
27.09181441 -20.05417612
27.1782174 -20.10094329
27.22152225 -20.14579844
27.25676558 -20.2320464
27.27464562 -20.38185638
27.28074344 -20.47869801
27.46894901 -20.47482228
27.6246501 -20.4835556
27.67932376 -20.50298594
27.69958093 -20.5306845
27.69482669 -20.59455657
27.6969971 -20.68974456
27.70428348 -20.76643239
27.68805708 -20.84833953
27.67689497 -20.94481943
27.66945357 -21.06429534
27.69343143 -21.11101084
27.84411991 -21.26149261
27.90747521 -21.35905771
27.97455122 -21.50674896
28.01403202 -21.55418792
28.04560632 -21.5731015
28.18161869 -21.58932789
28.53203657 -21.65123626
28.747734 -21.70761525
28.91929976 -21.76606129
28.99071659 -21.78146087
29.0255465 -21.79686045
29.03732873 -21.81138152
29.01583133 -21.93990081
29.02337609 -21.98124196
29.04239302 -22.01839731
29.07153853 -22.04749114
29.10688521 -22.06568125
29.23721317 -22.07947886
29.31524458 -22.15771697
29.36480228 -22.19389048
29.12988122 -22.21326914
29.01350589 -22.27843312
28.94580977 -22.39517018
28.8398214 -22.4808497
28.69554081 -22.53542002
28.54288862 -22.57293711
28.38176151 -22.59340097
28.21019575 -22.69365325
28.02798465 -22.87369394
27.93507043 -22.98702036
27.93134973 -23.03358082
27.89052534 -23.07388844
27.81259728 -23.10799489
27.76851729 -23.14892262
27.75828535 -23.196775
27.7167375 -23.21961598
27.64387373 -23.21765228
27.59266239 -23.25263722
27.56320682 -23.32462249
27.49871463 -23.36834075
27.39918583 -23.38363698
27.31340295 -23.42425465
27.2411593 -23.49003875
27.18555545 -23.52342173
27.14638472 -23.52440358
27.08550988 -23.57794036
26.9870146 -23.70454762
26.9705815 -23.76351043
26.83508589 -24.24079396
26.76113692 -24.29717295
26.61773482 -24.39546152
26.50151452 -24.51328379
26.45175012 -24.58268524
26.3971798 -24.61353607
26.13083947 -24.67146535
26.0318791 -24.70241953
25.91209313 -24.74748138
25.88186242 -24.7879957
25.85240685 -24.93527353
25.76987959 -25.14652679
25.70264855 -25.30233123
25.65924035 -25.43793019
25.58379276 -25.60624033
25.51816369 -25.66277435
25.44364627 -25.71445078
25.34618452 -25.73997894
25.21337609 -25.75625701
25.09250492 -25.7514511
24.9989189 -25.75403493
24.86921105 -25.81346282
24.74818485 -25.81739023
24.55584517 -25.78307708
24.40019575 -25.74979746
24.3305876 -25.74287282
24.19297326 -25.63290537
24.10450321 -25.63486907
23.96952437 -25.62608408
23.89371504 -25.60091766
23.82348677 -25.54464202
23.67073124 -25.4339511
23.5214897 -25.34439585
23.38930139 -25.29137583
23.26600142 -25.26662282
23.14869592 -25.28868865
23.05748701 -25.31230478
23.02203698 -25.32408701
22.95124027 -25.37028574
22.87884159 -25.45792897
22.81889693 -25.5951299
22.79605594 -25.67915578
22.72897993 -25.85728444
22.64019982 -26.07122487
22.59761844 -26.13271982
22.54862918 -26.17840179
22.47090783 -26.21901946
22.21753828 -26.38882822
22.09087935 -26.58013437
22.01098758 -26.63584157
21.91455936 -26.66193816
21.83322066 -26.67826792
21.78826216 -26.71004892
21.73803267 -26.8067872
21.69472782 -26.84094533
21.64625532 -26.85417449
21.50140628 -26.84265065
21.45494917 -26.83283213
21.07099328 -26.8517457
20.95389448 -26.82110158
20.87085046 -26.80875091
20.7398507 -26.84885182
20.68502201 -26.82244516
20.64145877 -26.74219166
20.61996138 -26.58080617
20.62678267 -26.44381194
20.69788944 -26.34014902
20.75700728 -26.26413299
20.81503991 -26.16496592
20.82263635 -26.12062754
20.81100915 -26.08052663
20.79938195 -25.99903289
20.79318078 -25.91557545
20.71070519 -25.73315765
20.60931603 -25.49115691
20.47314863 -25.22130259
20.43061893 -25.14709523
20.34524946 -25.0298414
20.02857629 -24.80701263
19.98046553 -24.77678191
19.98046553 -24.75197723
19.98020715 -24.53571136
19.97989709 -24.24906219
19.97958703 -23.96241302
19.97927697 -23.67581553
19.97891524 -23.38916636
19.9785535 -23.10251719
19.97824344 -22.81591969
19.97793338 -22.52927052
19.97762333 -22.24262135
19.97736494 -22.00015553
20.20536136 -22.00015553
20.48751468 -22.00015553
20.8227397 -22.00015553
20.97099938 -22.00015553
20.97952599 -21.96196665
20.97926761 -21.78404469
20.97869917 -21.37611094
20.97807905 -20.96817718
20.97745894 -20.56024342
20.97683882 -20.15230967
20.9762187 -19.74437591
20.97559859 -19.33644215
20.97497847 -18.9285084
20.97435835 -18.52052296
20.97409997 -18.31882985
21.23253381 -18.30684092
21.52967329 -18.26560312
22.01140099 -18.19863047
22.46005578 -18.11568979
22.75275109 -18.06716562
23.09991336 -18.00959808
23.21938928 -17.99972788
23.25153202 -18.00747934
23.29866092 -18.02737477
23.45978804 -18.23103159
23.56014367 -18.38642262
23.58060754 -18.45287851
23.59972782 -18.45995818
23.64716678 -18.44946787
23.70049686 -18.42435312
23.86431115 -18.26947886
23.89836592 -18.22922291
24.00259728 -18.15413706
24.1293079 -18.07750091
24.24392622 -18.02344736
24.35895796 -17.97823048
24.41218469 -17.98944427
24.4748682 -18.02851165
24.53052372 -18.0527479
24.79221317 -17.86459401
24.90910526 -17.82139251
25.21595991 -17.78759612
25.25879968 -17.79359059
NaN  NaN
NaN  NaN
28.73688195 -30.10198659
28.64691328 -30.12658457
28.63435591 -30.12875498
28.57668501 -30.12301889
28.49958377 -30.12891001
28.43912235 -30.14250091
28.3920968 -30.1475652
28.31546065 -30.21846526
28.17614098 -30.40982309
28.13903731 -30.44987233
28.12870202 -30.52511321
28.09640425 -30.58454111
28.0568201 -30.6310499
28.01816613 -30.64231536
27.90184248 -30.6238152
27.75306603 -30.60004404
27.66655969 -30.54232147
27.58966515 -30.46640879
27.54904748 -30.41121836
27.50656945 -30.38093597
27.49194502 -30.3639861
27.43143192 -30.33850962
27.40859094 -30.32533213
27.38843713 -30.31592702
27.36404585 -30.27923675
27.3496798 -30.24735239
27.35536421 -30.15862396
27.31267948 -30.10570729
27.23971236 -30.01532521
27.19351362 -29.94132456
27.13046838 -29.84019378
27.09176273 -29.75368743
27.05171349 -29.66402882
27.05693281 -29.62563323
27.09522505 -29.59927825
27.20746626 -29.5542164
27.29448937 -29.51933481
27.35681115 -29.45530771
27.42492069 -29.36001637
27.45804528 -29.30275888
27.49101485 -29.27661061
27.52713667 -29.23609629
27.59028527 -29.14648935
27.66046187 -29.04696054
27.7355994 -28.94009368
27.83037398 -28.90908782
27.95987512 -28.87337941
28.08441532 -28.7800001
28.23262333 -28.70124521
28.47188521 -28.61582407
28.58345462 -28.59417164
28.6258293 -28.58171762
28.65264937 -28.59789235
28.68117476 -28.64677825
28.72179243 -28.68770599
28.8161536 -28.75891611
28.85625451 -28.77607269
28.95371626 -28.88144093
29.0579993 -28.95373626
29.17799198 -29.03693532
29.25974409 -29.07827646
29.30134362 -29.08985198
29.33591515 -29.16369761
29.37095178 -29.21847462
29.39069217 -29.26968597
29.38676476 -29.31976043
29.34888594 -29.44197519
29.29354048 -29.56692881
29.2492021 -29.61881194
29.19514855 -29.65162648
29.14223189 -29.70097747
29.12197473 -29.8011264
29.09804854 -29.91905202
29.02900882 -29.96757619
28.97531701 -29.99940887
28.90110965 -30.03842457
28.73688195 -30.10198659
NaN  NaN
NaN  NaN
34.71935917 -12.11068165
34.68421919 -12.1186915
34.66210168 -12.10075978
34.66747603 -12.04758473
34.67993005 -12.00887908
34.71491499 -12.00278126
34.73899621 -12.01306487
34.75594608 -12.03078989
34.75625614 -12.0590569
34.7460242 -12.08835744
34.71935917 -12.11068165
NaN  NaN
34.64163781 -12.01368499
34.62179406 -12.06660166
34.58045292 -12.06577483
34.54159224 -12.01864593
34.55399458 -11.98226572
34.59140832 -11.97105193
34.62427453 -11.98474619
34.64163781 -12.01368499
NaN  NaN
33.33091678 -9.51916025
33.42093713 -9.60804372
33.46775598 -9.61972259
33.52749393 -9.60747527
33.69766442 -9.59812184
33.76623905 -9.61088592
33.85419234 -9.66297576
33.88881555 -9.67010711
33.94390262 -9.67217417
33.95366947 -9.65816985
33.95935388 -9.6273707
33.94958703 -9.56535898
33.96209273 -9.53171762
33.99557905 -9.49544077
34.08859663 -9.53776377
34.3208822 -9.73155039
34.32780684 -9.75656178
34.47596317 -9.94879811
34.52422896 -10.03013681
34.52422896 -10.07313161
34.56991092 -10.24108001
34.57998783 -10.31983489
34.56975589 -10.3796762
34.57161625 -10.42763193
34.58954797 -10.49615488
34.5835535 -10.52509368
34.63652184 -10.62560434
34.6618433 -10.71004363
34.66711429 -10.79246754
34.65233483 -10.87287607
34.60567101 -10.99028493
34.59766117 -11.03751719
34.6078931 -11.08051198
34.63812381 -11.12712412
34.68845666 -11.17745696
34.72643884 -11.23817677
34.7521737 -11.30943857
34.77377445 -11.34168467
34.80090458 -11.34090952
34.8506173 -11.3519166
34.89061486 -11.3935678
34.9370203 -11.46343434
34.95262658 -11.54373952
34.95949955 -11.57810434
34.82653609 -11.57567555
34.65951786 -11.58864634
34.61859012 -11.62022064
34.60629113 -11.69008717
34.55394291 -11.83410939
34.52474572 -11.88697438
34.46294071 -11.98376434
34.37596927 -12.12024179
34.35783084 -12.1647352
34.36082808 -12.2105722
34.4120911 -12.39588388
34.46583459 -12.59070403
34.48288781 -12.66677174
34.5212834 -12.92577402
34.54257409 -13.10870859
34.54567468 -13.21629892
34.56365807 -13.36016611
34.61151045 -13.43788747
34.66158491 -13.48667002
34.85051395 -13.51602223
34.90684126 -13.55167897
35.01381148 -13.64345631
35.2474923 -13.89687754
35.37575321 -14.05872812
35.48851118 -14.20104502
35.690411 -14.465525
35.8471973 -14.67093882
35.86667931 -14.86374358
35.89272424 -14.89180389
35.83991092 -15.03468922
35.80539107 -15.2656312
35.83029911 -15.4189035
35.81996382 -15.68033457
35.79123172 -15.95866383
35.7553166 -16.05829599
35.70885949 -16.09581308
35.59930545 -16.12588877
35.35849328 -16.16051198
35.32242313 -16.19317148
35.29146895 -16.24717335
35.24278975 -16.37538258
35.18527388 -16.50488372
35.16718713 -16.56022918
35.17834924 -16.57330332
35.22981896 -16.63924245
35.28118534 -16.80781097
35.29038374 -17.09694061
35.27255537 -17.118438
35.20139693 -17.13109873
35.12455407 -17.12727467
35.09303145 -17.11094492
35.06460941 -17.07859547
35.04399051 -17.01689381
35.09422001 -16.97384734
35.11215173 -16.89850311
35.07985396 -16.83390757
35.01531009 -16.81954152
34.93335127 -16.760372
34.75883996 -16.56710215
34.61269901 -16.43150319
34.52810469 -16.31915862
34.44133996 -16.27445851
34.41643192 -16.24681162
34.39555464 -16.1992693
34.39514123 -16.13090138
34.40304772 -16.08031015
34.37596927 -16.02372446
34.28832604 -15.93608123
34.24822513 -15.88750538
34.2461064 -15.82942108
34.28305505 -15.7734555
34.35803755 -15.70524261
34.41477827 -15.56674977
34.43493208 -15.47719451
34.54086877 -15.29730885
34.5554932 -15.14093597
34.55761193 -15.01593068
34.55120405 -14.92239634
34.5241256 -14.73072845
34.50531538 -14.59812672
34.37498742 -14.42485565
34.33250939 -14.40857757
34.20874434 -14.42377044
34.1018258 -14.4492986
34.0494259 -14.48526539
33.96984419 -14.48712575
33.76143314 -14.51730478
33.69606245 -14.53032724
33.65828698 -14.56164316
33.63642785 -14.56820607
33.50527306 -14.43410573
33.38993127 -14.28946339
33.24358361 -14.04307016
33.2017257 -14.01335622
33.14808556 -13.94095753
33.10359216 -13.95919931
33.04235558 -14.01004892
33.00928267 -14.02374318
32.99212609 -14.02219288
32.98122237 -14.00932545
32.96752811 -13.97687265
32.92029585 -13.88385508
32.86722416 -13.81739918
32.8110002 -13.79156097
32.7651632 -13.76107187
32.78536869 -13.7314096
32.80671105 -13.71027394
32.79751265 -13.68851816
32.77177778 -13.65658213
32.67204227 -13.61033172
32.6704403 -13.59043629
32.75844527 -13.55033538
32.81404911 -13.50274139
32.85182458 -13.45700775
32.89972863 -13.35701385
32.93853763 -13.25738169
32.96763146 -13.22498056
32.97765669 -13.15888641
32.97114546 -13.08431732
32.99047245 -12.98943939
32.99998091 -12.89962575
32.97052534 -12.86474415
32.9456173 -12.80438608
32.97517622 -12.70134328
33.02158166 -12.63049489
33.24342858 -12.55654591
33.39794112 -12.48983164
33.4306523 -12.46047942
33.4832589 -12.40342864
33.51230106 -12.34772145
33.49142378 -12.33108164
33.36998417 -12.32968637
33.34011519 -12.30834401
33.25236861 -12.11259368
33.30099613 -11.88821461
33.30513024 -11.80000294
33.30394168 -11.69081064
33.2883354 -11.61112558
33.24999149 -11.57763926
33.22642704 -11.53485117
33.23273156 -11.4177007
33.2683883 -11.40390309
33.34554121 -11.24913218
33.37975101 -11.15792327
33.33866825 -11.08516286
33.29324466 -10.9811382
33.27272912 -10.91504404
33.2613603 -10.89333994
33.29277958 -10.85230885
33.34486942 -10.81267303
33.40316043 -10.8017693
33.46475874 -10.78306243
33.65906213 -10.59051605
33.6615426 -10.55310231
33.62619592 -10.48861012
33.55374556 -10.3913034
33.53762251 -10.35156422
33.52894087 -10.23467213
33.50010542 -10.19968719
33.39354862 -10.12093231
33.31148644 -10.03799163
33.33711795 -9.95396575
33.35096724 -9.86218841
33.31045292 -9.81185556
33.25004317 -9.75955901
33.21268111 -9.68297454
33.19573124 -9.62613047
33.14808556 -9.60349619
33.10447066 -9.60266937
33.07243127 -9.63822275
33.03780806 -9.63501881
32.99600182 -9.62282317
32.98210086 -9.57362721
32.9798271 -9.52034881
32.95104333 -9.48422698
32.92334476 -9.43399749
32.91988244 -9.40738413
32.9372974 -9.39968434
32.97403934 -9.39498178
33.13051558 -9.49590586
33.22529015 -9.50045338
33.33091678 -9.51916025
NaN  NaN
NaN  NaN
32.88613773 -26.84931691
32.77653202 -26.85102223
32.58873986 -26.85572479
32.47773889 -26.85851531
32.35345707 -26.8616159
32.19956465 -26.83350392
32.11290327 -26.83949839
32.10597863 -26.51998301
32.07791833 -26.44980641
32.04830773 -26.34717702
32.04138309 -26.28128956
32.05998661 -26.21509205
32.06887495 -26.11013722
32.06050337 -26.0183082
31.96846764 -25.97221282
31.94826216 -25.95758839
31.92826338 -25.88539642
31.92025353 -25.77393035
31.98453902 -25.63197519
31.97937137 -25.35943369
31.98701948 -25.26347055
31.98577925 -25.07386972
31.98443566 -24.84406463
31.98319543 -24.63828908
31.98583093 -24.46067718
31.96665897 -24.37644459
31.9505876 -24.33029754
31.90795454 -24.23619476
31.85829349 -24.04023773
31.79964074 -23.89223642
31.72398644 -23.79456797
31.6999569 -23.74309824
31.67556563 -23.67426523
31.60409712 -23.55292897
31.5455994 -23.48233896
31.52963138 -23.42580495
31.53175012 -23.27945729
31.46668949 -23.01668263
31.4193022 -22.8251181
31.34798872 -22.61753387
31.3002397 -22.47857594
31.29316003 -22.45470143
31.28783736 -22.40204315
31.42953413 -22.29884531
31.57154097 -22.15347951
31.7376807 -21.98336069
31.88594038 -21.83153533
32.01632002 -21.69805511
32.19475874 -21.51537892
32.37107873 -21.33487314
32.41241987 -21.31182545
32.42978316 -21.29704599
32.35361209 -21.13648732
32.47618859 -20.95009043
32.48280318 -20.82885752
32.47763553 -20.71299896
32.49241499 -20.65977223
32.52931196 -20.61305674
32.67255903 -20.51611175
32.78087284 -20.36154754
32.86965295 -20.21721526
32.99274621 -19.98487802
33.00494185 -19.93020436
33.00675052 -19.87382537
32.97269575 -19.79538055
32.89047855 -19.6681015
32.83079227 -19.55818572
32.7776689 -19.3887387
32.8309473 -19.24146087
32.84996423 -19.15247405
32.8498092 -19.1043633
32.82619307 -19.05883636
32.76624841 -19.0243165
32.716484 -19.00188893
32.69974084 -18.94091074
32.69922407 -18.86846038
32.7219617 -18.82841115
32.85446008 -18.76366058
32.88453576 -18.7285206
32.90029707 -18.68903981
32.90169234 -18.6329192
32.94251672 -18.49266937
32.99305627 -18.35960255
32.99641524 -18.312577
32.97848351 -18.27144256
32.96468591 -18.19625335
32.95553918 -18.08287526
32.95471236 -17.76537526
32.98075728 -17.43753997
32.96928511 -17.25160817
32.88443241 -17.03782277
32.87626753 -16.88356862
32.93791751 -16.77592661
32.94799442 -16.71231292
32.90288089 -16.70419972
32.81022505 -16.69763681
32.74175378 -16.67763803
32.63586877 -16.58942636
32.45200402 -16.51573577
32.24323124 -16.44871144
31.93989058 -16.42881601
31.68760624 -16.21415211
31.48989221 -16.17973561
31.42622684 -16.1523471
31.23626428 -16.02367278
30.93876306 -16.01168385
30.6301514 -15.99917816
30.43776004 -15.9953541
30.40938968 -15.97819752
30.39812422 -15.80074066
30.39605716 -15.64307586
30.37983076 -15.50587493
30.3505819 -15.34970875
30.30567508 -15.28883392
30.2521383 -15.18320729
30.2249565 -15.06693532
30.22175256 -15.01050465
30.23188114 -14.99035084
30.44607995 -14.90751352
30.53770226 -14.86653411
30.6733529 -14.81909515
30.91514693 -14.75331105
31.13089603 -14.6946583
31.32845503 -14.63765919
31.53795129 -14.57714609
31.62306237 -14.53668344
31.7288957 -14.49606577
31.98211022 -14.41441701
32.0545089 -14.38651173
32.19992639 -14.34077809
32.27289351 -14.3230014
32.55318648 -14.22957041
32.87451053 -14.12249684
32.98716515 -14.08497975
33.2017257 -14.01335622
33.24358361 -14.04307016
33.38993127 -14.28946339
33.50527306 -14.43410573
33.63642785 -14.56820607
33.65828698 -14.56164316
33.69606245 -14.53032724
33.76143314 -14.51730478
33.96984419 -14.48712575
34.0494259 -14.48526539
34.1018258 -14.4492986
34.20874434 -14.42377044
34.33250939 -14.40857757
34.37498742 -14.42485565
34.50531538 -14.59812672
34.5241256 -14.73072845
34.55120405 -14.92239634
34.55761193 -15.01593068
34.5554932 -15.14093597
34.54086877 -15.29730885
34.43493208 -15.47719451
34.41477827 -15.56674977
34.35803755 -15.70524261
34.28305505 -15.7734555
34.2461064 -15.82942108
34.24822513 -15.88750538
34.28832604 -15.93608123
34.37596927 -16.02372446
34.40304772 -16.08031015
34.39514123 -16.13090138
34.39555464 -16.1992693
34.41643192 -16.24681162
34.44133996 -16.27445851
34.52810469 -16.31915862
34.61269901 -16.43150319
34.75883996 -16.56710215
34.93335127 -16.760372
35.01531009 -16.81954152
35.07985396 -16.83390757
35.11215173 -16.89850311
35.09422001 -16.97384734
35.04399051 -17.01689381
35.06460941 -17.07859547
35.09303145 -17.11094492
35.12455407 -17.12727467
35.20139693 -17.13109873
35.27255537 -17.118438
35.29038374 -17.09694061
35.28118534 -16.80781097
35.22981896 -16.63924245
35.17834924 -16.57330332
35.16718713 -16.56022918
35.18527388 -16.50488372
35.24278975 -16.37538258
35.29146895 -16.24717335
35.32242313 -16.19317148
35.35849328 -16.16051198
35.59930545 -16.12588877
35.70885949 -16.09581308
35.7553166 -16.05829599
35.79123172 -15.95866383
35.81996382 -15.68033457
35.83029911 -15.4189035
35.80539107 -15.2656312
35.83991092 -15.03468922
35.89272424 -14.89180389
35.86667931 -14.86374358
35.8471973 -14.67093882
35.690411 -14.465525
35.48851118 -14.20104502
35.37575321 -14.05872812
35.2474923 -13.89687754
35.01381148 -13.64345631
34.90684126 -13.55167897
34.85051395 -13.51602223
34.66158491 -13.48667002
34.61151045 -13.43788747
34.56365807 -13.36016611
34.54567468 -13.21629892
34.54257409 -13.10870859
34.5212834 -12.92577402
34.48288781 -12.66677174
34.46583459 -12.59070403
34.4120911 -12.39588388
34.36082808 -12.2105722
34.35783084 -12.1647352
34.37596927 -12.12024179
34.46294071 -11.98376434
34.52474572 -11.88697438
34.55394291 -11.83410939
34.60629113 -11.69008717
34.61859012 -11.62022064
34.65951786 -11.58864634
34.82653609 -11.57567555
34.95949955 -11.57810434
35.18263838 -11.57484873
35.41823124 -11.58316863
35.45140751 -11.58952483
35.50442752 -11.60482106
35.56432051 -11.60234059
35.63098311 -11.58198008
35.70472538 -11.532164
35.78544396 -11.45294402
35.91132775 -11.45464935
36.08217004 -11.53733164
36.17549767 -11.60926523
36.19131066 -11.67065683
36.30567061 -11.70631357
36.51868086 -11.71623545
36.67381351 -11.68429941
36.77106856 -11.61040211
36.8727161 -11.57128305
36.97885949 -11.56694223
37.05916467 -11.59221201
37.11383833 -11.64714406
37.21837975 -11.6865215
37.37289229 -11.71044769
37.54171919 -11.67510101
37.72486047 -11.58063649
37.82929854 -11.4819345
37.8550334 -11.3790984
37.88536747 -11.31667327
37.92019738 -11.29476247
38.0172974 -11.28210174
38.17656416 -11.27869109
38.31510868 -11.31109222
38.49173872 -11.4133082
38.60335982 -11.34535369
38.79476932 -11.22892669
38.98752241 -11.16727671
39.17097375 -11.1668633
39.32155887 -11.12257659
39.43917443 -11.03451995
39.56345625 -10.97855438
39.69440433 -10.95478322
39.81708418 -10.91235687
39.98870161 -10.8208379
40.16626183 -10.68746103
40.34743941 -10.55155202
40.46355635 -10.4643222
40.5167314 -10.567365
40.61171268 -10.66151946
40.55507531 -10.71619313
40.48665571 -10.76518239
40.59713993 -10.8307081
40.51611128 -10.92961679
40.50618941 -10.9984498
40.52685998 -11.0254249
40.54453332 -11.06557749
40.49140995 -11.1789039
40.42102665 -11.26561696
40.40283654 -11.33207285
40.46515832 -11.44937835
40.43311893 -11.65732431
40.49358036 -11.84444468
40.51042687 -11.94040781
40.53151086 -12.00458994
40.50143517 -12.11941497
40.50918664 -12.31289153
40.52313928 -12.3927833
40.48706913 -12.49220875
40.54835737 -12.52652191
40.58081017 -12.6355075
40.57202518 -12.75844573
40.55331831 -12.82459157
40.44769168 -12.90479339
40.43518599 -12.9359026
40.43683963 -12.98313486
40.56871789 -12.98463348
40.57326542 -13.05775563
40.56448042 -13.11521982
40.56954471 -13.22343027
40.55197473 -13.29371022
40.58287723 -13.37401539
40.54515344 -13.46289886
40.5581759 -13.53147348
40.55982954 -13.62030527
40.59052534 -13.84504608
40.59569299 -14.1228069
40.60251428 -14.16740366
40.64953983 -14.19882293
40.71558231 -14.21448089
40.71310184 -14.29065195
40.63992801 -14.39007741
40.63558719 -14.45183074
40.64612918 -14.53869883
40.72664107 -14.42072153
40.77501021 -14.42128997
40.81810835 -14.46759205
40.81211389 -14.53549489
40.8269967 -14.56908457
40.82058882 -14.63492034
40.84456668 -14.71863616
40.83516157 -14.79149993
40.77594038 -14.84245289
40.7006995 -14.92978607
40.68736698 -15.01158986
40.69439497 -15.06522999
40.64220178 -15.08238657
40.6178105 -15.11551116
40.65315718 -15.19266408
40.65098677 -15.26098032
40.55900272 -15.47342213
40.31384973 -15.76394704
40.20801639 -15.86709319
40.10879764 -15.97933441
40.10890099 -16.02527475
40.09918583 -16.06532399
39.98363732 -16.22552093
39.85971724 -16.25177256
39.79088423 -16.29456064
39.84462772 -16.4356373
39.76452925 -16.46819345
39.62541629 -16.57940114
39.24228723 -16.7926181
39.18172245 -16.84202077
39.08436405 -16.97286549
38.95599979 -17.00459482
38.88478967 -17.04159515
38.75756229 -17.05513437
38.71322391 -17.04572926
38.66991906 -17.05032846
38.63333215 -17.07828541
38.38073775 -17.17016611
38.14488651 -17.2427715
38.08690555 -17.27594777
38.04825158 -17.32137135
37.83947879 -17.39320159
37.51226362 -17.57065846
37.24447635 -17.73995045
37.05058638 -17.90924245
36.99953006 -17.93492563
36.9393787 -17.99347503
36.91922489 -18.08008473
36.89958784 -18.12897064
36.75613407 -18.30735768
36.54012658 -18.51819752
36.49801029 -18.57576507
36.41217573 -18.69296722
36.4037008 -18.7697584
36.32721968 -18.79311614
36.2629342 -18.71963226
36.23564904 -18.86132903
36.18314579 -18.87140594
36.12495812 -18.84236378
35.98005741 -18.9124887
35.85376021 -18.993414
35.65129195 -19.16384287
35.36531457 -19.49395192
34.94787235 -19.81269215
34.89082157 -19.8217872
34.8523743 -19.82054697
34.72101281 -19.70954599
34.64938928 -19.70138112
34.71346805 -19.76721689
34.75573937 -19.82199391
34.74499068 -19.92948089
34.74995161 -20.09081471
34.69817183 -20.4043873
34.70509647 -20.4730136
34.76473107 -20.56189707
34.87707564 -20.67083099
34.98228885 -20.80622324
35.11757775 -21.19519175
35.12801639 -21.39533457
35.26764611 -21.6509262
35.27291711 -21.76172047
35.32934777 -22.03736256
35.32562707 -22.26039804
35.31570519 -22.39682383
35.38298791 -22.45459808
35.4077926 -22.40255991
35.40086795 -22.31620859
35.41885135 -22.17766408
35.45636844 -22.11591074
35.49378218 -22.12474741
35.50484094 -22.1901181
35.53005903 -22.24815073
35.54029097 -22.30266937
35.54204797 -22.37656666
35.49026818 -22.65768646
35.50577111 -22.77209808
35.57543094 -22.96309417
35.4944023 -23.18519948
35.37699344 -23.70780324
35.37037886 -23.79823699
35.3988009 -23.83766611
35.46205285 -23.85110198
35.48530724 -23.78443939
35.52251428 -23.78500783
35.54194461 -23.82443694
35.48964806 -24.06555918
35.43807499 -24.1711858
35.25483036 -24.43029144
35.15592167 -24.54139577
34.99210737 -24.65063974
34.60732466 -24.82127532
33.83600223 -25.06797861
33.53007775 -25.18884979
33.34745324 -25.26093841
32.96112023 -25.49038177
32.7921383 -25.64437754
32.72258182 -25.82090423
32.65591922 -25.90177785
32.59039351 -26.00409718
32.64744429 -26.09199879
32.70346154 -26.15845469
32.76960737 -26.20299977
32.80392053 -26.24144704
32.84887902 -26.2680604
32.89404422 -26.12992929
32.91636844 -26.08688283
32.95491906 -26.08362721
32.93362837 -26.25229909
32.88918664 -26.83045501
32.88613773 -26.84931691
NaN  NaN
34.71935917 -12.11068165
34.7460242 -12.08835744
34.75625614 -12.0590569
34.75594608 -12.03078989
34.73899621 -12.01306487
34.71491499 -12.00278126
34.67993005 -12.00887908
34.66747603 -12.04758473
34.66210168 -12.10075978
34.68421919 -12.1186915
34.71935917 -12.11068165
34.64163781 -12.01368499
34.62427453 -11.98474619
34.59140832 -11.97105193
34.55399458 -11.98226572
34.54159224 -12.01864593
34.58045292 -12.06577483
34.62179406 -12.06660166
NaN  NaN
NaN  NaN
23.38067142 -17.64062835
23.59487023 -17.59944223
23.79925052 -17.56016815
24.03691043 -17.52094573
24.22713138 -17.48957814
24.27493208 -17.48099985
24.73288862 -17.51774179
24.93241133 -17.54347666
25.0017611 -17.5685914
25.09214318 -17.63432383
25.25879968 -17.79359059
25.21595991 -17.78759612
24.90910526 -17.82139251
24.79221317 -17.86459401
24.53052372 -18.0527479
24.4748682 -18.02851165
24.41218469 -17.98944427
24.35895796 -17.97823048
24.24392622 -18.02344736
24.1293079 -18.07750091
24.00259728 -18.15413706
23.89836592 -18.22922291
23.86431115 -18.26947886
23.70049686 -18.42435312
23.64716678 -18.44946787
23.59972782 -18.45995818
23.58060754 -18.45287851
23.56014367 -18.38642262
23.45978804 -18.23103159
23.29866092 -18.02737477
23.25153202 -18.00747934
23.21938928 -17.99972788
23.09991336 -18.00959808
22.75275109 -18.06716562
22.46005578 -18.11568979
22.01140099 -18.19863047
21.52967329 -18.26560312
21.23253381 -18.30684092
20.97409997 -18.31882985
20.97435835 -18.52052296
20.97497847 -18.9285084
20.97559859 -19.33644215
20.9762187 -19.74437591
20.97683882 -20.15230967
20.97745894 -20.56024342
20.97807905 -20.96817718
20.97869917 -21.37611094
20.97926761 -21.78404469
20.97952599 -21.96196665
20.97099938 -22.00015553
20.8227397 -22.00015553
20.48751468 -22.00015553
20.20536136 -22.00015553
19.97736494 -22.00015553
19.97762333 -22.24262135
19.97793338 -22.52927052
19.97824344 -22.81591969
19.9785535 -23.10251719
19.97891524 -23.38916636
19.97927697 -23.67581553
19.97958703 -23.96241302
19.97989709 -24.24906219
19.98020715 -24.53571136
19.98046553 -24.75197723
19.98046553 -24.77678191
19.98041385 -25.19675628
19.98041385 -25.64158701
19.98041385 -26.08636606
19.98041385 -26.53114511
19.98041385 -26.97597584
19.98041385 -27.4207549
19.98041385 -27.86553395
19.98041385 -28.31036468
19.98041385 -28.45128631
19.87783613 -28.44942596
19.67144046 -28.50389292
19.53982059 -28.57463795
19.48287316 -28.66166107
19.40721887 -28.71447438
19.31265099 -28.7332846
19.27099979 -28.77772633
19.28226525 -28.8479546
19.24578169 -28.90164642
19.16175581 -28.9387501
19.0260535 -28.92794972
18.83877811 -28.86914194
18.60034305 -28.85524098
18.31085168 -28.88624684
18.10269901 -28.87167409
17.97609175 -28.81131601
17.84162967 -28.77689951
17.69931278 -28.76832122
17.61678552 -28.74310312
17.44795861 -28.69814463
17.41571252 -28.62104339
17.39586877 -28.56264902
17.34780969 -28.50115407
17.34259037 -28.45164804
17.38031416 -28.41392425
17.38568851 -28.35320444
17.35871341 -28.26943694
17.31204959 -28.22861256
17.24580041 -28.23088633
17.20456262 -28.19884694
17.18843957 -28.1324944
17.14937219 -28.08226491
17.05625125 -28.03100189
16.93331302 -28.06965586
16.87528039 -28.12794687
16.84117394 -28.21889739
16.81011641 -28.26457936
16.7945618 -28.34085377
16.78748213 -28.39470062
16.7557528 -28.45216481
16.72304162 -28.47552256
16.68945194 -28.46498056
16.62619999 -28.4879249
16.48708703 -28.57288095
16.44755456 -28.61752939
16.33505497 -28.53650075
16.00711633 -28.23171315
15.89094771 -28.15254485
15.71907189 -27.96578623
15.34152388 -27.38649342
15.28757368 -27.27497568
15.21574344 -26.99509612
15.13285445 -26.78756357
15.12375939 -26.66788095
15.16324019 -26.60018483
15.13905562 -26.50799407
15.09657759 -26.42582855
14.96779992 -26.31803151
14.93121301 -25.95815683
14.84522342 -25.72571624
14.86372359 -25.53358327
14.82258915 -25.35860687
14.81855838 -25.24636566
14.8371619 -25.0331487
14.76801883 -24.7879957
14.6279757 -24.54801035
14.50157515 -24.20198496
14.48338504 -24.05036631
14.49692427 -23.64284596
14.47242964 -23.47665455
14.47387658 -23.28111094
14.42385379 -23.07864267
14.40328657 -22.96805511
14.4385299 -22.88056691
14.45930383 -22.90816212
14.49568403 -22.92139129
14.51997196 -22.80517099
14.52596642 -22.7025416
14.46281782 -22.44912038
14.32184452 -22.18991139
13.9732353 -21.76761159
13.88807254 -21.60669118
13.83939334 -21.47326263
13.45057987 -20.91670745
13.28438846 -20.52396657
13.1683232 -20.18465911
13.04212935 -20.02818288
12.45818566 -18.9267514
12.32868452 -18.75105153
12.09572717 -18.54093515
12.04126021 -18.47065521
11.95134321 -18.27046071
11.77585005 -18.00174326
11.73347538 -17.75100921
11.72169315 -17.46678883
11.74303552 -17.24923105
11.90256066 -17.22659677
12.01392337 -17.16851247
12.11433068 -17.16453338
12.21334273 -17.20995696
12.31845259 -17.21341928
12.35927697 -17.20587453
12.54815433 -17.21269581
12.65657149 -17.16050262
12.78514245 -17.10825775
12.85924645 -17.06257578
12.96316776 -17.01544687
13.10114383 -16.96769785
13.1794853 -16.97167693
13.27570682 -16.98955698
13.40370934 -17.00785044
13.47600467 -17.03999318
13.56173587 -17.14122731
13.69438928 -17.23352142
13.79200606 -17.28840179
13.90419559 -17.36069712
13.93799198 -17.38875742
13.98739465 -17.404157
14.01752201 -17.40891123
14.22588138 -17.39774912
14.41470707 -17.38767221
14.61795047 -17.38798227
15.00056278 -17.38855071
15.38317508 -17.38911915
15.76578739 -17.3896876
16.14839969 -17.39025604
16.531012 -17.39082448
16.9136243 -17.39139292
17.29623661 -17.39196136
17.67884891 -17.3925298
17.83537682 -17.39278818
18.10879683 -17.39599212
18.39642785 -17.39940276
18.42826053 -17.40519052
18.46040327 -17.42462086
18.4866549 -17.44281097
18.58814741 -17.57003834
18.71806196 -17.70326019
18.82601403 -17.76630543
18.95530847 -17.80356414
19.0764897 -17.81767181
19.18945438 -17.8084734
19.37714318 -17.82547495
19.6393494 -17.86862477
19.91178755 -17.88133717
20.19435428 -17.86366383
20.39299849 -17.88743499
20.50761681 -17.9525473
20.62512902 -17.99667897
20.74553511 -18.01977833
20.90831587 -18.00608408
21.11347131 -17.95575123
21.28793094 -17.96298594
21.36880456 -17.9994695
21.41686364 -18.00070973
21.7184473 -17.94774139
21.96080977 -17.90521168
22.32425012 -17.83751556
22.62407678 -17.78160166
23.06823571 -17.69886769
23.38067142 -17.64062835
NaN  NaN
NaN  NaN
37.85694543 -46.94426605
37.81395064 -46.96286956
37.61179243 -46.94643646
37.59008833 -46.90798919
37.64972293 -46.84892303
37.68486291 -46.82406666
37.78955936 -46.83750254
37.87286177 -46.88545827
37.88774458 -46.90168467
37.85694543 -46.94426605
NaN  NaN
27.83037398 -28.90908782
27.7355994 -28.94009368
27.66046187 -29.04696054
27.59028527 -29.14648935
27.52713667 -29.23609629
27.49101485 -29.27661061
27.45804528 -29.30275888
27.42492069 -29.36001637
27.35681115 -29.45530771
27.29448937 -29.51933481
27.20746626 -29.5542164
27.09522505 -29.59927825
27.05693281 -29.62563323
27.05171349 -29.66402882
27.09176273 -29.75368743
27.13046838 -29.84019378
27.19351362 -29.94132456
27.23971236 -30.01532521
27.31267948 -30.10570729
27.35536421 -30.15862396
27.3496798 -30.24735239
27.36404585 -30.27923675
27.38843713 -30.31592702
27.40859094 -30.32533213
27.43143192 -30.33850962
27.49194502 -30.3639861
27.50656945 -30.38093597
27.54904748 -30.41121836
27.58966515 -30.46640879
27.66655969 -30.54232147
27.75306603 -30.60004404
27.90184248 -30.6238152
28.01816613 -30.64231536
28.0568201 -30.6310499
28.09640425 -30.58454111
28.12870202 -30.52511321
28.13903731 -30.44987233
28.17614098 -30.40982309
28.31546065 -30.21846526
28.3920968 -30.1475652
28.43912235 -30.14250091
28.49958377 -30.12891001
28.57668501 -30.12301889
28.63435591 -30.12875498
28.64691328 -30.12658457
28.73688195 -30.10198659
28.90110965 -30.03842457
28.97531701 -29.99940887
29.02900882 -29.96757619
29.09804854 -29.91905202
29.12197473 -29.8011264
29.14223189 -29.70097747
29.19514855 -29.65162648
29.2492021 -29.61881194
29.29354048 -29.56692881
29.34888594 -29.44197519
29.38676476 -29.31976043
29.39069217 -29.26968597
29.37095178 -29.21847462
29.33591515 -29.16369761
29.30134362 -29.08985198
29.25974409 -29.07827646
29.17799198 -29.03693532
29.0579993 -28.95373626
28.95371626 -28.88144093
28.85625451 -28.77607269
28.8161536 -28.75891611
28.72179243 -28.68770599
28.68117476 -28.64677825
28.65264937 -28.59789235
28.6258293 -28.58171762
28.58345462 -28.59417164
28.47188521 -28.61582407
28.23262333 -28.70124521
28.08441532 -28.7800001
27.95987512 -28.87337941
27.83037398 -28.90908782
NaN  NaN
30.19038496 -22.29114552
30.46018762 -22.32902435
30.71164514 -22.29781178
30.9160771 -22.29068043
31.07338016 -22.30778533
31.19730025 -22.34488901
31.28783736 -22.40204315
31.29316003 -22.45470143
31.3002397 -22.47857594
31.34798872 -22.61753387
31.4193022 -22.8251181
31.46668949 -23.01668263
31.53175012 -23.27945729
31.52963138 -23.42580495
31.5455994 -23.48233896
31.60409712 -23.55292897
31.67556563 -23.67426523
31.6999569 -23.74309824
31.72398644 -23.79456797
31.79964074 -23.89223642
31.85829349 -24.04023773
31.90795454 -24.23619476
31.9505876 -24.33029754
31.96665897 -24.37644459
31.98583093 -24.46067718
31.98319543 -24.63828908
31.98443566 -24.84406463
31.98577925 -25.07386972
31.98701948 -25.26347055
31.97937137 -25.35943369
31.98453902 -25.63197519
31.92025353 -25.77393035
31.92826338 -25.88539642
31.94826216 -25.95758839
31.92170047 -25.96880218
31.87147098 -25.98161793
31.64047733 -25.86730967
31.41511641 -25.74654184
31.38261193 -25.74297617
31.33517297 -25.75558522
31.20732547 -25.8433318
31.08805627 -25.98068776
31.03327925 -26.09773488
30.94522261 -26.21870941
30.8033708 -26.4134262
30.78905643 -26.45543914
30.78750614 -26.6136207
30.79427575 -26.76430918
30.80672977 -26.78528981
30.88331424 -26.79242116
30.93809126 -26.9157728
31.06335493 -27.11229827
31.27398807 -27.23838877
31.46953169 -27.2955429
31.74253828 -27.30996063
31.95839074 -27.30587819
31.94604007 -27.17358652
31.96717573 -26.96067962
31.9946676 -26.81748423
32.02484663 -26.8111797
32.08169071 -26.82482228
32.11290327 -26.83949839
32.19956465 -26.83350392
32.35345707 -26.8616159
32.47773889 -26.85851531
32.58873986 -26.85572479
32.77653202 -26.85102223
32.88613773 -26.84931691
32.84908573 -27.08015553
32.70583866 -27.4415805
32.65705611 -27.60735849
32.53478967 -28.19967376
32.37521284 -28.49826019
32.28570926 -28.6214568
32.02722375 -28.83953135
31.95539351 -28.88381805
31.89152144 -28.91208506
31.7782467 -28.93709645
31.33517297 -29.37810312
31.16991174 -29.59080332
31.02335737 -29.90086191
30.87762984 -30.07108408
30.66358605 -30.43416269
30.4722799 -30.71455901
30.28872521 -30.97015065
29.97122521 -31.32206715
29.83025191 -31.42386972
29.73516727 -31.47037851
29.48288293 -31.67470713
29.12786584 -32.00316253
28.85594445 -32.2942042
28.44935428 -32.6246233
28.21401981 -32.76921396
27.86065637 -33.0539511
27.76205773 -33.09601572
27.36373579 -33.3604957
27.07744836 -33.52120941
26.61370405 -33.70745127
26.42952925 -33.75954111
25.98955611 -33.71137868
25.80589806 -33.73711354
25.65241906 -33.84956146
25.63815637 -34.01115366
25.57418094 -34.03538991
25.47723596 -34.02815521
25.16976118 -33.96076914
25.00294966 -33.97358489
24.90559126 -34.05978118
24.82714644 -34.16897348
24.59553267 -34.17450286
24.18305139 -34.06153818
23.69780969 -33.99280853
23.58556848 -33.98516041
23.35033736 -34.06897959
23.26817183 -34.08117523
22.92555708 -34.06319183
22.73559452 -34.01027516
22.55379683 -34.01006845
22.41447717 -34.05378672
22.24549523 -34.06918629
21.78898563 -34.3726303
21.55323775 -34.37304372
21.34983931 -34.40818369
21.24896691 -34.40704681
21.06014123 -34.36467213
20.98986128 -34.36751434
20.8823743 -34.38653126
20.77478397 -34.43991302
20.52983768 -34.46306406
20.43464969 -34.50864267
20.02061812 -34.78578338
19.92625695 -34.77467295
19.84998254 -34.75668955
19.63500858 -34.7532789
19.39150923 -34.60569101
19.29828495 -34.61499277
19.32329634 -34.57080942
19.33073775 -34.4923646
19.27937137 -34.43701914
19.24464481 -34.4123178
19.14914676 -34.41686533
19.09829715 -34.35009938
18.9521562 -34.34379485
18.90161665 -34.36064137
18.8313367 -34.36405202
18.82513553 -34.29645924
18.83061323 -34.25387786
18.82637577 -34.18850718
18.80880578 -34.108202
18.75216841 -34.08257049
18.70865685 -34.07187347
18.60520064 -34.07735117
18.53388716 -34.08592946
18.50040083 -34.1092872
18.46216027 -34.16804331
18.46164351 -34.34689544
18.41038049 -34.29563242
18.35208947 -34.1884555
18.3333826 -34.07425058
18.35436323 -33.93906504
18.46505415 -33.88780202
18.45647586 -33.79643808
18.43301476 -33.71726979
18.30950809 -33.51449147
18.2612423 -33.4216806
18.15633915 -33.3587387
18.07479374 -33.20732676
17.99262821 -33.15239471
17.95841841 -33.04635467
17.87821659 -32.96155364
17.85103478 -32.82740163
17.89526981 -32.75050709
17.9652397 -32.70854583
18.03655318 -32.77510508
18.12502323 -32.74916351
18.25090702 -32.65211517
18.32532108 -32.50494069
18.32986861 -32.26950286
18.31074833 -32.12243174
18.21080611 -31.74250661
18.1636772 -31.65517344
17.93857466 -31.38325205
17.67740197 -31.01903655
17.34708622 -30.44480804
17.18905969 -30.09981618
16.95000451 -29.40342457
16.73947473 -29.0093401
16.4807825 -28.64150726
16.44755456 -28.61752939
16.48708703 -28.57288095
16.62619999 -28.4879249
16.68945194 -28.46498056
16.72304162 -28.47552256
16.7557528 -28.45216481
16.78748213 -28.39470062
16.7945618 -28.34085377
16.81011641 -28.26457936
16.84117394 -28.21889739
16.87528039 -28.12794687
16.93331302 -28.06965586
17.05625125 -28.03100189
17.14937219 -28.08226491
17.18843957 -28.1324944
17.20456262 -28.19884694
17.24580041 -28.23088633
17.31204959 -28.22861256
17.35871341 -28.26943694
17.38568851 -28.35320444
17.38031416 -28.41392425
17.34259037 -28.45164804
17.34780969 -28.50115407
17.39586877 -28.56264902
17.41571252 -28.62104339
17.44795861 -28.69814463
17.61678552 -28.74310312
17.69931278 -28.76832122
17.84162967 -28.77689951
17.97609175 -28.81131601
18.10269901 -28.87167409
18.31085168 -28.88624684
18.60034305 -28.85524098
18.83877811 -28.86914194
19.0260535 -28.92794972
19.16175581 -28.9387501
19.24578169 -28.90164642
19.28226525 -28.8479546
19.27099979 -28.77772633
19.31265099 -28.7332846
19.40721887 -28.71447438
19.48287316 -28.66166107
19.53982059 -28.57463795
19.67144046 -28.50389292
19.87783613 -28.44942596
19.98041385 -28.45128631
19.98041385 -28.31036468
19.98041385 -27.86553395
19.98041385 -27.4207549
19.98041385 -26.97597584
19.98041385 -26.53114511
19.98041385 -26.08636606
19.98041385 -25.64158701
19.98041385 -25.19675628
19.98046553 -24.77678191
20.02857629 -24.80701263
20.34524946 -25.0298414
20.43061893 -25.14709523
20.47314863 -25.22130259
20.60931603 -25.49115691
20.71070519 -25.73315765
20.79318078 -25.91557545
20.79938195 -25.99903289
20.81100915 -26.08052663
20.82263635 -26.12062754
20.81503991 -26.16496592
20.75700728 -26.26413299
20.69788944 -26.34014902
20.62678267 -26.44381194
20.61996138 -26.58080617
20.64145877 -26.74219166
20.68502201 -26.82244516
20.7398507 -26.84885182
20.87085046 -26.80875091
20.95389448 -26.82110158
21.07099328 -26.8517457
21.45494917 -26.83283213
21.50140628 -26.84265065
21.64625532 -26.85417449
21.69472782 -26.84094533
21.73803267 -26.8067872
21.78826216 -26.71004892
21.83322066 -26.67826792
21.91455936 -26.66193816
22.01098758 -26.63584157
22.09087935 -26.58013437
22.21753828 -26.38882822
22.47090783 -26.21901946
22.54862918 -26.17840179
22.59761844 -26.13271982
22.64019982 -26.07122487
22.72897993 -25.85728444
22.79605594 -25.67915578
22.81889693 -25.5951299
22.87884159 -25.45792897
22.95124027 -25.37028574
23.02203698 -25.32408701
23.05748701 -25.31230478
23.14869592 -25.28868865
23.26600142 -25.26662282
23.38930139 -25.29137583
23.5214897 -25.34439585
23.67073124 -25.4339511
23.82348677 -25.54464202
23.89371504 -25.60091766
23.96952437 -25.62608408
24.10450321 -25.63486907
24.19297326 -25.63290537
24.3305876 -25.74287282
24.40019575 -25.74979746
24.55584517 -25.78307708
24.74818485 -25.81739023
24.86921105 -25.81346282
24.9989189 -25.75403493
25.09250492 -25.7514511
25.21337609 -25.75625701
25.34618452 -25.73997894
25.44364627 -25.71445078
25.51816369 -25.66277435
25.58379276 -25.60624033
25.65924035 -25.43793019
25.70264855 -25.30233123
25.76987959 -25.14652679
25.85240685 -24.93527353
25.88186242 -24.7879957
25.91209313 -24.74748138
26.0318791 -24.70241953
26.13083947 -24.67146535
26.3971798 -24.61353607
26.45175012 -24.58268524
26.50151452 -24.51328379
26.61773482 -24.39546152
26.76113692 -24.29717295
26.83508589 -24.24079396
26.9705815 -23.76351043
26.9870146 -23.70454762
27.08550988 -23.57794036
27.14638472 -23.52440358
27.18555545 -23.52342173
27.2411593 -23.49003875
27.31340295 -23.42425465
27.39918583 -23.38363698
27.49871463 -23.36834075
27.56320682 -23.32462249
27.59266239 -23.25263722
27.64387373 -23.21765228
27.7167375 -23.21961598
27.75828535 -23.196775
27.76851729 -23.14892262
27.81259728 -23.10799489
27.89052534 -23.07388844
27.93134973 -23.03358082
27.93507043 -22.98702036
28.02798465 -22.87369394
28.21019575 -22.69365325
28.38176151 -22.59340097
28.54288862 -22.57293711
28.69554081 -22.53542002
28.8398214 -22.4808497
28.94580977 -22.39517018
29.01350589 -22.27843312
29.12988122 -22.21326914
29.36480228 -22.19389048
29.37746301 -22.19280527
29.66313032 -22.14629648
29.90234053 -22.18422698
30.19038496 -22.29114552
NaN  NaN
27.83037398 -28.90908782
27.7355994 -28.94009368
27.66046187 -29.04696054
27.59028527 -29.14648935
27.52713667 -29.23609629
27.49101485 -29.27661061
27.45804528 -29.30275888
27.42492069 -29.36001637
27.35681115 -29.45530771
27.29448937 -29.51933481
27.20746626 -29.5542164
27.09522505 -29.59927825
27.05693281 -29.62563323
27.05171349 -29.66402882
27.09176273 -29.75368743
27.13046838 -29.84019378
27.19351362 -29.94132456
27.23971236 -30.01532521
27.31267948 -30.10570729
27.35536421 -30.15862396
27.3496798 -30.24735239
27.36404585 -30.27923675
27.38843713 -30.31592702
27.40859094 -30.32533213
27.43143192 -30.33850962
27.49194502 -30.3639861
27.50656945 -30.38093597
27.54904748 -30.41121836
27.58966515 -30.46640879
27.66655969 -30.54232147
27.75306603 -30.60004404
27.90184248 -30.6238152
28.01816613 -30.64231536
28.0568201 -30.6310499
28.09640425 -30.58454111
28.12870202 -30.52511321
28.13903731 -30.44987233
28.17614098 -30.40982309
28.31546065 -30.21846526
28.3920968 -30.1475652
28.43912235 -30.14250091
28.49958377 -30.12891001
28.57668501 -30.12301889
28.63435591 -30.12875498
28.64691328 -30.12658457
28.73688195 -30.10198659
28.90110965 -30.03842457
28.97531701 -29.99940887
29.02900882 -29.96757619
29.09804854 -29.91905202
29.12197473 -29.8011264
29.14223189 -29.70097747
29.19514855 -29.65162648
29.2492021 -29.61881194
29.29354048 -29.56692881
29.34888594 -29.44197519
29.38676476 -29.31976043
29.39069217 -29.26968597
29.37095178 -29.21847462
29.33591515 -29.16369761
29.30134362 -29.08985198
29.25974409 -29.07827646
29.17799198 -29.03693532
29.0579993 -28.95373626
28.95371626 -28.88144093
28.85625451 -28.77607269
28.8161536 -28.75891611
28.72179243 -28.68770599
28.68117476 -28.64677825
28.65264937 -28.59789235
28.6258293 -28.58171762
28.58345462 -28.59417164
28.47188521 -28.61582407
28.23262333 -28.70124521
28.08441532 -28.7800001
27.95987512 -28.87337941
27.83037398 -28.90908782
NaN  NaN
NaN  NaN
31.94826216 -25.95758839
31.96846764 -25.97221282
32.06050337 -26.0183082
32.06887495 -26.11013722
32.05998661 -26.21509205
32.04138309 -26.28128956
32.04830773 -26.34717702
32.07791833 -26.44980641
32.10597863 -26.51998301
32.11290327 -26.83949839
32.08169071 -26.82482228
32.02484663 -26.8111797
31.9946676 -26.81748423
31.96717573 -26.96067962
31.94604007 -27.17358652
31.95839074 -27.30587819
31.74253828 -27.30996063
31.46953169 -27.2955429
31.27398807 -27.23838877
31.06335493 -27.11229827
30.93809126 -26.9157728
30.88331424 -26.79242116
30.80672977 -26.78528981
30.79427575 -26.76430918
30.78750614 -26.6136207
30.78905643 -26.45543914
30.8033708 -26.4134262
30.94522261 -26.21870941
31.03327925 -26.09773488
31.08805627 -25.98068776
31.20732547 -25.8433318
31.33517297 -25.75558522
31.38261193 -25.74297617
31.41511641 -25.74654184
31.64047733 -25.86730967
31.87147098 -25.98161793
31.92170047 -25.96880218
31.94826216 -25.95758839
NaN  NaN
NaN  NaN
32.91988244 -9.40738413
32.92334476 -9.43399749
32.95104333 -9.48422698
32.9798271 -9.52034881
32.98210086 -9.57362721
32.99600182 -9.62282317
33.03780806 -9.63501881
33.07243127 -9.63822275
33.10447066 -9.60266937
33.14808556 -9.60349619
33.19573124 -9.62613047
33.21268111 -9.68297454
33.25004317 -9.75955901
33.31045292 -9.81185556
33.35096724 -9.86218841
33.33711795 -9.95396575
33.31148644 -10.03799163
33.39354862 -10.12093231
33.50010542 -10.19968719
33.52894087 -10.23467213
33.53762251 -10.35156422
33.55374556 -10.3913034
33.62619592 -10.48861012
33.6615426 -10.55310231
33.65906213 -10.59051605
33.46475874 -10.78306243
33.40316043 -10.8017693
33.34486942 -10.81267303
33.29277958 -10.85230885
33.2613603 -10.89333994
33.27272912 -10.91504404
33.29324466 -10.9811382
33.33866825 -11.08516286
33.37975101 -11.15792327
33.34554121 -11.24913218
33.2683883 -11.40390309
33.23273156 -11.4177007
33.22642704 -11.53485117
33.24999149 -11.57763926
33.2883354 -11.61112558
33.30394168 -11.69081064
33.30513024 -11.80000294
33.30099613 -11.88821461
33.25236861 -12.11259368
33.34011519 -12.30834401
33.36998417 -12.32968637
33.49142378 -12.33108164
33.51230106 -12.34772145
33.4832589 -12.40342864
33.4306523 -12.46047942
33.39794112 -12.48983164
33.24342858 -12.55654591
33.02158166 -12.63049489
32.97517622 -12.70134328
32.9456173 -12.80438608
32.97052534 -12.86474415
32.99998091 -12.89962575
32.99047245 -12.98943939
32.97114546 -13.08431732
32.97765669 -13.15888641
32.96763146 -13.22498056
32.93853763 -13.25738169
32.89972863 -13.35701385
32.85182458 -13.45700775
32.81404911 -13.50274139
32.75844527 -13.55033538
32.6704403 -13.59043629
32.67204227 -13.61033172
32.77177778 -13.65658213
32.79751265 -13.68851816
32.80671105 -13.71027394
32.78536869 -13.7314096
32.7651632 -13.76107187
32.8110002 -13.79156097
32.86722416 -13.81739918
32.92029585 -13.88385508
32.96752811 -13.97687265
32.98122237 -14.00932545
32.99212609 -14.02219288
33.00928267 -14.02374318
33.04235558 -14.01004892
33.10359216 -13.95919931
33.14808556 -13.94095753
33.2017257 -14.01335622
32.98716515 -14.08497975
32.87451053 -14.12249684
32.55318648 -14.22957041
32.27289351 -14.3230014
32.19992639 -14.34077809
32.0545089 -14.38651173
31.98211022 -14.41441701
31.7288957 -14.49606577
31.62306237 -14.53668344
31.53795129 -14.57714609
31.32845503 -14.63765919
31.13089603 -14.6946583
30.91514693 -14.75331105
30.6733529 -14.81909515
30.53770226 -14.86653411
30.44607995 -14.90751352
30.23188114 -14.99035084
30.22175256 -15.01050465
30.2249565 -15.06693532
30.2521383 -15.18320729
30.30567508 -15.28883392
30.3505819 -15.34970875
30.37983076 -15.50587493
30.39605716 -15.64307586
30.25069136 -15.6434376
29.99489302 -15.64405771
29.72958622 -15.64462615
29.48727542 -15.69676767
29.28785607 -15.77650441
29.0505579 -15.90119964
28.97299157 -15.95008554
28.91309859 -15.98780934
28.8755815 -16.03617848
28.85677127 -16.14232187
28.85677127 -16.30618784
28.83269006 -16.42411346
28.76054976 -16.5321172
28.76065311 -16.5319105
28.39984826 -16.6628069
28.16379032 -16.76972544
27.93217655 -16.89622934
27.75652835 -17.06040537
27.63674238 -17.26215016
27.4378398 -17.51195403
27.23568159 -17.72832326
27.02081099 -17.95843841
26.77989546 -18.04153411
26.57753055 -18.02256886
26.33341109 -17.92934458
26.13952111 -17.91172291
25.99586063 -17.96980722
25.8632589 -17.95192718
25.74161258 -17.85823781
25.63960331 -17.82407969
25.55712772 -17.84950449
25.4517078 -17.84516367
25.25879968 -17.79359059
25.09214318 -17.63432383
25.0017611 -17.5685914
24.93241133 -17.54347666
24.73288862 -17.51774179
24.27493208 -17.48099985
24.22713138 -17.48957814
24.03691043 -17.52094573
23.79925052 -17.56016815
23.59487023 -17.59944223
23.38067142 -17.64062835
23.1816138 -17.47438527
22.95583947 -17.28576629
22.72195194 -17.07528818
22.54599369 -16.91023366
22.45943566 -16.81514902
22.30502648 -16.68957529
22.19392215 -16.62808034
22.15066898 -16.59717783
22.04018477 -16.26277964
21.97982669 -15.95556325
21.97977502 -15.72415618
21.97967167 -15.40324554
21.97956831 -15.08233489
21.97946496 -14.76142425
21.97936161 -14.4405136
21.97925825 -14.11960296
21.9791549 -13.79869232
21.97905155 -13.47778167
21.97899987 -13.15681935
21.97889652 -13.00096323
22.20958011 -13.00096323
22.47101118 -13.00096323
22.74437951 -13.00096323
23.041519 -13.00096323
23.33871016 -13.00096323
23.63584964 -13.00096323
23.84317549 -13.00096323
23.89748742 -12.99822438
23.96301314 -12.98845753
23.96802575 -12.95693491
23.8823979 -12.79901173
23.88653202 -12.74325286
23.90932132 -12.63612762
23.94471968 -12.54378183
23.99133182 -12.42213551
23.99649946 -12.35066701
23.95887902 -12.117813
23.96234134 -11.98784677
23.9734001 -11.85297129
23.98389042 -11.72502044
23.97097131 -11.63582692
23.9867843 -11.58725107
24.01468957 -11.51769459
24.029314 -11.43919809
24.04667728 -11.40535003
24.04140628 -11.37413747
24.02554162 -11.31563974
24.01003869 -11.18474334
23.98833459 -11.00279062
23.96647546 -10.87179087
24.00275231 -10.87912892
24.07840661 -10.89147959
24.11509688 -10.95566172
24.13649092 -11.02594166
24.1871855 -11.0300241
24.31989058 -11.07177866
24.36572757 -11.12986297
24.39626834 -11.25517832
24.37792321 -11.31930877
24.33513513 -11.37129526
24.37792321 -11.41713226
24.46654829 -11.44767303
24.51853478 -11.4385263
24.66829308 -11.35295013
24.72813439 -11.33775726
24.80637251 -11.32116912
24.87685917 -11.29915496
25.07602014 -11.2600359
25.1848507 -11.24298268
25.24598392 -11.21244191
25.28877201 -11.21244191
25.31931278 -11.23688486
25.29182092 -11.32550994
25.28262251 -11.4049883
25.32065637 -11.55350636
25.34938846 -11.62301116
25.41336389 -11.67349904
25.45997603 -11.69980234
25.51185917 -11.7533908
25.61882938 -11.7441924
25.85488732 -11.82010508
25.92651086 -11.85529673
26.02593631 -11.89017832
26.09642297 -11.90320078
26.33966393 -11.92991749
26.42973596 -11.94784922
26.59639245 -11.97203379
26.72971764 -11.9759612
26.82407881 -11.9652125
26.89048303 -11.9435084
26.930894 -11.9193755
26.94954919 -11.89885996
26.97683434 -11.8246526
27.02665042 -11.66373219
27.04608076 -11.61593149
27.09538008 -11.5937623
27.1591488 -11.57924122
27.19640751 -11.60502776
27.23805871 -11.78351816
27.42368045 -11.94454192
27.48703576 -12.07972747
27.5334412 -12.19532765
27.57385217 -12.2270053
27.64428714 -12.26679616
27.75689009 -12.28085215
27.85745243 -12.28488291
28.06886071 -12.36818532
28.2372742 -12.43453786
28.35768029 -12.48197682
28.41287072 -12.51804697
28.45147302 -12.57747487
28.47436568 -12.62336354
28.51126265 -12.74221933
28.5508468 -12.83616709
28.61539066 -12.85404713
28.6729582 -12.86133351
28.73006066 -12.92546396
28.77315881 -12.98189463
28.85878666 -13.11945729
28.92172855 -13.2145936
28.94229577 -13.30714609
29.01422936 -13.36884775
29.11163944 -13.39515106
29.20186649 -13.39835499
29.25369795 -13.37081146
29.38180383 -13.32285573
29.48143599 -13.26797536
29.5541964 -13.24895843
29.5971912 -13.26053395
29.63026411 -13.2985678
29.64762739 -13.37298187
29.65176151 -13.41432301
29.72266157 -13.45380381
29.77516483 -13.43809417
29.79531864 -13.39272226
29.79645552 -13.36967457
29.79624881 -13.16751637
29.79604211 -12.99212656
29.7958354 -12.82702036
29.7956287 -12.62589568
29.79547367 -12.45060923
29.79531864 -12.3061736
29.79516361 -12.15548512
29.74963667 -12.16401173
29.69196577 -12.19832488
29.55972578 -12.20240732
29.5081527 -12.22819386
29.49202966 -12.26689951
29.50226159 -12.31759409
29.50489709 -12.38616872
29.4855701 -12.41841481
29.42753747 -12.43128224
29.3437183 -12.40477223
29.19122114 -12.3702007
29.0643555 -12.34885833
28.97340498 -12.25785613
28.85005334 -12.12050018
28.7694381 -12.05130543
28.57461795 -11.90811004
28.54154504 -11.87917124
28.48253055 -11.81209523
28.4317843 -11.6983554
28.40697961 -11.62280446
28.38336348 -11.56673553
28.35726688 -11.48296803
28.40418908 -11.35439707
28.47028324 -11.10960581
28.51798058 -10.93318247
28.54423221 -10.80238942
28.63890344 -10.66927093
28.64551802 -10.55020843
28.60738081 -10.39740122
28.61714766 -10.31296193
28.62350386 -10.09886647
28.62887821 -9.91872243
28.63011844 -9.8312859
28.60422855 -9.67878875
28.54051151 -9.5100652
28.40015832 -9.27504079
28.40067508 -9.22475962
28.48428755 -9.16941416
28.61647586 -9.07226247
28.68127811 -9.01469492
28.75874108 -8.93263274
28.79351932 -8.89098154
28.86953535 -8.78587168
28.91780114 -8.70060556
28.93449263 -8.59027638
28.89811242 -8.4854249
28.97221642 -8.46496103
29.21561242 -8.42780568
29.48376143 -8.38687794
29.76622481 -8.3437798
30.05137536 -8.30026824
30.32748254 -8.25820363
30.57790653 -8.22001474
30.75112593 -8.19360809
30.77670576 -8.26585174
30.83070764 -8.38558603
30.89194421 -8.47374603
30.96837365 -8.55095062
31.0333826 -8.59766611
31.07632572 -8.61187713
31.35062422 -8.60707122
31.44922285 -8.65389007
31.5348507 -8.71326629
31.55624474 -8.80550872
31.61277876 -8.8632313
31.6736536 -8.90875823
31.70000858 -8.91433929
31.74470869 -8.90322886
31.81803755 -8.902247
31.88609541 -8.9219874
31.91865156 -8.94219288
31.9218555 -9.01944915
31.94262943 -9.05396901
32.03533695 -9.06740488
32.12974979 -9.07334767
32.22085534 -9.12559254
32.31929894 -9.1348943
32.4331938 -9.1563917
32.487144 -9.21271901
32.60837691 -9.27054494
32.75658491 -9.32222137
32.86324507 -9.38087412
32.91988244 -9.40738413
NaN  NaN
NaN  NaN
31.28783736 -22.40204315
31.19730025 -22.34488901
31.07338016 -22.30778533
30.9160771 -22.29068043
30.71164514 -22.29781178
30.46018762 -22.32902435
30.19038496 -22.29114552
29.90234053 -22.18422698
29.66313032 -22.14629648
29.37746301 -22.19280527
29.36480228 -22.19389048
29.31524458 -22.15771697
29.23721317 -22.07947886
29.10688521 -22.06568125
29.07153853 -22.04749114
29.04239302 -22.01839731
29.02337609 -21.98124196
29.01583133 -21.93990081
29.03732873 -21.81138152
29.0255465 -21.79686045
28.99071659 -21.78146087
28.91929976 -21.76606129
28.747734 -21.70761525
28.53203657 -21.65123626
28.18161869 -21.58932789
28.04560632 -21.5731015
28.01403202 -21.55418792
27.97455122 -21.50674896
27.90747521 -21.35905771
27.84411991 -21.26149261
27.69343143 -21.11101084
27.66945357 -21.06429534
27.67689497 -20.94481943
27.68805708 -20.84833953
27.70428348 -20.76643239
27.6969971 -20.68974456
27.69482669 -20.59455657
27.69958093 -20.5306845
27.67932376 -20.50298594
27.6246501 -20.4835556
27.46894901 -20.47482228
27.28074344 -20.47869801
27.27464562 -20.38185638
27.25676558 -20.2320464
27.22152225 -20.14579844
27.1782174 -20.10094329
27.09181441 -20.05417612
26.91673465 -19.99014902
26.67824792 -19.89279062
26.4745911 -19.74861338
26.24101362 -19.56929616
26.16809818 -19.5382903
26.08190189 -19.36992848
25.95069543 -19.08172902
25.95917036 -18.98566253
25.93932661 -18.93863698
25.81189253 -18.79704355
25.7836772 -18.72355967
25.76124963 -18.64924896
25.55831628 -18.44176808
25.48927656 -18.35128265
25.43672163 -18.23490732
25.38432173 -18.14194142
25.34019006 -18.10447601
25.28241581 -18.04122405
25.24226322 -17.96908375
25.22396976 -17.91523691
25.2390076 -17.84309661
25.25879968 -17.79359059
25.4517078 -17.84516367
25.55712772 -17.84950449
25.63960331 -17.82407969
25.74161258 -17.85823781
25.8632589 -17.95192718
25.99586063 -17.96980722
26.13952111 -17.91172291
26.33341109 -17.92934458
26.57753055 -18.02256886
26.77989546 -18.04153411
27.02081099 -17.95843841
27.23568159 -17.72832326
27.4378398 -17.51195403
27.63674238 -17.26215016
27.75652835 -17.06040537
27.93217655 -16.89622934
28.16379032 -16.76972544
28.39984826 -16.6628069
28.76065311 -16.5319105
28.76054976 -16.5321172
28.83269006 -16.42411346
28.85677127 -16.30618784
28.85677127 -16.14232187
28.8755815 -16.03617848
28.91309859 -15.98780934
28.97299157 -15.95008554
29.0505579 -15.90119964
29.28785607 -15.77650441
29.48727542 -15.69676767
29.72958622 -15.64462615
29.99489302 -15.64405771
30.25069136 -15.6434376
30.39605716 -15.64307586
30.39812422 -15.80074066
30.40938968 -15.97819752
30.43776004 -15.9953541
30.6301514 -15.99917816
30.93876306 -16.01168385
31.23626428 -16.02367278
31.42622684 -16.1523471
31.48989221 -16.17973561
31.68760624 -16.21415211
31.93989058 -16.42881601
32.24323124 -16.44871144
32.45200402 -16.51573577
32.63586877 -16.58942636
32.74175378 -16.67763803
32.81022505 -16.69763681
32.90288089 -16.70419972
32.94799442 -16.71231292
32.93791751 -16.77592661
32.87626753 -16.88356862
32.88443241 -17.03782277
32.96928511 -17.25160817
32.98075728 -17.43753997
32.95471236 -17.76537526
32.95553918 -18.08287526
32.96468591 -18.19625335
32.97848351 -18.27144256
32.99641524 -18.312577
32.99305627 -18.35960255
32.94251672 -18.49266937
32.90169234 -18.6329192
32.90029707 -18.68903981
32.88453576 -18.7285206
32.85446008 -18.76366058
32.7219617 -18.82841115
32.69922407 -18.86846038
32.69974084 -18.94091074
32.716484 -19.00188893
32.76624841 -19.0243165
32.82619307 -19.05883636
32.8498092 -19.1043633
32.84996423 -19.15247405
32.8309473 -19.24146087
32.7776689 -19.3887387
32.83079227 -19.55818572
32.89047855 -19.6681015
32.97269575 -19.79538055
33.00675052 -19.87382537
33.00494185 -19.93020436
32.99274621 -19.98487802
32.86965295 -20.21721526
32.78087284 -20.36154754
32.67255903 -20.51611175
32.52931196 -20.61305674
32.49241499 -20.65977223
32.47763553 -20.71299896
32.48280318 -20.82885752
32.47618859 -20.95009043
32.35361209 -21.13648732
32.42978316 -21.29704599
32.41241987 -21.31182545
32.37107873 -21.33487314
32.19475874 -21.51537892
32.01632002 -21.69805511
31.88594038 -21.83153533
31.7376807 -21.98336069
31.57154097 -22.15347951
31.42953413 -22.29884531
31.28783736 -22.40204315
NaN  NaN
NaN  NaN
