# IPBES Caribbean
# Antigua and Barb.
# from http://www.rjruss.info/2010/12/free-countries-of-world-in-polygon-kml.html
-61.71607235 17.03699657
-61.74816342 16.99715404
-61.85965532 17.01332876
-61.88205705 17.06314484
-61.88712134 17.09812979
-61.81725481 17.1689265
-61.73857744 17.13848908
-61.70821754 17.10505443
-61.68604835 17.09843985
-61.6864876 17.0698111
-61.69498837 17.04893382
-61.71607235 17.03699657

-61.74710405 17.57494823
-61.7620127 17.5486966
-61.84381649 17.59613557
-61.86875037 17.68543244
-61.86616655 17.70432018
-61.85244646 17.71406118
-61.81991614 17.69685293
-61.77674049 17.69049673
-61.74958452 17.66135122
-61.74710405 17.57494823


# Bahamas
# from http://www.rjruss.info/2010/12/free-countries-of-world-in-polygon-kml.html
-73.02682899 21.19240184
-73.05873918 21.11902131
-73.16452084 20.97913321
-73.40078549 20.94388988
-73.661028 20.93737865
-73.68113013 20.97556753
-73.6867887 21.00913137
-73.66782345 21.06158295
-73.66958045 21.08220185
-73.68035499 21.10331167
-73.58506365 21.12594595
-73.5231036 21.19079987
-73.42450497 21.20175528
-73.30156674 21.15617666
-73.23536923 21.15447134
-73.13728736 21.20480419
-73.0584808 21.31337637
-73.01166195 21.29952709
-73.02682899 21.19240184

-72.91611223 21.5066979
-73.04933407 21.45760529
-73.06271827 21.51532787
-72.9947896 21.56162995
-72.91611223 21.5066979

-73.04101417 22.4290447
-72.97895077 22.41460114
-72.94520606 22.41563467
-72.83074276 22.38561066
-72.76260739 22.34437287
-72.74728533 22.32737132
-72.78387224 22.29062938
-72.88916297 22.36023754
-72.98106951 22.36922923
-73.11020891 22.36757559
-73.16188534 22.3807014
-73.12739132 22.45532217
-73.04101417 22.4290447

-74.20673113 22.21378653
-74.27690772 22.18371084
-74.26130144 22.23556814
-74.12678769 22.32339224
-74.05237362 22.40064851
-74.01007646 22.42798534
-73.99496111 22.44922435
-73.9359983 22.47774974
-73.9063877 22.52746247
-73.91455258 22.56802847
-73.97635759 22.6350528
-73.97547909 22.68228506
-73.95421424 22.71551301
-73.84995704 22.73106761
-73.87750058 22.68073477
-73.83652117 22.53841787
-73.97460059 22.36116771
-74.09291378 22.30623566
-74.20673113 22.21378653

-74.05754127 22.72349702
-74.03475196 22.70559113
-74.09857235 22.66543854
-74.24223284 22.7150996
-74.27460812 22.71168895
-74.30310767 22.76445059
-74.31398556 22.80354381
-74.30700924 22.83958812
-74.22145891 22.81157949
-74.17536353 22.75990306
-74.05754127 22.72349702

-74.84046505 22.8943393
-74.84689877 22.86868195
-74.97332516 23.06856639
-75.13212684 23.11709056
-75.2233099 23.16535635
-75.20442217 23.19271902
-75.1410927 23.20463044
-75.13057654 23.26793407
-75.15757748 23.3363795
-75.24124162 23.47458812
-75.2882155 23.56825165
-75.30981625 23.58982657
-75.31596575 23.66837474
-75.21659197 23.5467801
-75.1753025 23.438673
-75.10879493 23.33278799
-75.06419817 23.15021516
-74.93712582 23.08815176
-74.84558102 22.99988841
-74.84046505 22.8943393

-75.66457496 23.45014517
-75.70632952 23.44422822
-75.78100196 23.47066071
-75.95597836 23.59230703
-76.03711036 23.60279735
-76.01044532 23.67137198
-75.94864031 23.64739411
-75.80751197 23.54254263
-75.75423357 23.4899877
-75.66457496 23.45014517

-74.42943071 24.06804027
-74.50870236 23.95972647
-74.550922 23.96892487
-74.5269183 24.10509227
-74.47203793 24.12664134
-74.45048886 24.12550446
-74.42943071 24.06804027

-77.65773495 24.24947622
-77.65613298 24.22658356
-77.75524838 24.16348664
-77.68326311 24.11845063
-77.61538612 24.21635163
-77.56151343 24.1368216
-77.53200619 23.98763174
-77.53683794 23.96166433
-77.531877 23.93941763
-77.52133501 23.91084056
-77.51872535 23.86944774
-77.57370907 23.73917145
-77.77129391 23.75255565
-77.77576392 23.86236807
-77.80630469 23.88355541
-77.85224504 24.04039338
-77.91405006 24.09093293
-77.99991045 24.21981395
-77.95006853 24.25306774
-77.8835868 24.24198314
-77.84955787 24.25751191
-77.75741879 24.26991425
-77.70145321 24.28756175
-77.65773495 24.24947622

-75.30842099 24.20002188
-75.30175473 24.14917227
-75.36877906 24.15945588
-75.46763607 24.13961213
-75.5032153 24.13904369
-75.48104611 24.1738736
-75.41241981 24.22095083
-75.40893165 24.2657543
-75.49391354 24.33040152
-75.59277056 24.49127025
-75.6390468 24.52940746
-75.66100928 24.58981721
-75.74400163 24.65467113
-75.72669003 24.68934601
-75.70963681 24.69751089
-75.65354204 24.68087108
-75.52644385 24.44951569
-75.51814979 24.4273465
-75.30842099 24.20002188

-77.34754717 25.01387401
-77.46048601 24.99312592
-77.5412046 25.01356395
-77.56192685 25.03002289
-77.52732947 25.05766979
-77.45126177 25.08071747
-77.32909868 25.08301708
-77.27561357 25.0557836
-77.26915402 25.04384634
-77.34754717 25.01387401

-77.74385373 24.70743277
-77.74602414 24.58635489
-77.73512041 24.4957661
-77.74522315 24.46346833
-77.8534336 24.40290355
-77.88118384 24.36910716
-77.98319312 24.33494904
-78.04494646 24.2874584
-78.07584897 24.36466299
-78.13574195 24.41236034
-78.14581885 24.49344066
-78.19157834 24.46605215
-78.25762082 24.48274364
-78.3665289 24.54418692
-78.43531023 24.62759268
-78.33890784 24.64206208
-78.31898658 24.59023062
-78.24271217 24.65379263
-78.26007545 24.6873048
-78.27382138 24.69161978
-78.29883277 24.75388988
-78.18405941 24.91708405
-78.1593064 25.02234894
-78.21137041 25.1912792
-78.16279456 25.20233796
-78.03331926 25.14311677
-77.97531247 25.08482575
-77.97340044 25.00477896
-77.91895932 24.94281892
-77.84015276 24.7944042
-77.74385373 24.70743277

-76.64885596 25.48738516
-76.48421485 25.37462718
-76.34380998 25.3320458
-76.19198463 25.19081411
-76.12661394 25.14053295
-76.11493507 25.09474763
-76.1405149 24.88566478
-76.17467302 24.75978099
-76.16955705 24.64940013
-76.20516212 24.68205964
-76.24118059 24.75435497
-76.30027259 24.79590282
-76.31998715 24.8176586
-76.21379208 24.8224645
-76.20436113 24.93620433
-76.15255551 25.02596629
-76.16041033 25.11934561
-76.28433041 25.22213003
-76.36928647 25.31261546
-76.49992449 25.34155427
-76.62071815 25.43162629
-76.69278093 25.44273672
-76.78068254 25.42687206
-76.74892737 25.48056387
-76.72693905 25.55159313
-76.71086768 25.56489981
-76.64885596 25.48738516

-78.49287777 26.72906647
-78.37174822 26.69795726
-78.30684262 26.70219473
-78.26793026 26.7226586
-78.08866472 26.71428701
-77.94397071 26.74425934
-77.92247331 26.69111013
-77.92614234 26.66338573
-78.2338755 26.63734081
-78.51623552 26.55936107
-78.67095476 26.50654776
-78.7436635 26.50065664
-78.79921566 26.52845856
-78.98566423 26.68948233
-78.93579647 26.67341096
-78.79802711 26.5824346
-78.71250261 26.59904857
-78.63323096 26.65919994
-78.62113868 26.70462352
-78.63297258 26.72619843
-78.59713498 26.79795116
-78.49287777 26.72906647

-77.22564246 25.90418142
-77.24644223 25.89547394
-77.33325863 25.99562287
-77.40317685 26.0247167
-77.29395871 26.09551341
-77.24675229 26.15633657
-77.24775998 26.28904165
-77.22109494 26.36175039
-77.23011247 26.42471813
-77.2060571 26.48897777
-77.23861325 26.56111807
-77.3299255 26.61837556
-77.51061215 26.8459844
-77.79596941 26.90127818
-77.943764 26.90355195
-77.86252865 26.94008719
-77.78754615 26.93566885
-77.67212684 26.91391307
-77.53389238 26.90339692
-77.44940141 26.83639842
-77.36876034 26.74761831
-77.29589657 26.71167735
-77.26592424 26.68881053
-77.26928321 26.66302399
-77.25719092 26.63881358
-77.16210629 26.5972399
-77.06634986 26.53016389
-77.03826372 26.33343171
-77.16727393 26.24031078
-77.19104509 25.95547028
-77.22564246 25.90418142


# Barbados
# from http://www.rjruss.info/2010/12/free-countries-of-world-in-polygon-kml.html
-59.49331397 13.08196666
-59.5218652 13.06220043
-59.61134294 13.10209463
-59.64278805 13.15030874
-59.64668962 13.30311595
-59.59160255 13.31768871
-59.48788795 13.19681753
-59.42763323 13.15278921
-59.49331397 13.08196666


# Cuba
# from http://www.rjruss.info/2010/12/free-countries-of-world-in-polygon-kml.html
-82.5617767 21.57165518
-82.65482012 21.51863516
-82.8531801 21.44391104
-82.95963355 21.44130138
-83.0673014 21.46938752
-83.14148292 21.53186433
-83.18378008 21.59346263
-83.1802144 21.62307323
-83.11295753 21.5736964
-83.05487322 21.54943431
-83.00725338 21.5655832
-82.97358619 21.59229991
-83.08254595 21.79138337
-83.0777142 21.83349966
-82.99120785 21.94274364
-82.75577003 21.90951569
-82.71455807 21.89029206
-82.68184689 21.82114899
-82.62942115 21.76688874
-82.56782284 21.62183299
-82.5617767 21.57165518

-77.66900041 21.95194204
-77.71005734 21.9213496
-77.75504167 21.96558462
-77.78364458 21.97039053
-77.82320289 21.98793468
-77.89999407 22.03715648
-77.91854591 22.0880836
-77.85472551 22.0919335
-77.7743945 22.0829418
-77.63370541 22.054003
-77.64597856 21.99646129
-77.66900041 21.95194204

-77.87940101 22.12751272
-77.91234473 22.12469636
-78.01192522 22.16639924
-78.04163917 22.20128083
-78.0067059 22.24799632
-77.99921282 22.29874258
-77.98564775 22.30210155
-77.96957638 22.24065827
-77.8936637 22.21456167
-77.88909034 22.20104829
-77.8424782 22.14895844
-77.87940101 22.12751272

-78.02711809 22.28517752
-78.04753028 22.26848603
-78.1016355 22.30574474
-78.18002865 22.32199698
-78.22612403 22.37997793
-78.26999732 22.40225047
-78.27351132 22.423567
-78.20095761 22.43764883
-78.15057309 22.43149934
-78.09411658 22.38721263
-78.06168962 22.3059256
-78.02711809 22.28517752

-78.63013038 22.55226716
-78.49287777 22.53102814
-78.44533546 22.54376638
-78.39955014 22.54748709
-78.35123267 22.53862458
-78.28389828 22.4554772
-78.34301612 22.44511608
-78.38996416 22.44511608
-78.42456153 22.46012808
-78.54765479 22.46400381
-78.6289935 22.48818838
-78.67364193 22.50885895
-78.69550106 22.5339737
-78.63013038 22.55226716

-79.34956967 22.66391409
-79.34791602 22.6376883
-79.52273739 22.71112051
-79.59787493 22.78765331
-79.62818315 22.80522329
-79.57916806 22.80672191
-79.3821775 22.68135489
-79.34956967 22.66391409

-81.83745399 23.16303091
-81.57542864 23.11652212
-81.36363278 23.12969961
-81.26237281 23.15685558
-81.27162289 23.12861441
-81.17860531 23.05965221
-81.1446539 23.05494965
-81.00765967 23.08985708
-80.65016212 23.10306041
-80.61344601 23.08375926
-80.55050412 23.0165799
-80.4592177 22.97498037
-80.36488237 22.94340607
-80.26615455 22.93495698
-80.16763343 22.94934886
-80.07523597 22.94232087
-79.95989417 22.87689851
-79.9235398 22.86914704
-79.82026445 22.88702709
-79.85072771 22.82718578
-79.67665565 22.74308238
-79.54922156 22.57779532
-79.45651404 22.50986664
-79.35827715 22.44894013
-79.27567237 22.40762482
-79.18301653 22.38788443
-78.90189674 22.39599763
-78.83544084 22.39093334
-78.77598711 22.36731721
-78.71924639 22.35806712
-78.68648353 22.36682628
-78.14313168 22.10942597
-77.97050656 21.9719925
-77.86503496 21.90057567
-77.63683183 21.797352
-77.54510617 21.77458853
-77.4971246 21.78833446
-77.50652971 21.81104625
-77.5733215 21.86832958
-77.58316586 21.88925853
-77.49725379 21.87161103
-77.34212114 21.75526154
-77.29953976 21.71226675
-77.22207679 21.67242422
-77.14412289 21.64361461
-77.18125241 21.59764842
-77.24455604 21.59374685
-77.36615068 21.61263459
-77.26956743 21.53791047
-77.25287594 21.48346935
-77.20789161 21.47884431
-77.14097063 21.5386081
-77.09864763 21.58901846
-76.92806373 21.45900056
-76.83633806 21.39952098
-76.85979916 21.36479442
-76.86744727 21.33042959
-76.76499875 21.3624173
-76.72608639 21.35887747
-76.68851763 21.34042898
-76.64740902 21.28451508
-76.55170427 21.27213858
-76.4551727 21.27363719
-76.25921566 21.22738679
-76.0736456 21.13346487
-75.89903093 21.11426708
-75.72294349 21.11101146
-75.63372413 21.06135041
-75.59579363 20.99466197
-75.63853004 20.94745555
-75.66294715 20.89815624
-75.59729224 20.83764313
-75.74025509 20.81195995
-75.76038306 20.7755539
-75.75299333 20.7362023
-75.7245713 20.71457571
-75.64279334 20.73348928
-75.52463518 20.71666861
-75.33813494 20.70163076
-75.21325884 20.71385224
-74.95973426 20.67266612
-74.88255551 20.65062613
-74.73207374 20.57318899
-74.66246558 20.52213268
-74.51314653 20.38454418
-74.3843947 20.33049063
-74.27279945 20.31736481
-74.23386125 20.32643403
-74.19848874 20.3114737
-74.16745704 20.29219839
-74.13681291 20.23194367
-74.15373695 20.16853669
-74.21742815 20.11714448
-74.2528265 20.07967906
-74.41214494 20.07533824
-74.63476702 20.05815583
-74.85005103 20.00229361
-74.95510922 19.95790355
-75.0031683 19.92855134
-75.1164172 19.90139537
-75.12411699 19.9246756
-75.12194658 19.95392447
-75.15160885 20.00833975
-75.17729204 19.95935049
-75.21946001 19.92364208
-75.29048926 19.8931013
-75.55197201 19.8911376
-75.6572369 19.93222036
-75.76511146 19.96038402
-76.15844662 19.98976207
-76.25285946 19.98717825
-76.51560828 19.95668915
-76.77972653 19.94020437
-76.89021074 19.92131664
-76.99948056 19.89284292
-77.21197405 19.89374726
-77.46317318 19.86139781
-77.71506995 19.85548086
-77.55376197 20.08213369
-77.21336931 20.30036327
-77.14939389 20.34728547
-77.10381527 20.40754019
-77.0930149 20.4529121
-77.10789771 20.49166942
-77.18897803 20.55995983
-77.20546282 20.61083527
-77.22959571 20.64375316
-77.34754717 20.6723819
-77.46702308 20.68951264
-77.592726 20.69008108
-77.85689592 20.7136197
-77.99732663 20.7153767
-78.11636329 20.76188548
-78.31384477 20.92748261
-78.40637143 20.97386221
-78.45386207 21.01099173
-78.49078488 21.0537023
-78.53726783 21.29681407
-78.57656776 21.41380952
-78.63648658 21.51553457
-78.72769548 21.59271332
-78.82296099 21.61893911
-79.1892177 21.55284496
-79.27443214 21.56266348
-79.35742449 21.58516857
-79.9102848 21.74260082
-80.13833289 21.82926219
-80.23132463 21.87215363
-80.31067379 21.93341604
-80.39291684 22.03374584
-80.48546933 22.12345612
-80.48482337 22.08717927
-80.49906023 22.06351146
-80.96190019 22.05286612
-81.0356683 22.07358837
-81.08310727 22.09792796
-81.11667111 22.13423066
-81.14142412 22.2069394
-81.18550412 22.2679951
-81.19956011 22.20293448
-81.22242693 22.14293814
-81.28436113 22.10942597
-81.3552612 22.10407746
-81.44109575 22.18378836
-81.81618913 22.20022146
-81.84939124 22.21365733
-81.97261369 22.29088776
-82.07772356 22.38767772
-81.97305294 22.42183584
-81.7570713 22.4667685
-81.7103558 22.49666332
-81.68325151 22.53482636
-81.70270769 22.59187714
-81.7456508 22.63293407
-81.78988583 22.65701529
-81.83882341 22.6724407
-81.90341895 22.67900361
-82.73804501 22.68926138
-82.78638831 22.65835887
-82.86121579 22.59510692
-83.00942379 22.5140266
-83.10714393 22.42987153
-83.14373084 22.38646332
-83.18941281 22.35543163
-83.29211972 22.30321259
-83.37965959 22.22298493
-83.48593218 22.18712149
-83.54406816 22.20895478
-83.60150652 22.20872224
-83.64305437 22.18898184
-83.6866176 22.17993846
-83.90071306 22.17011994
-83.93272661 22.14965607
-83.96331906 22.09208853
-83.99807146 21.98013154
-84.03093767 21.94310537
-84.1383213 21.92899771
-84.24066647 21.89835358
-84.44884498 21.79164175
-84.50258847 21.7761905
-84.49090959 21.85427359
-84.50134823 21.93026378
-84.56002682 21.93302847
-84.62689613 21.92036774
-84.682655 21.89905122
-84.78585283 21.84228465
-84.83825273 21.82791861
-84.88719031 21.8569866
-84.87726844 21.89416779
-84.5327675 22.03116201
-84.49424272 22.04160065
-84.43305783 22.03129121
-84.373139 22.03591625
-84.32637183 22.07433767
-84.38303504 22.25554108
-84.36127926 22.37891857
-84.28136166 22.47420991
-84.12178484 22.61856802
-84.04494198 22.66600698
-83.2578324 22.96759064
-83.17724301 22.98299022
-82.66580136 23.043555
-82.58779578 23.06456147
-82.35054928 23.1539617
-82.10136553 23.19044526
-81.83745399 23.16303091


# Dominica
# from http://www.rjruss.info/2010/12/free-countries-of-world-in-polygon-kml.html
-61.2817061 15.24904369
-61.37536964 15.22728791
-61.41572893 15.39983552
-61.48115129 15.52515087
-61.46993751 15.6034665
-61.45812944 15.63310293
-61.32002418 15.58504385
-61.27726193 15.52670116
-61.25106198 15.37317048
-61.2817061 15.24904369


# Dominican Rep.
# from http://www.rjruss.info/2010/12/free-countries-of-world-in-polygon-kml.html
-71.76832699 18.03915762
-71.76375363 18.20395376
-71.73724362 18.27082307
-71.76189328 18.34130972
-71.87258419 18.41621471
-71.94038367 18.51261709
-72.00038001 18.59788321
-71.98686662 18.61033723
-71.86648638 18.61416128
-71.82424089 18.64552888
-71.74321225 18.73288788
-71.72706336 18.80321951
-71.73362627 18.85639456
-71.78638791 18.92003408
-71.80711015 18.98700674
-71.74204953 19.04550446
-71.6570418 19.13074474
-71.64531125 19.1635076
-71.64722327 19.19596039
-71.7464937 19.28585155
-71.75315996 19.32445384
-71.70696123 19.42196727
-71.71145708 19.48658865
-71.75739743 19.68817841
-71.77923072 19.71815074
-71.73509905 19.73512645
-71.70608273 19.79517447
-71.66740292 19.8486079
-71.61595903 19.87744335
-71.55774553 19.89537507
-71.4417061 19.8939798
-71.28135413 19.84736766
-71.23595639 19.84816865
-71.08193478 19.89049164
-70.9541648 19.91397858
-70.83386207 19.88723603
-70.78523454 19.85085582
-70.68596412 19.7932366
-70.63619971 19.77564077
-70.47936174 19.77695852
-70.43641863 19.77124828
-70.30474708 19.67606029
-70.19384945 19.63805227
-70.12946062 19.63614025
-70.01404131 19.67293386
-69.95680966 19.67184866
-69.89120643 19.58976065
-69.878339 19.47328197
-69.82343279 19.36713858
-69.73940691 19.29923574
-69.32496192 19.3277353
-69.23248695 19.27184724
-69.26424211 19.22570018
-69.32276567 19.20105052
-69.51975623 19.21200593
-69.60595252 19.20647655
-69.62326413 19.16051036
-69.6236517 19.11782563
-69.50836158 19.10761953
-69.39526771 19.08607046
-69.28021013 19.0518865
-69.16303382 19.02845124
-69.03128476 19.01320669
-68.90137021 18.98845368
-68.6847426 18.90478954
-68.44542904 18.71446524
-68.38140194 18.67116039
-68.33915646 18.61149995
-68.35928443 18.53809357
-68.44483476 18.41773916
-68.4932039 18.37898184
-68.56376807 18.35546906
-68.61218889 18.3062731
-68.65882687 18.22204051
-68.68742978 18.214935
-68.72096778 18.21839733
-68.77848365 18.26612051
-68.81951474 18.33932018
-68.93495989 18.40802399
-69.07226417 18.399239
-69.27452572 18.43985668
-69.39699887 18.42014212
-69.51944617 18.41567211
-69.64470985 18.43636852
-69.77067115 18.44355154
-69.89639991 18.41771332
-70.01830461 18.37360749
-70.06331479 18.34565054
-70.14160458 18.27710175
-70.18312659 18.25175446
-70.47993018 18.21726044
-70.565403 18.26756745
-70.64467465 18.33621959
-70.75885373 18.34559886
-70.92432166 18.29247549
-71.02785539 18.27320018
-71.06997169 18.25033336
-71.08224484 18.22436595
-71.08263241 18.12835114
-71.106016 18.07003429
-71.2672723 17.84960847
-71.35830034 17.69411408
-71.39571408 17.64610668
-71.43894141 17.63561636
-71.51836809 17.72501659
-71.56906267 17.75736603
-71.63172034 17.77361827
-71.65830787 17.82113475
-71.6572485 17.88867585
-71.67375912 17.95409821
-71.71246477 18.00546459
-71.76832699 18.03915762


# Grenada
# from http://www.rjruss.info/2010/12/free-countries-of-world-in-polygon-kml.html
-61.71550391 12.01265209
-61.78219235 12.00844046
-61.75573402 12.04546662
-61.74989458 12.10843435
-61.71498715 12.18517386
-61.66046851 12.23703115
-61.60703508 12.22328522
-61.62713721 12.05394156
-61.71550391 12.01265209


# Haiti
# from http://www.rjruss.info/2010/12/free-countries-of-world-in-polygon-kml.html
-72.80456865 18.77766551
-72.82221615 18.70712718
-73.07798865 18.79089468
-73.28523699 18.89672801
-73.27642615 18.95406302
-73.17059282 18.96729218
-73.06915198 18.93202302
-72.91923865 18.86145885
-72.80456865 18.77766551

-71.95431047 19.72166474
-71.83473121 19.69673086
-71.77923072 19.71815074
-71.75739743 19.68817841
-71.71145708 19.48658865
-71.70696123 19.42196727
-71.75315996 19.32445384
-71.7464937 19.28585155
-71.64722327 19.19596039
-71.64531125 19.1635076
-71.6570418 19.13074474
-71.74204953 19.04550446
-71.80711015 18.98700674
-71.78638791 18.92003408
-71.73362627 18.85639456
-71.72706336 18.80321951
-71.74321225 18.73288788
-71.82424089 18.64552888
-71.86648638 18.61416128
-71.98686662 18.61033723
-72.00038001 18.59788321
-71.94038367 18.51261709
-71.87258419 18.41621471
-71.76189328 18.34130972
-71.73724362 18.27082307
-71.76375363 18.20395376
-71.76832699 18.03915762
-71.85294715 18.11915274
-71.94611976 18.18607372
-72.0020595 18.21201529
-72.05983375 18.22855174
-72.50355343 18.21992178
-72.55324032 18.2083721
-72.59189429 18.18690054
-72.63328712 18.17620352
-72.7552435 18.1561789
-72.87665727 18.15176057
-73.16007667 18.20560741
-73.2722662 18.23353852
-73.38512753 18.25118602
-73.51483537 18.24534658
-73.64402646 18.22904267
-73.74732764 18.19020783
-73.8247131 18.12178823
-73.8391825 18.05822622
-73.88496782 18.04189647
-73.98943173 18.14318228
-74.08539486 18.21511587
-74.19463884 18.26919526
-74.41901791 18.34619314
-74.45997148 18.3930895
-74.47810991 18.44998526
-74.38752112 18.62470327
-74.28445248 18.65669099
-74.22771176 18.66268545
-74.10032935 18.64113638
-73.97599586 18.60142304
-73.86248857 18.57545563
-73.68702125 18.56535289
-73.59157488 18.52238394
-72.91727495 18.45572134
-72.78934994 18.43481822
-72.73943051 18.44213044
-72.69597063 18.46822704
-72.65977129 18.51533011
-72.61804257 18.55078014
-72.41810645 18.55871247
-72.37609351 18.57447378
-72.3467413 18.62372142
-72.34764564 18.67493277
-72.46520952 18.74353323
-72.64912594 18.89411835
-72.81107988 19.07160106
-72.74121335 19.13136485
-72.7679559 19.24063467
-72.74180762 19.34184296
-72.70320533 19.44106171
-72.86342811 19.52606944
-73.05274472 19.61076712
-73.31551938 19.6373288
-73.39634132 19.65869701
-73.43835425 19.72212983
-73.40052711 19.80739594
-73.31531267 19.85457652
-73.21779924 19.88367036
-73.11777951 19.90382416
-72.87652808 19.92808625
-72.63703366 19.90085277
-72.42991452 19.81326122
-72.21984982 19.74463491
-71.95431047 19.72166474

-72.66406043 20.03748526
-72.62346859 20.01415335
-72.63884233 19.9858605
-72.73979224 20.00343049
-72.84425615 20.03546988
-72.87844011 20.02746003
-72.89934323 20.03143911
-72.96034726 20.06223827
-72.9067588 20.0858544
-72.85146501 20.0936317
-72.79102943 20.09190054
-72.66406043 20.03748526


# Jamaica
# from http://www.rjruss.info/2010/12/free-countries-of-world-in-polygon-kml.html
-77.26148007 18.45742666
-77.13954953 18.42151154
-77.01379493 18.40293386
-76.95935381 18.4018745
-76.90821998 18.39042817
-76.79329159 18.30428356
-76.7007391 18.25718049
-76.34985613 18.15186392
-76.23275733 17.97032461
-76.21079485 17.91353221
-76.30143531 17.87983918
-76.41553687 17.86821198
-76.52462582 17.86622244
-76.62539486 17.90097484
-76.66937151 17.92763988
-76.77432634 17.94045563
-76.74828142 17.96487275
-76.79484189 17.97631908
-76.85323625 17.97370942
-76.89625688 17.9041271
-76.9441351 17.84878164
-77.03596412 17.85410432
-77.0713108 17.9012849
-77.11947323 17.88009756
-77.15841142 17.84506094
-77.20499773 17.71493968
-77.27987688 17.77956106
-77.36144813 17.83371796
-77.46387082 17.85606802
-77.67075741 17.85973705
-77.76816749 17.87738455
-77.84940284 17.98748119
-77.88131304 18.01902965
-77.96298764 18.04758088
-78.04448137 18.17385224
-78.07362688 18.19116385
-78.29407854 18.21806143
-78.33950212 18.28720449
-78.3259629 18.34975882
-78.25245317 18.42626577
-78.21671892 18.44809907
-78.09450416 18.44481761
-77.97815467 18.46783946
-77.92686581 18.50070567
-77.87343238 18.52222891
-77.45159766 18.46703848
-77.35423926 18.4664442
-77.26148007 18.45742666


# St. Kitts and Nevis
# from http://www.rjruss.info/2010/12/free-countries-of-world-in-polygon-kml.html
-62.53222409 17.12184927
-62.58242774 17.10061026
-62.62493161 17.1295749
-62.61526811 17.19910554
-62.57470211 17.2010434
-62.53416195 17.1701409
-62.53222409 17.12184927

-62.63069353 17.23998159
-62.65648007 17.22442699
-62.70200701 17.2860253
-62.77554257 17.30282014
-62.83889787 17.33925202
-62.84047401 17.34705516
-62.83941464 17.36532278
-62.82703813 17.38640677
-62.79461117 17.40260733
-62.71373756 17.35325633
-62.67580705 17.29093456
-62.64051205 17.26227997
-62.63069353 17.23998159


# Anguilla
# from http://www.rjruss.info/2010/12/free-countries-of-world-in-polygon-kml.html
-63.00121355 18.22178213
-63.16001522 18.17139761
-63.15334897 18.20028474
-63.02601824 18.26973786
-62.97956112 18.26477692
-63.00121355 18.22178213


# Saint Lucia
# from http://www.rjruss.info/2010/12/free-countries-of-world-in-polygon-kml.html
-60.89521807 13.82199901
-60.95141619 13.71756094
-61.06063432 13.78308666
-61.07311418 13.86556224
-61.06355404 13.91558503
-60.9966589 14.01092805
-60.94456906 14.07283641
-60.9080855 14.09335196
-60.88676897 14.01113475
-60.89521807 13.82199901


# St. Vin. and Gren.
# from http://www.rjruss.info/2010/12/free-countries-of-world-in-polygon-kml.html
-61.33439022 12.69522024
-61.34454464 12.69470348
-61.35353634 12.69813996
-61.35110755 12.70118887
-61.33973874 12.70359182
-61.33441606 12.71020641
-61.33632809 12.71901724
-61.335863 12.72878408
-61.32681963 12.73480439
-61.31986915 12.73542451
-61.31682024 12.73167796
-61.3148307 12.72253124
-61.32012753 12.71552908
-61.32594113 12.70984467
-61.32883501 12.70111136
-61.33439022 12.69522024

-61.22620561 12.99460765
-61.24222531 12.98367809
-61.23473223 12.98367809
-61.24222531 12.97626252
-61.24726376 12.98362641
-61.25522193 12.98817394
-61.26535051 12.99018932
-61.27695187 12.98987926
-61.27695187 12.9973465
-61.26204322 12.99277314
-61.23933143 12.99724315
-61.23927975 13.00535635
-61.24594601 13.01266857
-61.24902076 13.01783621
-61.24064918 13.02571686
-61.21284726 13.04323518
-61.20119422 13.05256277
-61.19979896 13.04871288
-61.19930803 13.04512136
-61.19796444 13.04171072
-61.19375281 13.03830008
-61.20804135 13.02468334
-61.22620561 12.99460765

-61.17450334 13.15811188
-61.20390723 13.1422989
-61.27728777 13.20958161
-61.2684511 13.28771638
-61.22406104 13.33065949
-61.18209978 13.35598094
-61.1389758 13.35871979
-61.12401547 13.2940209
-61.13453162 13.20286367
-61.17450334 13.15811188


# Trinidad and Tobago
# from http://www.rjruss.info/2010/12/free-countries-of-world-in-polygon-kml.html
-61.01208432 10.13431712
-61.1742708 10.07804149
-61.5966998 10.06465729
-61.77165036 10.08506948
-61.90611243 10.06915314
-61.6614762 10.19167796
-61.63269243 10.24340607
-61.52884864 10.25312124
-61.49928972 10.2685725
-61.46476986 10.53894359
-61.47828325 10.6033841
-61.49882463 10.63888581
-61.54094092 10.66446564
-61.63530209 10.69934724
-61.65116675 10.7180541
-61.59184221 10.74792308
-61.46487322 10.76445954
-61.37004696 10.79680899
-61.1737282 10.80332022
-61.07848853 10.83194896
-60.9176198 10.84021719
-60.99673642 10.71614208
-61.03373674 10.66989167
-61.01931902 10.55811555
-61.03748328 10.48225454
-61.01642514 10.38639476
-60.96846941 10.32340119
-60.9996303 10.26149282
-61.00407447 10.16780345
-61.01208432 10.13431712

-60.75628598 11.17849112
-60.81064958 11.16862092
-60.80429338 11.20841177
-60.70895036 11.27724478
-60.56280941 11.32354686
-60.52549903 11.32540721
-60.54647966 11.26370555
-60.75628598 11.17849112


# British Virgin Is.
# from http://www.rjruss.info/2010/12/free-countries-of-world-in-polygon-kml.html
-64.59367449 18.40285635
-64.67180925 18.39913565
-64.69508948 18.41166718
-64.65098365 18.44254385
-64.56912818 18.44626455
-64.54515032 18.43812552
-64.59367449 18.40285635

-64.39523699 18.46458385
-64.42112688 18.45742666
-64.43802507 18.45900279
-64.44373532 18.47339468
-64.42608782 18.51308218
-64.32467282 18.51750052
-64.39523699 18.46458385

-64.2878792 18.74056184
-64.27359066 18.70712718
-64.28234982 18.70769562
-64.33942644 18.73069164
-64.38340308 18.73260366
-64.40148983 18.73859813
-64.41141171 18.7511555
-64.32309669 18.7527058
-64.2878792 18.74056184


# Cayman Is.
# from http://www.rjruss.info/2010/12/free-countries-of-world-in-polygon-kml.html
-81.36954973 19.3488968
-81.33725196 19.32951813
-81.29650509 19.34137788
-81.28480038 19.36253937
-81.13049455 19.34675222
-81.10713681 19.30517853
-81.22459734 19.30409333
-81.2773073 19.27737661
-81.30371396 19.27189891
-81.40476722 19.27843598
-81.41908159 19.37476085
-81.39102129 19.38491527
-81.36954973 19.3488968

-79.97898861 19.70820303
-79.98875546 19.70251862
-80.02076901 19.70685944
-80.09420122 19.66590587
-80.12587887 19.66838634
-80.11611203 19.68267487
-80.10091916 19.69611074
-80.08363339 19.7060843
-80.06756202 19.70993419
-80.01622148 19.7182541
-79.99183021 19.71928762
-79.97508704 19.70993419
-79.97898861 19.70820303

-79.82339088 19.71189789
-79.87005469 19.69667919
-79.90620236 19.70251862
-79.82419186 19.74409231
-79.80313371 19.75812246
-79.78517615 19.76564138
-79.76634009 19.76574474
-79.74231055 19.75714061
-79.74231055 19.75088776
-79.82339088 19.71189789


# Curacao
# from http://www.rjruss.info/2010/12/free-countries-of-world-in-polygon-kml.html
-68.75109514 12.05978099
-68.80331418 12.04546662
-68.99513709 12.14184317
-69.15383542 12.29842276
-69.15887387 12.38027823
-69.11843706 12.37325023
-69.07678585 12.34203767
-69.01314633 12.23134675
-68.82739539 12.15853465
-68.75109514 12.05978099


# France
# from http://www.rjruss.info/2010/12/free-countries-of-world-in-polygon-kml.html
# Martinique
-60.8262817 14.49446442
-60.83659115 14.43741364
-60.86211931 14.42625153
-60.89942969 14.47379385
-61.06370907 14.46707591
-61.0888755 14.50955394
-61.09032244 14.52970775
-61.01133501 14.60189973
-61.10430091 14.62122671
-61.14112037 14.6523876
-61.21972022 14.80441966
-61.21331234 14.84860301
-61.18080787 14.87190908
-61.12737444 14.87526805
-61.02709632 14.82617544
-60.95255307 14.75625723
-60.9271541 14.75517202
-60.91865333 14.73532827
-60.93369117 14.68618399
-60.88914608 14.64450694
-60.86997413 14.61373363
-60.8262817 14.49446442


# France
# from http://www.rjruss.info/2010/12/free-countries-of-world-in-polygon-kml.html
# Guadeloupe
-61.23049476 15.8899348
-61.28622779 15.88605907
-61.31072242 15.89468903
-61.31839637 15.95489208
-61.27529822 15.99625906
-61.24997677 16.00631013
-61.21235633 15.95990469
-61.20339047 15.92125072
-61.23049476 15.8899348

-61.58956845 16.00693024
-61.6704679 15.9620751
-61.71023292 15.97592438
-61.75942888 16.062069
-61.79410377 16.30096914
-61.76715451 16.34047578
-61.74806007 16.35528107
-61.6415291 16.32598054
-61.59700985 16.29218415
-61.55236142 16.27089346
-61.57504737 16.2271752
-61.56388526 16.04775462
-61.58956845 16.00693024

-61.32715552 16.23040497
-61.44479692 16.21929454
-61.52215654 16.2280537
-61.53998491 16.29962556
-61.50055579 16.36019033
-61.52892615 16.43377757
-61.51065854 16.47770254
-61.47117774 16.50664134
-61.40642717 16.46829743
-61.39614356 16.41341706
-61.35547421 16.36318757
-61.17259132 16.256114
-61.32715552 16.23040497


# Netherlands: Bonaire
# from http://www.rjruss.info/2010/12/free-countries-of-world-in-polygon-kml.html
-68.20580543 12.14458202
-68.2543296 12.03208242
-68.28223487 12.08226024
-68.28724748 12.17171214
-68.30714291 12.20674877
-68.34843238 12.22809113
-68.37106666 12.2575467
-68.36925798 12.30193675
-68.21947384 12.23124339
-68.20580543 12.14458202

# Netherlands: Saba and St Eustatius
# from http://www.rjruss.info/2010/12/free-countries-of-world-in-polygon-kml.html
-62.93752235 17.49565074
-62.96170692 17.47503185
-62.98310096 17.4768922
-62.99715695 17.4968393
-62.99958574 17.53037731
-62.97932858 17.5211789
-62.97178382 17.51606293
-62.96542762 17.50929332
-62.93752235 17.49565074

-63.23267229 17.6231365
-63.24158647 17.61959667
-63.25450558 17.62866588
-63.2521543 17.64527985
-63.24163815 17.65181692
-63.23347327 17.64721772
-63.22691037 17.63411774
-63.23267229 17.6231365

# Puerto Rico
# from http://www.rjruss.info/2010/12/free-countries-of-world-in-polygon-kml.html
-67.8724666 18.05987987
-67.88182003 18.05894969
-67.89117347 18.05993155
-67.89546261 18.06279959
-67.90192217 18.0718688
-67.93039588 18.08690664
-67.93706214 18.10065257
-67.93060259 18.11514781
-67.91897539 18.12090974
-67.86109779 18.12253754
-67.855155 18.12114228
-67.84368283 18.11103954
-67.84337277 18.10395987
-67.84905718 18.09703522
-67.85918576 18.07956859
-67.86342322 18.07517609
-67.86678219 18.07065441
-67.86812578 18.06279959
-67.8724666 18.05987987

-65.42561337 18.10561351
-65.50403236 18.09951569
-65.55506283 18.10765473
-65.57221941 18.137317
-65.47713477 18.16504141
-65.36618547 18.16108816
-65.30267514 18.14437084
-65.294872 18.13333792
-65.42561337 18.10561351

-66.1293947 18.44489513
-66.09849219 18.42518057
-66.06841651 18.42802277
-66.09270443 18.46900218
-66.07043189 18.46900218
-65.878764 18.4438616
-65.75559323 18.40161612
-65.62883094 18.38141063
-65.62084693 18.24234935
-65.71841203 18.186668
-65.78223243 18.12860952
-65.8341414 18.05732189
-65.97077389 17.97438121
-66.13549252 17.94947317
-66.24502072 17.94725108
-66.28589678 17.9499641
-66.32579098 17.96417512
-66.40855079 17.95058421
-66.51079261 17.9870161
-66.59843584 17.97786937
-66.77240455 17.98655101
-66.83759437 17.95505423
-66.9000195 17.94789704
-66.96120439 17.95376232
-67.01332008 17.96789582
-67.1424078 17.96670726
-67.19684892 17.99417329
-67.17434384 18.15253571
-67.17245765 18.22423676
-67.20416114 18.28338044
-67.23893938 18.32063915
-67.26405412 18.36461579
-67.21335954 18.39360627
-67.17176002 18.43580008
-67.1586342 18.49920706
-67.11302975 18.51481334
-67.05962216 18.52215139
-66.81286719 18.49251496
-66.18856422 18.4757718
-66.15306251 18.47065583
-66.1293947 18.44489513


# Sint Maarten
# from http://www.rjruss.info/2010/12/free-countries-of-world-in-polygon-kml.html
-63.1230194 18.0689425
-63.01116802 18.0689425
-63.01232398 18.04541047
-63.02307268 18.01918468
-63.09045875 18.04143138
-63.12472022 18.06432404
-63.1230194 18.0689425


# U.S. Virgin Is.
# from http://www.rjruss.info/2010/12/free-countries-of-world-in-polygon-kml.html
-64.76565365 17.79431468
-64.68186032 17.75020885
-64.58044532 17.75020885
-64.68627865 17.70610301
-64.88910865 17.70171052
-64.88471615 17.77224885
-64.76565365 17.79431468

-64.65982032 18.35433218
-64.72596615 18.32787385
-64.77061459 18.33159455
-64.78769365 18.34110301
-64.75242449 18.37197968
-64.65982032 18.35433218

-64.84502865 18.33009593
-64.91998532 18.3212851
-65.0236224 18.36758719
-64.94202532 18.38520885
-64.88910865 18.37420177
-64.84502865 18.33009593


# Montserrat
# from http://www.rjruss.info/2010/12/free-countries-of-world-in-polygon-kml.html
-62.14844906 16.74032217
-62.15426266 16.68120433
-62.22162289 16.69949779
-62.22306983 16.75158763
-62.1913405 16.80440095
-62.1757859 16.80956859
-62.14844906 16.74032217


# St. Barthelemy
# from http://www.rjruss.info/2010/12/free-countries-of-world-in-polygon-kml.html
-62.83192156 17.87648021
-62.84690772 17.8751883
-62.85894833 17.88366323
-62.86938697 17.89859772
-62.87543311 17.91358389
-62.87424455 17.92226553
-62.86545956 17.91828644
-62.79972714 17.90867463
-62.80701352 17.89766755
-62.81817563 17.88547191
-62.83192156 17.87648021


# St. Martin
# from http://www.rjruss.info/2010/12/free-countries-of-world-in-polygon-kml.html
-63.01116802 18.0689425
-63.1230194 18.0689425
-63.11500505 18.09070486
-63.06307024 18.11535452
-63.024778 18.11310659
-63.0094301 18.1043216
-63.01116802 18.0689425


# Turks and Caicos Is.
# from http://www.rjruss.info/2010/12/free-countries-of-world-in-polygon-kml.html
-72.3328145 21.85137971
-72.21863542 21.79629263
-72.14982825 21.80448334
-72.14432471 21.79272696
-72.18155758 21.78004039
-72.19067847 21.76978262
-72.3009043 21.7552357
-72.33545 21.75800039
-72.34237464 21.79531078
-72.3328145 21.85137971

-71.66140845 21.76523509
-71.66538754 21.75169587
-71.72176653 21.79024649
-71.83041623 21.79060822
-71.84765032 21.84347321
-71.8061283 21.85210318
-71.6683331 21.83344798
-71.63691383 21.78755931
-71.66140845 21.76523509

-71.87994809 21.8404243
-71.8974664 21.82985647
-71.95549903 21.86440217
-71.9637931 21.89202322
-71.98451535 21.89341848
-72.01906104 21.91827485
-72.01063778 21.95044343
-71.93157284 21.95189037
-71.89961097 21.86249014
-71.87994809 21.8404243


