50.1844617 44.85462678
50.14870161 44.82646312
50.09526818 44.83062307
49.99511926 44.93694733
50.02302453 45.04474437
50.05940474 45.06678437
50.10984094 45.0819514
50.11655887 45.05823192
50.04534875 45.01001781
50.03883752 44.94914297
50.09816206 44.8815502
50.1844617 44.85462678
NaN  NaN
50.31168908 44.97208731
50.27727258 44.95859976
50.25618859 45.02242015
50.29494592 45.07590526
50.34972293 45.08298493
50.33091271 44.99844229
50.31168908 44.97208731
NaN  NaN
52.68239709 45.41180207
52.6648271 45.40131175
52.59837121 45.4281835
52.55423954 45.47396882
52.6089132 45.5280482
52.65955611 45.51804881
52.69293908 45.46073965
52.68239709 45.41180207
NaN  NaN
70.08738122 55.17676158
70.18246585 55.16247305
70.2933118 55.18358287
70.37144657 55.21223745
70.41718021 55.25316519
70.4862716 55.28236237
70.73814253 55.30515168
70.79033573 55.26112336
70.91017337 55.12797903
70.99177046 54.95049632
71.12628421 54.7150585
71.18555708 54.59932913
71.1592021 54.53863516
71.15982222 54.4554361
71.15212243 54.36407217
71.05274865 54.26048676
71.09315962 54.21222097
71.33645226 54.15834829
71.67715498 54.17803701
71.88737471 54.22149689
72.0044735 54.20568391
72.06560672 54.23162547
72.10539758 54.30846833
72.18601281 54.3256249
72.26916019 54.27211396
72.32946659 54.18144766
72.38729251 54.12302745
72.38305505 54.05365184
72.40429406 53.96445832
72.44677209 53.94182404
72.5302812 53.97577546
72.5859884 53.99592927
72.59916589 54.02305939
72.57560143 54.05649405
72.5642843 54.09044546
72.58268111 54.12160635
72.62231693 54.13434459
72.74106937 54.12450023
72.91403039 54.10734365
73.11928918 53.9807364
73.22992842 53.9578179
73.27659224 53.95562165
73.38072025 53.96285635
73.50562219 53.99933991
73.58995812 54.0449702
73.61796675 54.06739777
73.66643924 54.06347036
73.71243127 54.04238638
73.71553185 53.99621349
73.67894494 53.92944754
73.55419803 53.86828848
73.39937544 53.81149608
73.30568607 53.70721304
73.28568729 53.59840831
73.32687341 53.54316621
73.36185835 53.50619172
73.3718319 53.45438609
73.4069202 53.44753897
73.46996545 53.46890717
73.64292647 53.57626496
73.73113814 53.60277497
73.85893395 53.61972484
74.06863692 53.61140493
74.20997196 53.57647167
74.27730635 53.52774079
74.35151371 53.48763988
74.40277673 53.50443472
74.42928674 53.5507368
74.43042362 53.60370515
74.45192101 53.64724254
74.68146773 53.75439362
74.83411991 53.8257071
74.88682987 53.834027
74.9889425 53.81924754
75.05219445 53.82668895
75.22019453 53.89381664
75.37703251 53.97014273
75.39232873 54.02174164
75.39811649 54.06848298
75.43718387 54.08967032
75.65680871 54.10600007
75.69287886 54.11478506
75.88061934 54.16796011
76.14055179 54.2585489
76.26659061 54.31198233
76.49649906 54.33570181
76.53918379 54.35104971
76.61550988 54.38711986
76.75937707 54.43688426
76.83730513 54.44236197
76.78898766 54.32187836
76.70304976 54.18245535
76.65457726 54.14527416
76.42172326 54.151527
76.42203332 54.11351899
76.45856856 54.05525381
76.48476851 54.02254263
76.51308719 53.99321625
76.57571903 53.94252167
76.82066532 53.82265819
77.13242923 53.6701352
77.46925622 53.49877615
77.70438399 53.37917105
77.79936527 53.31741771
77.85998172 53.26917776
78.03351118 53.09495067
78.19804894 52.92968944
78.47549971 52.63844107
78.72142785 52.35701122
78.99205733 52.04739187
79.14874027 51.86810049
79.46882409 51.49311046
79.55434859 51.37800121
79.71645755 51.16003002
79.85965295 50.95544302
79.98620853 50.77457551
80.06594527 50.75821992
80.07204308 50.80728669
80.08635746 50.83999787
80.12723351 50.85836884
80.22025109 50.91177643
80.27037723 50.92459219
80.34520471 50.91911449
80.42359785 50.94627045
80.45227827 50.99761099
80.43362308 51.09264395
80.4215308 51.13636221
80.44809248 51.18336192
80.4910356 51.2017329
80.5506702 51.21658987
80.6054989 51.22421214
80.65045739 51.27736136
80.73525842 51.29340689
80.8131348 51.28348501
80.87731693 51.28144379
80.93405765 51.24276398
80.96558028 51.18979564
81.02676517 51.1857132
81.12727583 51.19106171
81.14097009 51.14656831
81.11239302 51.07238679
81.07751143 51.01492259
81.07146529 50.9687497
81.12458866 50.94627045
81.31909875 50.96639842
81.38824182 50.95647655
81.41015262 50.90976105
81.43774784 50.87105541
81.45159712 50.82366812
81.43139164 50.77113902
81.46591149 50.73984894
81.63391157 50.73912547
81.7520439 50.76439525
81.93368656 50.76635895
82.09806929 50.71085847
82.21191247 50.71943675
82.32637577 50.741916
82.49396244 50.72760163
82.61173303 50.77147492
82.69302005 50.82632945
82.71849654 50.86950511
82.76081953 50.89335379
82.91905277 50.89312124
83.01920169 50.89725536
83.09278893 50.96061066
83.16022668 50.98921357
83.27370812 50.99456208
83.35732059 50.99456208
83.5813896 50.9357543
83.71776371 50.88717845
83.85982222 50.81803539
83.94508833 50.77465302
84.0023975 50.67688121
84.09929081 50.60471507
84.17592696 50.52053417
84.19447879 50.43743846
84.2578341 50.28822276
84.32325646 50.23915599
84.40092614 50.23915599
84.49900801 50.2187438
84.60732181 50.20238821
84.83898726 50.09130972
84.92404667 50.08797659
84.98946903 50.0614149
84.99970096 50.01028107
84.97520633 49.95105988
85.00078617 49.89416413
85.07649214 49.82161042
85.13654015 49.75071035
85.21012739 49.66484996
85.23260664 49.61580903
85.29187951 49.59945344
85.37161625 49.62394807
85.49848189 49.60539623
85.88047407 49.556562
85.93359745 49.55043834
85.97442183 49.49933035
86.02961226 49.50343863
86.09296756 49.50547984
86.18086918 49.49933035
86.24215742 49.54633006
86.29243859 49.58751618
86.41796065 49.63846914
86.52224369 49.70776724
86.6101453 49.769133
86.67551599 49.77729788
86.72869103 49.74869497
86.73070641 49.69554576
86.66533573 49.65671092
86.61422774 49.60971121
86.62647505 49.56268566
86.71437666 49.55860322
86.8120968 49.48790986
86.95296675 49.32205435
87.00092248 49.28732779
87.07058231 49.25459077
87.14804528 49.23981131
87.23367313 49.2161435
87.29687341 49.14764639
87.32281498 49.0857897
87.22995243 49.10584016
87.04851647 49.10992259
86.93798058 49.09757193
86.88599409 49.09056977
86.80832442 49.04969371
86.75313399 49.00881765
86.72858768 48.93933869
86.75783654 48.86073884
86.71794234 48.69718293
86.66373376 48.63553295
86.54942549 48.52861441
86.48327966 48.50536001
86.37253706 48.48623973
86.26556685 48.45456208
86.05612227 48.42371125
85.82983117 48.40805329
85.74937097 48.38508312
85.69221683 48.31183177
85.65154748 48.25054352
85.62638106 48.20398306
85.5622506 48.05187348
85.52597375 47.91562857
85.56163049 47.74646577
85.58829553 47.55849274
85.58664188 47.49366466
85.64183231 47.3974173
85.66984094 47.33840282
85.65661177 47.25463532
85.57723677 47.18848949
85.52974613 47.10079458
85.48478763 47.06351004
85.35533817 47.04674103
85.23348514 47.03635407
85.11059859 46.96121654
85.01220666 46.90923005
84.85826257 46.84318757
84.78617394 46.83073355
84.74602136 46.8643749
84.71956302 46.93933157
84.66664636 46.97237865
84.59228397 46.97496247
84.53244266 46.97578929
84.33886275 46.99614981
84.21514937 46.99470287
84.12202844 46.9786315
84.01604007 46.9705183
83.83264042 46.99785513
83.71393965 47.02105785
83.63409956 47.0432012
83.44351688 47.1086494
83.19309289 47.18655162
83.09030847 47.20936677
83.02943363 47.18595734
83.02008019 47.14146393
83.0040605 47.03351187
82.97491499 46.96602245
82.80004195 46.62444123
82.69224491 46.38667796
82.55509566 46.15868155
82.51168745 46.00579682
82.42972863 45.81193268
82.34813154 45.67152782
82.31521366 45.59494335
82.31221642 45.56370494
82.32663415 45.519935
82.45163944 45.47195344
82.58253584 45.44260122
82.61162967 45.42425609
82.62578902 45.37441417
82.62108646 45.2931013
82.59700524 45.21594839
82.55897139 45.15543529
82.5214543 45.1254888
82.47871789 45.12357677
82.39665571 45.16246328
82.32337853 45.20587149
82.26658613 45.21910065
82.12277062 45.19486441
81.98923872 45.16184317
81.94490034 45.16086131
81.86748905 45.18210033
81.78966434 45.2260253
81.75886519 45.31082632
81.69204756 45.34937694
81.60207889 45.31082632
81.33470503 45.24620494
81.04035607 45.16912954
80.85333906 45.12931285
80.78011356 45.1355657
80.63479943 45.12649649
80.5092257 45.10499909
80.41496789 45.07510428
80.22820926 45.03399567
80.05922733 45.00645213
79.95019006 44.94407868
79.87184859 44.88377228
79.87525923 44.86082795
79.93210331 44.82517121
79.99716393 44.79721426
80.12785363 44.80377717
80.25502933 44.80811799
80.36081099 44.77029084
80.45543054 44.74608043
80.48152713 44.71463532
80.45543054 44.68406871
80.40055016 44.67691153
80.38148156 44.65541413
80.3910417 44.62681122
80.35502323 44.55198375
80.33631636 44.43839895
80.35491988 44.32649364
80.36535851 44.2232958
80.35895064 44.17130931
80.35522993 44.09728282
80.39579593 44.04718252
80.43155602 43.95176199
80.49599654 43.89210155
80.59345829 43.68508576
80.65081913 43.56416291
80.70383915 43.42706533
80.66539188 43.35298717
80.667769 43.31006989
80.72978071 43.27428396
80.75701419 43.20433991
80.78574629 43.16155183
80.77778812 43.11894461
80.75122643 43.1025115
80.61702274 43.1282722
80.50700362 43.08576834
80.39021488 43.04313528
80.37450524 43.02039765
80.3713013 42.9956188
80.38334191 42.97375967
80.4506763 42.93554495
80.54369388 42.91169628
80.53893965 42.87350739
80.42401126 42.85578238
80.2502751 42.79728465
80.20221602 42.73447195
80.16500899 42.66550975
80.16185672 42.62553803
80.17932336 42.51833527
80.20578169 42.3994278
80.25508101 42.27416413
80.25911177 42.23540681
80.23306685 42.20781159
80.20934737 42.1900349
80.07131961 42.30299958
79.92104455 42.41312206
79.80342899 42.43846935
79.59837691 42.45663361
79.49011478 42.45756379
79.42825809 42.48350536
79.36779667 42.5472224
79.29544966 42.60484162
79.20300052 42.66600068
79.16481164 42.75901826
79.12667443 42.77573558
79.05985681 42.76379833
78.94797733 42.76669221
78.88513879 42.77488292
78.79150109 42.7908251
78.64225956 42.82872976
78.52423058 42.86467072
78.37591922 42.87149201
78.29003299 42.86433483
78.02312422 42.85751354
77.80169071 42.89523733
77.62247684 42.90223949
77.51219933 42.90006908
77.45928267 42.9047458
77.36859053 42.90446157
77.23552372 42.91262645
77.05734338 42.97065908
76.98809696 42.97360464
76.94406864 42.97148591
76.64651574 42.92880117
76.50915978 42.9188793
76.21811812 42.92373688
75.93219242 42.92849112
75.8403634 42.93748282
75.78956546 42.93293529
75.68176843 42.83048676
75.63567305 42.81459626
75.36618045 42.83697215
75.04764693 42.90438406
74.81753177 42.97815217
74.62224654 43.05618358
74.36386437 43.17943187
74.20909346 43.24035838
74.18682092 43.20529593
74.14589318 43.19408214
74.08625858 43.18860444
73.949161 43.19503815
73.88606408 43.13256135
73.71852909 43.08788707
73.61202396 43.04791535
73.55626509 43.00280183
73.45022505 42.70302684
73.42190637 42.59352448
73.49296146 42.40903962
73.41162276 42.41976248
73.31596968 42.46699474
73.28289676 42.50412425
73.19080936 42.52686188
72.85511926 42.56112336
72.79243574 42.60347219
72.75295495 42.63791454
72.66608687 42.66041962
72.54320031 42.67775707
72.27582645 42.75767467
72.16182824 42.7606719
71.81683638 42.82219269
71.76056074 42.82149506
71.7347742 42.8188854
71.60082889 42.7786553
71.51421919 42.76692475
71.42202844 42.78317699
71.25666385 42.73356761
71.16736698 42.66742178
71.09357303 42.58652233
71.02277632 42.53544017
71.00200239 42.4590624
70.95239302 42.4193749
70.89286177 42.3399999
70.89286177 42.29369782
70.94681196 42.24866181
70.86040897 42.20724315
70.76454919 42.19416901
70.71524987 42.16866669
70.66253991 42.10745596
70.61324059 42.054746
70.58430179 42.03603913
70.54011844 42.03944977
70.4891138 42.08024832
70.41599165 42.078543
70.32891686 42.02797761
70.22587406 41.94601879
70.09559777 41.82049673
69.95999881 41.75404084
69.788123 41.69730012
69.66389286 41.67213369
69.56513919 41.62903555
69.40096317 41.54190908
69.36830366 41.49056855
69.24929284 41.46023448
69.15363976 41.42524954
69.06496301 41.36693268
69.04346561 41.26412242
68.98687992 41.20503042
68.85122928 41.12384675
68.73712772 41.04188793
68.66281701 40.96153107
68.58406213 40.87626496
68.55925744 40.82929108
68.55657027 40.76513479
68.59367394 40.71128795
68.60065026 40.65997325
68.57264164 40.62263703
68.49569543 40.60863272
68.41508019 40.61943309
68.29188358 40.65612336
68.16026371 40.72175243
68.1122563 40.7540502
68.04771244 40.8092923
68.05706587 40.860607
68.09034549 40.960265
68.11303145 41.02860708
68.05939131 41.06126659
68.01970381 41.09625153
67.99138513 41.13004792
67.93572961 41.19658133
67.86570804 41.18025157
67.80509159 41.16392182
67.73507002 41.18725373
67.52800256 41.17715099
67.371578 41.16952871
67.22497196 41.16237153
67.0387301 41.15330231
66.81429935 41.14239859
66.74975549 41.15707469
66.70965458 41.17914053
66.66867516 41.27076284
66.64531742 41.34863923
66.60165083 41.49431509
66.572557 41.60696971
66.53788211 41.74127676
66.51498946 41.88938142
66.4986597 41.99487885
66.32879927 41.99834117
66.19320031 42.00110586
66.00959395 42.00487824
66.01119592 42.08874909
66.0132113 42.19447907
66.01553674 42.31478181
66.04984989 42.47273082
66.06271732 42.60515168
66.07847863 42.76664053
66.08881392 42.87340404
66.10028609 42.99083873
66.00561486 42.95458771
65.90107344 42.91451264
65.80299157 42.87696971
65.73565718 42.97210602
65.67023482 43.064581
65.57070601 43.20516673
65.49618859 43.31053498
65.36653242 43.3720041
65.27046594 43.41753103
65.17093713 43.49419302
65.08484419 43.57367137
65.00314375 43.64906729
64.90547529 43.71469636
64.81178592 43.69392243
64.70605594 43.65296886
64.60409834 43.61346223
64.49614627 43.57163015
64.44317793 43.55119213
64.31812097 43.55894359
64.20882531 43.5657132
64.01328169 43.57785716
63.84812381 43.58811494
63.67965864 43.59863109
63.44484094 43.61322968
63.20702599 43.6279833
63.04770755 43.60850129
62.84622114 43.58390331
62.63445112 43.55801341
62.45937137 43.53664521
62.23783451 43.50956676
62.07200484 43.48933544
61.99025272 43.49212596
61.88762333 43.57723705
61.72324059 43.71355948
61.62360843 43.79619009
61.5258883 43.8771929
61.38507002 43.9939558
61.2715369 44.08229666
61.16069095 44.16862214
61.09702559 44.24825552
61.06534793 44.34840445
61.00788374 44.39377635
60.87920943 44.4550646
60.74107832 44.5208487
60.60294722 44.5866328
60.46476444 44.6524169
60.32663334 44.718201
60.18850223 44.78398509
60.05031945 44.84976919
59.91218835 44.91555329
59.77405724 44.98131155
59.63592614 45.04706981
59.49779504 45.11285391
59.35961226 45.17863801
59.22148115 45.24442211
59.08335005 45.3102062
58.94516727 45.3759903
58.80703617 45.4417744
58.66890506 45.5075585
58.55521691 45.5553592
58.44943526 45.54290518
58.29109867 45.50941885
58.12516564 45.47438223
57.96104129 45.4396815
57.66669234 45.37743724
57.47729821 45.33743968
57.32924523 45.3036433
57.17168379 45.26770234
56.96502974 45.22059927
56.79186201 45.1810668
56.58877363 45.13476472
56.40914636 45.09378531
56.25794112 45.05931713
56.10048303 45.023402
55.97568444 44.99492829
55.97583947 44.76538158
55.97594282 44.53583487
55.97604618 44.30628815
55.97614953 44.07674144
55.97625288 43.84719473
55.97635624 43.61764802
55.97645959 43.3881013
55.97656294 43.15858043
55.97666629 42.92905956
55.97676965 42.69951284
55.976873 42.46996613
55.97697635 42.24041942
55.97707971 42.01087271
55.97718306 41.781326
55.97728641 41.55177928
55.97744144 41.32223257
55.93491174 41.3241446
55.83910363 41.31081208
55.67859663 41.27882437
55.54521976 41.262753
55.4870321 41.27226146
55.43437381 41.296291
55.38838179 41.34690807
55.31975549 41.40840302
55.24957889 41.45808991
55.16234907 41.56022838
55.10188765 41.63869904
54.95233605 41.81000642
54.93166548 41.86400829
54.90365685 41.91906953
54.85384077 41.96519074
54.67798587 42.0782071
54.47288211 42.1801647
54.27191247 42.28000357
54.21491336 42.30418814
54.12096561 42.335194
54.00515873 42.33589163
53.92640384 42.32976797
53.68538496 42.29685008
53.50079675 42.25824779
53.25011437 42.20584789
53.05591434 42.14773774
53.01255781 42.13071035
52.8704993 42.06058544
52.69691817 41.94436514
52.49388146 41.78036998
52.46762984 41.88586742
52.45863814 42.04836396
52.46215213 42.10063467
52.51723921 42.2371638
52.57325646 42.33085318
52.61831831 42.42821157
52.63847212 42.55564566
52.59661421 42.76018098
52.55000207 42.80547537
52.49398482 42.82028067
52.43424686 42.82444062
52.32438277 42.81614655
52.27301639 42.7998168
52.18371952 42.86875316
52.07561242 42.87978608
52.01856164 42.86053661
51.96078739 42.85056306
51.8982589 42.86960582
51.844102 42.91045604
51.81102909 42.95443268
51.78519087 43.00432628
51.70033817 43.10403596
51.61600223 43.15845124
51.51409631 43.17049185
51.34780155 43.16736542
51.29540165 43.1741092
51.29240441 43.23069489
51.31338504 43.35564851
51.31390181 43.42086416
51.30180952 43.48235912
51.27411096 43.53289867
51.23897098 43.57672028
51.13964888 43.64875723
51.0648214 43.75014639
50.93986779 43.95855744
50.83072717 44.19275503
50.78266808 44.2280242
50.68499963 44.2650762
50.47178267 44.29476431
50.33111942 44.32548595
50.27561893 44.35512238
50.25257124 44.40648876
50.25298465 44.46149832
50.26456017 44.52655895
50.29742639 44.58156851
50.40946089 44.62404654
50.65244348 44.63334829
50.86038944 44.62874909
51.04880171 44.53046052
51.11071008 44.50782624
51.17716597 44.50136669
51.31069787 44.53242422
51.376637 44.54120921
51.54355187 44.53100312
51.49373579 44.57753775
51.43110396 44.60192902
51.36630171 44.59986197
51.31028446 44.61877554
51.21819706 44.70900259
51.05789676 44.81158031
51.02068973 44.85400666
51.00932092 44.92180614
51.04032678 44.98030386
51.15370487 45.04024852
51.24992639 45.12169058
51.29405806 45.22979768
51.3334355 45.27961376
51.41570438 45.35787771
51.53962446 45.34286571
51.73258426 45.39947724
52.04874068 45.38839265
52.42680545 45.40464488
52.53108849 45.39865042
52.77200402 45.34351166
52.91070357 45.31971467
53.07896203 45.30751903
53.20040165 45.33196198
53.08578332 45.4073579
52.83752974 45.49670645
52.77386437 45.57277416
52.88744917 45.77953156
53.04154829 45.96789216
53.13528934 46.19165111
53.10903771 46.41406647
53.06397586 46.47530305
53.07854862 46.54744335
53.13239546 46.60836986
53.17022261 46.66903799
53.13745975 46.74203095
53.06945357 46.856055
53.03462365 46.89292613
52.91597456 46.95439525
52.67764286 46.95710826
52.48323612 46.99067211
52.42029422 46.96369701
52.38484419 46.92209748
52.34029911 46.89476065
52.18878381 46.83951854
52.13824426 46.82861481
52.0855343 46.83962189
52.01112023 46.90189199
51.94507775 46.894864
51.7445732 46.93372468
51.65010868 47.01806061
51.61517541 47.02992036
51.29085412 47.09733226
51.17799279 47.11014802
50.92002404 47.04069489
50.73274865 46.9516564
50.67983198 46.93873729
50.582887 46.88228079
50.52842004 46.87328909
50.47229943 46.88292674
50.41927941 46.8795161
50.30621138 46.79494762
50.10157271 46.6964265
49.99977014 46.63425975
49.88628869 46.59565746
49.76050825 46.57147289
49.63152388 46.56759715
49.58439497 46.54522126
49.43722049 46.53726309
49.34751021 46.5191505
49.34420292 46.48553498
49.36208296 46.41019074
49.28580855 46.4368041
49.20571008 46.38569611
49.23227176 46.33717194
49.18426436 46.34885082
48.95895511 46.44212678
48.77431522 46.50793671
48.61013919 46.56646027
48.5860063 46.57710562
48.54115116 46.60563101
48.50921512 46.64996939
48.50239383 46.69864859
48.51851688 46.73430532
48.55835941 46.75714631
48.60533329 46.7659313
48.64708784 46.7586966
48.69359663 46.73683747
48.77638228 46.71032746
48.88361087 46.7054182
48.95032515 46.72577871
48.95931685 46.7745871
48.83188277 46.95493785
48.71431888 47.10048452
48.60068241 47.26230927
48.55251997 47.32098786
48.41309696 47.45648347
48.27568932 47.58996369
48.16701379 47.70876781
48.10996301 47.7454064
47.93467655 47.76070262
47.600175 47.79000316
47.48193932 47.80390412
47.3872681 47.76866079
47.29233849 47.74093639
47.20205977 47.79245779
47.13079797 47.87676789
47.09328088 47.94771963
47.11157433 48.02011831
47.11901574 48.12698518
47.06460046 48.23245677
47.00434574 48.2844691
46.8531405 48.32358816
46.66090417 48.41223908
46.60922774 48.57388296
46.70260705 48.80554841
46.85298547 48.96962108
46.96222945 49.03835074
47.01426761 49.09834707
47.03137251 49.15028189
47.01814334 49.1999171
46.95344445 49.25260122
46.85298547 49.30386424
46.80208418 49.36706452
46.82311649 49.50225007
46.88957238 49.69696686
46.99194339 49.85271963
47.12960941 49.93904511
47.24836185 50.00087596
47.29523237 50.05849518
47.29771284 50.1402473
47.29471561 50.21750357
47.32644494 50.27352082
47.37636437 50.31811758
47.42917769 50.35796011
47.50359175 50.4027119
47.59965824 50.41356395
47.70574995 50.37795889
47.84966882 50.28230581
48.06071537 50.09358348
48.18137984 49.97002513
48.22478804 49.9319396
48.33496219 49.85824901
48.4342843 49.82853506
48.59995894 49.87468212
48.759019 49.92832225
48.81028202 49.96237702
48.84325158 50.01312328
48.81793013 50.09983633
48.78480554 50.15642202
48.74945886 50.22845897
48.70052127 50.35377432
48.66600142 50.55035147
48.62512536 50.61267324
48.65514937 50.61985627
48.73473107 50.60688548
48.80842167 50.60130443
48.91373823 50.6445576
49.05869063 50.72607718
49.32342899 50.85172842
49.37949792 50.93466909
49.42461144 51.02701488
49.49799198 51.08360057
49.66630212 51.10230744
49.82220991 51.1318922
49.93233239 51.19715953
50.10488 51.25459789
50.24688683 51.28950532
50.30931196 51.32157054
50.35370202 51.36973298
50.51632775 51.50561616
50.64391686 51.58917695
50.75615807 51.67514069
50.79393355 51.72919424
50.88245528 51.71916901
51.0178992 51.68165192
51.16342004 51.64744213
51.26992516 51.59447378
51.29075077 51.54018769
51.30108605 51.49742544
51.34454593 51.47535961
51.39596398 51.47127717
51.47347863 51.48202587
51.60907759 51.48398957
51.77542403 51.55426952
52.00714115 51.6727119
52.21916955 51.70935049
52.33099735 51.68129019
52.42308475 51.5942154
52.4962069 51.51215323
52.57118941 51.48163829
52.61780155 51.48078563
52.63511315 51.4795454
52.72813073 51.49814891
52.73503299 51.4978824
52.82047652 51.49458324
52.90264204 51.46693635
53.03834435 51.46373241
53.22737674 51.48497142
53.24727217 51.49360139
53.33811934 51.48236176
53.44865523 51.44450878
53.53464481 51.39957612
53.68812381 51.25180736
53.77649051 51.21372183
53.95684126 51.1611669
54.04148726 51.11517487
54.13977583 51.04076081
54.19114221 50.9957248
54.29790571 50.9140502
54.42151574 50.78031159
54.4433232 50.67390982
54.47143517 50.58381196
54.5174272 50.54115306
54.55525435 50.53577871
54.59618208 50.55066153
54.63617964 50.5916151
54.64997725 50.66016389
54.63793664 50.7810609
54.60625899 50.87989208
54.56558963 50.91125967
54.54605594 50.94603791
54.57292769 50.99022126
54.64165734 51.01156363
54.72713016 50.99807608
54.86800012 50.94136119
55.01481286 50.8697635
55.19521529 50.74470653
55.36109663 50.66530569
55.5422742 50.60179536
55.68624474 50.58285594
55.79765913 50.6020279
55.92922733 50.65375601
56.04968509 50.71354564
56.10451379 50.77628083
56.14399458 50.84464875
56.32563724 50.93606436
56.49146691 51.0195218
56.5669145 51.00450979
56.62024458 50.98086782
56.7903634 51.03161408
56.84963626 51.04554088
57.01174523 51.06520376
57.17902184 51.03605825
57.31250207 50.94655467
57.44220991 50.88888378
57.55786177 50.89555004
57.65377323 50.92513479
57.71702518 50.98094534
57.76487756 51.04688447
57.82890466 51.0890266
57.83882653 51.0916621
58.04517053 51.06887279
58.17472334 51.0722576
58.1884176 51.08174022
58.35915653 51.06383434
58.54746545 50.9710493
58.66456424 50.86831656
58.81401249 50.73721345
58.88367232 50.6944512
58.98485477 50.6761319
59.06433312 50.66819957
59.17083825 50.64791657
59.45231978 50.62042471
59.49510786 50.60430166
59.52394331 50.58280427
59.49779504 50.51107738
59.52301314 50.49286144
59.75121626 50.54394359
59.81240116 50.58202912
59.88779707 50.69018789
59.95518314 50.79927684
60.0052576 50.83968781
60.05858768 50.85028148
60.11212446 50.83415843
60.18674523 50.7697696
60.28803104 50.70414053
60.42476688 50.67912914
60.5084827 50.66918142
60.63798384 50.66372956
60.94230635 50.69551057
61.22688846 50.77478221
61.38941084 50.86103018
61.46501346 50.99022126
61.51219404 51.137034
61.58505781 51.22968985
61.55472375 51.32459361
61.41137333 51.41474315
61.36310754 51.44187328
61.01480838 51.49236115
60.99331099 51.52868968
60.97357059 51.53706127
60.63033573 51.61695303
60.46476444 51.65116283
60.41830733 51.70392447
60.38750817 51.77301586
60.28038293 51.83461416
60.06747603 51.89063142
60.03032067 51.93326447
60.06551232 51.97646597
60.23366743 52.02449921
60.42549035 52.12560415
60.49933597 52.1463264
60.67033329 52.15082225
60.82841149 52.23337535
60.93760379 52.28058177
60.99455122 52.33685741
60.9794617 52.39478669
60.82122847 52.56981477
60.77435794 52.67580313
60.80231489 52.74473949
60.89326542 52.81941193
60.94473514 52.8601588
61.00654015 52.93335847
61.04746789 52.97247753
61.20694136 52.98906566
61.40072798 52.9959903
61.53363976 52.97852367
61.71936486 52.96940278
61.8885535 52.95588939
61.97418135 52.94374543
62.03712324 52.96612132
62.08270186 53.00542125
62.08109989 53.05743358
62.01469567 53.10786978
61.76618371 53.17391226
61.65983361 53.22848257
61.57622114 53.22243643
61.43679813 53.2393863
61.31096602 53.27519807
61.19918989 53.28713532
61.16280969 53.3367447
61.18596073 53.40619782
61.22895552 53.44588532
61.31163781 53.46572907
61.40093469 53.4558072
61.49849979 53.48464265
61.52656009 53.50156668
61.53493168 53.52329662
61.51917036 53.55448334
61.47410851 53.58026988
61.40992639 53.5870395
61.33613244 53.56518037
61.24797245 53.55099518
61.0985242 53.58311209
60.9794617 53.62174022
60.98555952 53.65739696
61.07351281 53.71046865
61.11320031 53.75346345
61.11320031 53.8129947
61.11320031 53.88244782
61.14368941 53.9638382
61.23102258 54.01949372
61.33370365 54.04925935
61.59813195 53.99494741
61.92865441 53.94647492
61.98565352 53.95440725
62.00234501 53.97990957
62.04027551 54.0026472
62.4990072 54.01316336
62.58825239 54.04445344
62.63269413 54.0693098
63.07395918 54.10522492
63.12661747 54.13927969
63.19131636 54.1710607
63.29270552 54.17044058
63.41362837 54.18320466
63.58199019 54.22191031
63.70131107 54.24322683
63.7212065 54.24500967
63.84709029 54.23648306
64.00387658 54.26710135
64.03741459 54.27973623
64.06294274 54.30291311
64.1994202 54.34743236
64.46121301 54.3841743
64.52508508 54.36216014
64.64993534 54.35223827
64.80930545 54.36856802
64.92671431 54.39662832
64.99544396 54.36877473
65.08835819 54.34017182
65.15775964 54.36440807
65.19222782 54.44112173
65.23739302 54.51605256
65.3159412 54.55155427
65.37815962 54.56447338
65.43443526 54.59330882
65.47691328 54.62328115
65.70775191 54.61868195
65.91419925 54.69330272
65.95471358 54.65950633
66.22265588 54.66736115
66.55540043 54.71542023
66.75450972 54.73789948
67.0983647 54.78818065
67.2573214 54.82879833
67.48469771 54.85448151
67.69341882 54.87241324
67.82989627 54.94357168
67.9399154 54.95370026
68.07386071 54.95959138
68.15581953 54.97669628
68.20940799 55.00305126
68.2440312 55.05242809
68.22532433 55.11524079
68.20620405 55.16092276
68.30196048 55.18650259
68.43843794 55.19440908
68.52478926 55.20484772
68.71294315 55.30851065
68.84296105 55.35835257
68.97721642 55.38961681
69.2469674 55.37251191
69.49325728 55.35687979
69.74027062 55.30737377
69.87018517 55.24564627
69.98170292 55.19905996
70.08738122 55.17676158
NaN  NaN
80.20934737 42.1900349
80.22919112 42.12983185
80.24619266 42.05981029
80.2351339 42.04348054
80.21622033 42.03242178
79.90967573 42.01500682
79.84042932 41.99573151
79.76611861 41.89886404
79.50386071 41.8210135
79.35441247 41.78106761
79.29358931 41.78282461
79.14843021 41.71913341
78.74261519 41.56004751
78.54314416 41.45958853
78.44289188 41.41754975
78.36238 41.3716094
78.34884077 41.32520397
78.34625695 41.28145987
78.12342818 41.07563264
77.95640995 41.05069876
77.81522993 41.05560802
77.71931848 41.0242921
77.58175581 40.99276948
77.28399621 41.01434439
77.18209029 41.01072704
76.98665002 41.03914907
76.90774011 41.02418875
76.82407596 40.982305
76.70842411 40.81812897
76.66119185 40.77965587
76.6397978 40.74221629
76.62217614 40.66237621
76.57788944 40.57788524
76.52094201 40.51124848
76.48016931 40.44952098
76.39635013 40.38980886
76.31852543 40.35226594
76.25832238 40.4307366
76.20607751 40.40838654
76.15662316 40.37647635
76.06231367 40.3875351
76.00428104 40.37143789
75.87198937 40.30319916
75.67716922 40.30580882
75.65598189 40.32926992
75.61743127 40.51659699
75.58353153 40.60532543
75.55557458 40.62519501
75.52079634 40.62754629
75.24102014 40.4802943
75.11131229 40.45412018
75.00454878 40.44949514
74.86559085 40.49349763
74.83510176 40.4825939
74.8111239 40.45877106
74.8012537 40.42854035
74.84176802 40.34497956
74.83050256 40.32849478
74.76776737 40.3298642
74.67986576 40.31061473
74.61304813 40.27216747
74.41192346 40.13718863
74.24268314 40.09202342
74.0851217 40.07429841
74.02052616 40.05936392
73.99158736 40.04313752
73.93877404 39.9788262
73.88461714 39.87792796
73.85624678 39.82868032
73.8353695 39.80015493
73.839762 39.76284455
73.88255008 39.71455292
73.91469282 39.60647167
73.90714807 39.57851472
73.87278324 39.53329784
73.82291548 39.48895946
73.71573856 39.46226858
73.631661 39.44885855
73.57559208 39.4576177
73.47043054 39.4605891
73.38738651 39.44270905
73.33617516 39.41237499
73.23494103 39.37454784
73.10926395 39.36193879
72.94937707 39.3570812
72.87248254 39.3603885
72.63993859 39.38599417
72.56335412 39.37720917
72.49023197 39.35739126
72.3577336 39.33684988
72.28719527 39.27372712
72.24978153 39.21569449
72.22998946 39.20752961
72.14735884 39.26075633
72.08421024 39.31062409
72.04281742 39.35217194
71.99098596 39.35090587
71.80598433 39.27558747
71.77859582 39.27796459
71.72567915 39.30659333
71.73539432 39.37772594
71.73219038 39.42299449
71.67265913 39.44704987
71.54625858 39.45309601
71.50331546 39.47883088
71.50589929 39.51707144
71.51742313 39.55386506
71.50300541 39.58218374
71.4703459 39.60368114
71.40425174 39.59786754
71.32849409 39.56869619
71.27289025 39.53531322
71.20276533 39.51981029
71.11806766 39.51355744
71.06504764 39.49340363
71.0048446 39.41185822
70.79932743 39.39470165
70.73307824 39.41330516
70.67861128 39.47128612
70.60786625 39.56440705
70.56802372 39.57585338
70.50115441 39.58735139
70.39206546 39.58187368
70.24483931 39.54262543
70.20928592 39.57497488
70.17109704 39.58419912
70.13678389 39.55758576
70.10164391 39.56058299
69.95596805 39.55308991
69.77210331 39.55675894
69.66699344 39.57489737
69.59878055 39.57376048
69.46333662 39.5320576
69.39150638 39.53247101
69.29771366 39.5248229
69.2802987 39.66584789
69.22908736 39.76108755
69.24474531 39.82707836
69.27880008 39.91777049
69.3072738 39.96854259
69.36540978 39.94707103
69.43196903 39.90978649
69.47625573 39.91970836
69.48788293 39.95043
69.47098473 39.99063426
69.46871097 40.02073579
69.49367069 40.06034577
69.5302576 40.09729442
69.76523034 40.15801423
69.96676843 40.20222342
70.07151655 40.17276785
70.27439823 40.10483918
70.37893965 40.06985423
70.45139001 40.04923534
70.51510705 39.94991324
70.55686161 39.95451244
70.59923628 39.97451122
70.62409265 39.99895417
70.64429813 40.08344514
70.73860762 40.13114248
70.94639855 40.18757315
70.96097131 40.22064606
70.95797407 40.23888784
70.9905819 40.25490754
71.09450321 40.27123729
71.30467126 40.28689525
71.37619144 40.27519054
71.45747847 40.24201427
71.52042036 40.20896719
71.58046838 40.2102591
71.62987105 40.21713207
71.65090335 40.20798534
71.66676802 40.17863312
71.69250288 40.15235566
71.77265303 40.18803824
71.84541345 40.23434032
71.90272261 40.2409549
71.95563928 40.2586024
71.97109053 40.28947907
72.0125867 40.34074209
72.13123579 40.43861726
72.19288578 40.45443024
72.23277998 40.45437857
72.23469201 40.43861726
72.25396732 40.42419953
72.35768192 40.40166861
72.3893079 40.42737763
72.40594771 40.46306021
72.3697742 40.51974925
72.36905073 40.54346874
72.38258996 40.565147
72.4020203 40.57809195
72.56748823 40.52434846
72.60407515 40.52543366
72.67962609 40.5556127
72.74887251 40.60868439
72.7738839 40.65038727
73.1128813 40.78603791
73.13696252 40.81063589
73.13210493 40.82851594
72.98999474 40.86011608
72.92601932 40.84244274
72.86659142 40.84231354
72.83098636 40.86215729
72.6583354 40.8699346
72.6204049 40.88380972
72.5059416 40.98168488
72.42739343 41.01894359
72.36403812 41.04343822
72.29494673 41.03992422
72.21309126 41.01424103
72.1873564 41.02594575
72.18063846 41.06684764
72.18094852 41.1184724
72.16425703 41.17374034
72.11537113 41.18658194
72.05242923 41.16474864
71.95848148 41.18704702
71.87864139 41.19500519
71.85797082 41.31138052
71.82572473 41.36104157
71.7924451 41.41313142
71.75771854 41.42801423
71.70066776 41.45400747
71.69720544 41.51557994
71.68516483 41.5329949
71.66490767 41.54121145
71.63751916 41.53418346
71.60227583 41.50325511
71.61963911 41.43545563
71.60620324 41.36742361
71.58558434 41.33323965
71.54558679 41.30807323
71.50005985 41.30747895
71.42083988 41.34186962
71.40838586 41.13604239
71.39308963 41.12338166
71.29883182 41.15247549
71.22338423 41.13991812
71.11072961 41.15263052
71.02592858 41.18658194
70.96257328 41.19598705
70.86046065 41.22490001
70.78248091 41.26249462
70.73442183 41.40052237
70.68884321 41.44982168
70.64584842 41.46036367
70.47138879 41.41266633
70.40782678 41.4495633
70.29005619 41.49684724
70.20091434 41.5144689
70.17698815 41.53999706
70.18096724 41.57141633
70.45495568 41.72505036
70.56290775 41.83080618
70.63091393 41.87550629
70.72770389 41.90522024
70.80335819 41.9226352
70.84190881 42.01963186
70.85658491 42.03081981
70.9103284 42.03800283
71.03218143 42.07779369
71.22855187 42.16290477
71.23232425 42.18626252
71.21263553 42.20644217
71.12995324 42.2500054
71.03600549 42.28468028
70.97900638 42.26656769
70.94681196 42.24866181
70.89286177 42.29369782
70.89286177 42.3399999
70.95239302 42.4193749
71.00200239 42.4590624
71.02277632 42.53544017
71.09357303 42.58652233
71.16736698 42.66742178
71.25666385 42.73356761
71.42202844 42.78317699
71.51421919 42.76692475
71.60082889 42.7786553
71.7347742 42.8188854
71.76056074 42.82149506
71.81683638 42.82219269
72.16182824 42.7606719
72.27582645 42.75767467
72.54320031 42.67775707
72.66608687 42.66041962
72.75295495 42.63791454
72.79243574 42.60347219
72.85511926 42.56112336
73.19080936 42.52686188
73.28289676 42.50412425
73.31596968 42.46699474
73.41162276 42.41976248
73.49296146 42.40903962
73.42190637 42.59352448
73.45022505 42.70302684
73.55626509 43.00280183
73.61202396 43.04791535
73.71852909 43.08788707
73.88606408 43.13256135
73.949161 43.19503815
74.08625858 43.18860444
74.14589318 43.19408214
74.18682092 43.20529593
74.20909346 43.24035838
74.36386437 43.17943187
74.62224654 43.05618358
74.81753177 42.97815217
75.04764693 42.90438406
75.36618045 42.83697215
75.63567305 42.81459626
75.68176843 42.83048676
75.78956546 42.93293529
75.8403634 42.93748282
75.93219242 42.92849112
76.21811812 42.92373688
76.50915978 42.9188793
76.64651574 42.92880117
76.94406864 42.97148591
76.98809696 42.97360464
77.05734338 42.97065908
77.23552372 42.91262645
77.36859053 42.90446157
77.45928267 42.9047458
77.51219933 42.90006908
77.62247684 42.90223949
77.80169071 42.89523733
78.02312422 42.85751354
78.29003299 42.86433483
78.37591922 42.87149201
78.52423058 42.86467072
78.64225956 42.82872976
78.79150109 42.7908251
78.88513879 42.77488292
78.94797733 42.76669221
79.05985681 42.76379833
79.12667443 42.77573558
79.16481164 42.75901826
79.20300052 42.66600068
79.29544966 42.60484162
79.36779667 42.5472224
79.42825809 42.48350536
79.49011478 42.45756379
79.59837691 42.45663361
79.80342899 42.43846935
79.92104455 42.41312206
80.07131961 42.30299958
80.20934737 42.1900349
NaN  NaN
71.20617598 39.8925524
71.21563277 39.90678925
71.17930423 39.97983389
71.22865523 40.04815013
71.1302633 40.05967398
71.08034387 40.07987946
71.02411991 40.14915172
71.00541304 40.15227814
70.97626753 40.13326122
70.96066125 40.08796682
70.9743555 40.03887421
71.01450809 40.00577546
71.0410181 39.99489757
71.04484216 39.99254629
71.0436536 39.97631989
71.01176924 39.89513622
71.06422082 39.88493012
71.15625654 39.88345734
71.20617598 39.8925524
NaN  NaN
71.77962935 39.95022329
71.78991296 39.99533682
71.76531498 39.99326976
71.73658288 39.98097077
71.68123742 39.96867178
71.66893843 39.94611502
71.7058354 39.91740876
71.75296431 39.90715099
71.77962935 39.95022329
NaN  NaN
70.70165897 39.82526968
70.69824833 39.84586274
70.66414188 39.85544872
70.56709354 39.86658499
70.49774377 39.88242381
70.4827576 39.88273387
70.48926883 39.86304515
70.51862105 39.82816356
70.55954878 39.79090485
70.61205204 39.7867449
70.70165897 39.82526968
NaN  NaN
70.70165897 39.82526968
70.61205204 39.7867449
70.55954878 39.79090485
70.51862105 39.82816356
70.48926883 39.86304515
70.4827576 39.88273387
70.49774377 39.88242381
70.56709354 39.86658499
70.66414188 39.85544872
70.69824833 39.84586274
70.70165897 39.82526968
NaN  NaN
70.65251468 40.93659719
70.62274906 40.93440095
70.56874719 40.98181407
70.54998864 41.01488699
70.57205448 41.02480886
70.61835656 41.00165782
70.64920739 40.96085928
70.65251468 40.93659719
NaN  NaN
70.69835168 40.66116181
70.54880008 40.56279572
70.382557 40.45350007
70.37713098 40.43923737
70.36974125 40.41200389
70.37154992 40.3841503
70.39826664 40.36136099
70.46994185 40.34534129
70.53355554 40.32448985
70.56585331 40.26715485
70.60275028 40.21413483
70.65308312 40.20116405
70.899373 40.23457286
70.95797407 40.23888784
70.96097131 40.22064606
70.94639855 40.18757315
70.73860762 40.13114248
70.64429813 40.08344514
70.62409265 39.99895417
70.59923628 39.97451122
70.55686161 39.95451244
70.51510705 39.94991324
70.45139001 40.04923534
70.37893965 40.06985423
70.27439823 40.10483918
70.07151655 40.17276785
69.96676843 40.20222342
69.76523034 40.15801423
69.5302576 40.09729442
69.49367069 40.06034577
69.46871097 40.02073579
69.47098473 39.99063426
69.48788293 39.95043
69.47625573 39.91970836
69.43196903 39.90978649
69.36540978 39.94707103
69.3072738 39.96854259
69.27880008 39.91777049
69.24474531 39.82707836
69.22908736 39.76108755
69.2802987 39.66584789
69.29771366 39.5248229
69.39150638 39.53247101
69.46333662 39.5320576
69.59878055 39.57376048
69.66699344 39.57489737
69.77210331 39.55675894
69.95596805 39.55308991
70.10164391 39.56058299
70.13678389 39.55758576
70.17109704 39.58419912
70.20928592 39.57497488
70.24483931 39.54262543
70.39206546 39.58187368
70.50115441 39.58735139
70.56802372 39.57585338
70.60786625 39.56440705
70.67861128 39.47128612
70.73307824 39.41330516
70.79932743 39.39470165
71.0048446 39.41185822
71.06504764 39.49340363
71.11806766 39.51355744
71.20276533 39.51981029
71.27289025 39.53531322
71.32849409 39.56869619
71.40425174 39.59786754
71.4703459 39.60368114
71.50300541 39.58218374
71.51742313 39.55386506
71.50589929 39.51707144
71.50331546 39.47883088
71.54625858 39.45309601
71.67265913 39.44704987
71.73219038 39.42299449
71.73539432 39.37772594
71.72567915 39.30659333
71.77859582 39.27796459
71.80598433 39.27558747
71.99098596 39.35090587
72.04281742 39.35217194
72.08421024 39.31062409
72.14735884 39.26075633
72.22998946 39.20752961
72.24978153 39.21569449
72.28719527 39.27372712
72.3577336 39.33684988
72.49023197 39.35739126
72.56335412 39.37720917
72.63993859 39.38599417
72.87248254 39.3603885
72.94937707 39.3570812
73.10926395 39.36193879
73.23494103 39.37454784
73.33617516 39.41237499
73.38738651 39.44270905
73.47043054 39.4605891
73.57559208 39.4576177
73.631661 39.44885855
73.63636356 39.39669119
73.62313439 39.29783417
73.6073214 39.22920787
73.69041711 39.10453848
73.74374719 39.04454214
73.79557865 39.00216747
73.80529382 38.96862946
73.79449344 38.94129263
73.73000126 38.91467927
73.70679854 38.88620555
73.69604984 38.85432119
73.71682376 38.81721752
73.75413415 38.69893016
73.80162479 38.60689444
73.86911421 38.56286612
73.97003828 38.53369477
74.02559045 38.53981843
74.06532962 38.60849641
74.1313721 38.66118053
74.18733768 38.6575115
74.27746138 38.65975943
74.51403609 38.60002147
74.74502974 38.51002696
74.81226078 38.46031424
74.83598026 38.40432282
74.77210819 38.27474417
74.77510542 38.19190685
74.78967818 38.10361766
74.84249149 38.03809195
74.89080895 37.92579906
74.90026574 37.8327298
74.92124637 37.8050054
74.9382996 37.77252676
74.91235803 37.68731232
74.89427127 37.60142609
74.91582035 37.57282319
74.98641035 37.53039684
75.09751468 37.45125438
75.11880537 37.38567699
75.07901452 37.34405162
75.00837284 37.29353791
74.91814579 37.25002635
74.89132572 37.23162954
74.8753577 37.24196483
74.83050256 37.28591564
74.73056034 37.35702241
74.65940189 37.39448782
74.52426802 37.3823697
74.44489302 37.39559886
74.34898156 37.4187499
74.25968469 37.41544261
74.20346073 37.37244782
74.16708052 37.32945303
74.07778364 37.31622386
73.94879927 37.28315095
73.7496383 37.23178457
73.65346846 37.23938101
73.62757857 37.26157604
73.64881758 37.29118663
73.71728885 37.32945303
73.73382531 37.37575511
73.72059614 37.4187499
73.65713749 37.43048046
73.63264286 37.43722423
73.60463423 37.4460609
73.48133426 37.47166657
73.38294234 37.46226146
73.21116987 37.40851797
72.89553023 37.26754466
72.75708906 37.17269257
72.65740523 37.02905793
72.3588188 36.98293671
72.15350834 36.90053864
71.94194502 36.7664383
71.80205692 36.694298
71.73374068 36.68401439
71.66563114 36.69690766
71.5975216 36.73292613
71.530859 36.84508983
71.47184452 37.01510529
71.43288049 37.12755321
71.45479129 37.27183381
71.47964766 37.43603567
71.50502079 37.60292471
71.54615523 37.79565196
71.58036502 37.86425243
71.58222538 37.91008942
71.55194299 37.93313711
71.48776086 37.93189688
71.38967899 37.90631704
71.31996748 37.90184703
71.27852298 37.91840933
71.28281213 38.00791291
71.33273156 38.17028026
71.25588871 38.30696442
71.05218021 38.41786205
70.87885746 38.45641267
70.73592044 38.4225646
70.61582442 38.33443045
70.51856937 38.19198436
70.41774865 38.07545401
70.3132589 37.98481354
70.23874149 37.94119864
70.21466027 37.92442963
70.1994674 37.88600821
70.25496789 37.76536957
70.25145389 37.66418712
70.1887187 37.58248668
70.11983402 37.54349681
70.04469649 37.54721752
69.98495853 37.56615693
69.94062015 37.60028921
69.82088586 37.60959097
69.62575565 37.59403636
69.4921204 37.55305695
69.42008345 37.48670441
69.39920617 37.39931957
69.42969527 37.29085074
69.41450239 37.20778087
69.35383426 37.1500583
69.30391483 37.1169337
69.26484745 37.10840709
69.18020145 37.15827485
69.04997684 37.26651114
68.96047326 37.32506053
68.91179406 37.33394888
68.88528405 37.32805777
68.8553634 37.31684398
68.8384652 37.30283967
68.82373742 37.27072276
68.78208622 37.25798452
68.72322676 37.26800975
68.66917321 37.25842377
68.63697879 37.22447236
68.54654504 37.18346711
68.38686486 37.13747508
68.29953169 37.08843415
68.28475223 37.03634431
68.26098107 37.01308991
68.21209517 37.02151317
68.06781457 36.94981212
67.95795047 36.97200715
67.8344438 37.0641979
67.7660242 37.14011058
67.75899621 37.17222748
67.79806359 37.24496206
67.81434167 37.48701447
67.86353763 37.57067862
68.01097049 37.72095368
68.08760664 37.83544282
68.17406131 37.92843456
68.23648644 37.95964712
68.29405399 38.0329243
68.34123457 38.11679515
68.35451542 38.16955679
68.35027795 38.21105296
68.3330697 38.23776968
68.25142093 38.2945104
68.14414066 38.38308381
68.08719323 38.4735434
68.05598067 38.58893688
68.04786747 38.66929373
68.14853316 38.89064973
68.13251346 38.92765005
68.10347131 38.96198904
68.04435347 38.98361563
67.95960412 38.99291739
67.87568159 38.98302135
67.76850467 38.98222036
67.69440067 38.99464855
67.67652062 39.00849783
67.66727054 39.10918936
67.64835697 39.13104849
67.61647261 39.15027212
67.40036177 39.1967034
67.35767704 39.21667634
67.34961551 39.2420753
67.42619999 39.46557587
67.45953128 39.48239655
67.49167403 39.51875092
67.54247196 39.55763744
67.71905033 39.62138032
67.90859948 39.59381094
68.07711633 39.56414867
68.24496138 39.548284
68.30304569 39.53769033
68.3990605 39.52885366
68.46329431 39.53670848
68.50696089 39.56277924
68.58612918 39.63494538
68.61031376 39.74325918
68.6389425 39.83886058
68.68689823 39.84630199
68.73526737 39.83622508
68.7582117 39.85555207
68.76792687 39.88185537
68.77784875 39.90417959
68.7976925 39.90914053
68.83241906 39.88433584
68.85226281 39.89095043
68.86879927 39.90748688
68.86383833 39.92733063
68.82446089 39.96079112
68.78942427 40.01332022
68.79273156 40.03151032
68.80472049 40.05032054
68.90848677 40.06820059
68.95561568 40.07135285
68.97204878 40.08995637
68.96605432 40.11956696
68.92688358 40.13631013
68.78461836 40.12711172
68.63971765 40.12920462
68.62240604 40.14726553
68.63067427 40.16710928
68.65258508 40.18266389
68.95173994 40.22260977
69.11033491 40.20873465
69.22826053 40.18759899
69.27487267 40.1980893
69.21957889 40.28813548
69.29445804 40.29655874
69.30422489 40.32738373
69.20629805 40.5665681
69.25998986 40.58765209
69.31394006 40.63475515
69.30939253 40.72392284
69.35719323 40.76738272
69.41388228 40.79714834
69.49821821 40.76707266
69.62844282 40.67906769
69.6708175 40.6619628
69.71283044 40.65700186
69.77318851 40.68428701
70.00568078 40.77143932
70.13626712 40.82040274
70.29207157 40.89171621
70.31899499 40.91925975
70.3726868 41.02765107
70.40193566 41.03509247
70.44146813 41.02343944
70.57825565 40.91145661
70.65732059 40.83965221
70.65732059 40.81508006
70.63478967 40.7965799
70.63913049 40.77854483
70.75100996 40.7395808
70.75106164 40.72175243
70.72563683 40.68780101
70.71204593 40.66909414
70.69835168 40.66116181
NaN  NaN
53.10955448 38.80305817
53.10025272 38.75613597
53.04588911 38.89721263
53.01860396 39.05275869
53.05333052 39.09658031
53.0921912 39.09409984
53.05519087 39.03792756
53.10955448 38.80305817
NaN  NaN
58.72998661 42.6761551
58.87695438 42.56148509
58.93090458 42.54027192
59.03585941 42.52812796
59.1231409 42.5237613
59.15962446 42.51143647
59.19910526 42.48169668
59.27661991 42.35617463
59.35428959 42.32328258
59.45107954 42.29953726
59.76258508 42.30157848
59.85828983 42.29514476
59.93652795 42.23605276
59.98520715 42.21171316
60.00603275 42.19083588
60.00081343 42.16476512
59.98169315 42.13171804
59.97921268 42.06807852
59.97414839 42.0187792
59.94929203 41.99542145
59.94174727 41.97351065
59.96257287 41.95439037
60.10690515 41.90744233
60.15558434 41.85703197
60.19206791 41.83442353
60.20074955 41.80313345
60.17640995 41.78228201
60.10861047 41.79269481
60.07558923 41.75967357
60.07558923 41.70055573
60.12406172 41.64495189
60.13801436 41.59415396
60.10602665 41.54521638
60.06871626 41.47622834
60.06742435 41.42736827
60.08959354 41.39943716
60.1999744 41.34897512
60.45494592 41.22161856
60.51354699 41.21616669
60.75487593 41.24575145
60.86716882 41.24869701
60.93315962 41.22898245
61.11996992 41.2108957
61.17934614 41.19056102
61.24244307 41.18921743
61.32889774 41.19510855
61.38749881 41.25215933
61.41736779 41.26513011
61.4436711 41.2745869
61.4969495 41.27608552
61.64453739 41.23986034
61.79987674 41.16343089
61.9028162 41.09369355
61.95356245 41.03059663
62.01758955 40.89378327
62.09500085 40.68330516
62.18848351 40.54119497
62.29803755 40.46750438
62.37503543 40.33206045
62.44159468 40.03621288
62.48319421 39.97562226
62.52551721 39.9440738
62.65067752 39.85849763
62.90678592 39.71680085
63.05809452 39.63313671
63.2918787 39.49950145
63.50602583 39.37707998
63.72079308 39.18812511
63.76368452 39.16052989
63.95251021 39.05836559
64.16278161 38.95359162
64.30995609 38.9773111
64.53164798 38.81623566
64.62187503 38.75647187
64.66001224 38.73603384
64.82067427 38.67247183
65.07667932 38.53943085
65.39955366 38.34884817
65.61292565 38.2385965
65.67095829 38.22572907
65.72852583 38.22634919
65.79027917 38.25006867
65.8570968 38.26872386
65.97119836 38.24425507
66.09480838 38.20014924
66.17314986 38.16668875
66.26368696 38.11808706
66.3353105 38.07214671
66.38977746 38.0509077
66.57452071 38.01078095
66.60625003 37.98672557
66.62635217 37.95985383
66.6293494 37.93205191
66.52558312 37.78575593
66.5113721 37.59917817
66.51064863 37.45869579
66.52227583 37.3484958
66.47183963 37.34472342
66.35029667 37.36815868
66.10845096 37.41477082
65.9007117 37.50809846
65.76500939 37.56912832
65.74387373 37.56086009
65.68294722 37.51915721
65.64124434 37.46784252
65.60801639 37.36841706
65.5549447 37.25116324
65.30359053 37.24677074
65.08970178 37.23793407
64.95162235 37.19354401
64.81633345 37.13210074
64.78238203 37.05928864
64.7530815 36.96479829
64.67432661 36.7502119
64.60259973 36.55453909
64.56585778 36.42759593
64.51102909 36.34067617
64.35806685 36.22605785
64.18433068 36.14890493
64.09224328 36.11267976
64.05131555 36.06764374
64.04237552 36.0250882
64.00966434 36.01211742
63.93809248 36.01973969
63.86248986 36.01234996
63.69660851 35.96783072
63.51698124 35.91313121
63.30164554 35.85840587
63.17886234 35.85843171
63.12997643 35.84621023
63.10858239 35.81869253
63.12997643 35.76673188
63.15080204 35.72825878
63.16971561 35.6781068
63.11927941 35.6375408
63.08413944 35.56808767
63.0565959 35.44582123
62.98021813 35.40915681
62.85800337 35.34967723
62.72271447 35.27133576
62.68814294 35.25534191
62.61057661 35.23314688
62.53311364 35.23989065
62.46283369 35.25138866
62.38661096 35.23123485
62.30785607 35.17077342
62.27116581 35.18911856
62.25282067 35.25022594
62.2130815 35.28996511
62.08967818 35.3796754
61.98389652 35.4437025
61.93805952 35.44788829
61.84101118 35.43148102
61.71977827 35.41941458
61.62097293 35.43233369
61.54273482 35.45786184
61.42181196 35.54578929
61.37778364 35.5931249
61.34471073 35.62950511
61.26202844 35.61958324
61.23887739 35.65927074
61.2355701 35.70557282
61.25872114 35.76179678
61.25210656 35.86763011
61.20580448 35.94369782
61.15288781 35.97677074
61.15950239 35.99992178
61.18265344 36.05283845
61.21241906 36.09914053
61.21200565 36.1905303
61.17510868 36.28969737
61.16032922 36.4327119
61.16994103 36.57223827
61.11965987 36.64256989
60.70790205 36.6429833
60.34130944 36.63766063
60.32069055 36.65355113
60.1782703 36.82943187
60.06277347 36.9629121
59.94862023 37.0416153
59.68724084 37.13845694
59.56218387 37.17889374
59.45495528 37.25281688
59.36736372 37.33374217
59.34472945 37.44474315
59.32690108 37.48117504
59.30173465 37.51065644
59.27408776 37.52375642
59.24080814 37.52075918
58.9372091 37.6496402
58.81545943 37.68348827
58.7008411 37.65622895
58.6501982 37.65155223
58.55046268 37.68816498
58.43568932 37.63852977
58.38670007 37.63532583
58.31812544 37.64721141
58.2616431 37.66581493
58.10883589 37.78306875
57.98057499 37.83045604
57.88817752 37.86084178
57.71051395 37.90528351
57.5209648 37.92848623
57.4238131 37.94768403
57.35373986 37.97334138
57.33570479 37.98992951
57.33668664 38.0329243
57.33146732 38.08930329
57.30810957 38.13036022
57.26010217 38.17958202
57.19354292 38.21640148
57.07902795 38.20996776
56.90663537 38.21301667
56.77460209 38.25004283
56.66995731 38.25663158
56.54402184 38.24960358
56.44066898 38.24942272
56.36692671 38.22252513
56.32413862 38.19110586
56.29695682 38.09483267
56.27204878 38.08044078
56.22879561 38.07338695
56.17117639 38.07834789
56.05030521 38.07752106
55.84127404 38.09462596
55.57844771 38.09974193
55.38088871 38.05111441
55.22467085 37.98132539
55.07553267 37.90249299
54.90009118 37.77795279
54.84867313 37.72263317
54.74521691 37.50189728
54.69943159 37.47016796
54.63969364 37.44474315
54.57892215 37.4402473
54.4586711 37.40756196
54.29976607 37.35358592
54.19165897 37.33245026
53.91415653 37.3435607
53.89782678 37.41358226
53.84790734 37.66958731
53.82351607 37.92794363
53.82516971 38.04692862
53.85410851 38.28564789
53.85183475 38.40592479
53.84005252 38.51496206
53.85152469 38.62180309
53.87374556 38.74192495
53.88532108 38.86408804
53.86868127 38.9492508
53.81493778 39.01803213
53.72409061 39.10309154
53.70972456 39.15342438
53.70455692 39.20954499
53.61763716 39.21597871
53.53939904 39.27408885
53.47501021 39.30571483
53.33631066 39.34082897
53.26675418 39.3426118
53.20329553 39.31679942
53.15658003 39.2649938
53.12402388 39.34669424
53.1248507 39.43206371
53.23564497 39.60853872
53.30499474 39.55709483
53.38964074 39.53642426
53.49733443 39.53329784
53.60306441 39.54699209
53.58239383 39.60742768
53.53330122 39.64176667
53.47232303 39.66879344
53.45051558 39.74853018
53.45826704 39.83121247
53.4873092 39.90939891
53.45423628 39.94086986
53.40421349 39.96035187
53.28856164 39.9580006
53.13859663 39.97864533
52.98749474 39.98761119
52.95214807 39.89544628
53.03555383 39.77442007
52.96486047 39.83389964
52.89819787 39.9124995
52.80466353 40.05401541
52.74440881 40.2197934
52.73366011 40.39874889
52.78471642 40.54672435
52.84993208 40.68565644
52.88930952 40.86350088
52.94346642 41.03806387
52.99762333 40.95985159
53.05953169 40.88975251
53.14521122 40.82495026
53.19203006 40.80947317
53.33290002 40.78273062
53.42364383 40.79275585
53.52027876 40.83104808
53.61526004 40.81851655
53.69380822 40.74645376
53.76377811 40.66565766
53.87002486 40.64868195
54.08892622 40.70707632
54.19300256 40.72043468
54.28333296 40.69371796
54.32984175 40.68878286
54.37738407 40.69327871
54.33624963 40.76495393
54.31940311 40.83456208
54.37438683 40.87140738
54.54708947 40.83228832
54.65705692 40.85835908
54.68506555 40.87306102
54.71007694 40.8910961
54.72320275 40.95124746
54.71793176 41.0130008
54.70366906 41.07116262
54.67152632 41.1221931
54.59215132 41.19355825
54.2845732 41.36372875
54.18101362 41.4315799
54.09481734 41.51937816
54.03983361 41.64334992
53.99518517 41.77256684
53.95384403 41.8684783
53.8464604 42.09117788
53.80470584 42.11763622
53.75230594 42.12939261
53.62487186 42.13639476
53.49588749 42.12016836
53.28494429 42.08182445
53.16412479 42.09381338
53.10831424 42.07006806
52.97002811 41.97619782
52.90532922 41.89576345
52.81489546 41.71182119
52.88352176 41.65254833
52.88217818 41.61366181
52.83019168 41.34186962
52.86181766 41.21006887
52.85034549 41.20027619
52.82554081 41.2308428
52.74730269 41.36543407
52.60942997 41.52942923
52.49388146 41.78036998
52.69691817 41.94436514
52.8704993 42.06058544
53.01255781 42.13071035
53.05591434 42.14773774
53.25011437 42.20584789
53.50079675 42.25824779
53.68538496 42.29685008
53.92640384 42.32976797
54.00515873 42.33589163
54.12096561 42.335194
54.21491336 42.30418814
54.27191247 42.28000357
54.47288211 42.1801647
54.67798587 42.0782071
54.85384077 41.96519074
54.90365685 41.91906953
54.93166548 41.86400829
54.95233605 41.81000642
55.10188765 41.63869904
55.16234907 41.56022838
55.24957889 41.45808991
55.31975549 41.40840302
55.38838179 41.34690807
55.43437381 41.296291
55.4870321 41.27226146
55.54521976 41.262753
55.67859663 41.27882437
55.83910363 41.31081208
55.93491174 41.3241446
55.97744144 41.32223257
56.24202477 41.31086376
56.47983972 41.30063182
56.77362023 41.28799693
56.86085005 41.27613719
56.96585656 41.26513011
57.0179464 41.26347647
57.06424849 41.30729808
57.09484094 41.33127595
57.1188188 41.35029287
57.11385786 41.37179027
57.07665083 41.38998037
57.01820479 41.45057099
56.98487349 41.66934317
56.96409956 41.85656688
57.03365604 41.9148579
57.11359948 41.95712922
57.22878625 42.08445995
57.29064294 42.12378571
57.38174849 42.15631603
57.68612267 42.1648168
57.81428023 42.18982819
57.85598311 42.23104015
57.92342085 42.33521983
57.94574507 42.41999502
57.98346887 42.45880402
58.02894413 42.48763947
58.07550459 42.48652843
58.16567997 42.46159455
58.23409956 42.44771943
58.28288211 42.42885753
58.32722049 42.39891104
58.37047367 42.34679536
58.37713993 42.31243053
58.39708703 42.29245759
58.43140018 42.29207001
58.45703169 42.29181163
58.47439497 42.29938223
58.48581546 42.31684886
58.47697879 42.34015493
58.41817101 42.40668834
58.28866987 42.5272753
58.20412723 42.57636791
58.16201094 42.60298127
58.15152062 42.62809601
58.20645267 42.6662849
58.2596794 42.68806651
58.35316206 42.67173676
58.4771855 42.66284842
58.53232425 42.68194286
58.58906498 42.77847443
58.72998661 42.6761551
NaN  NaN
71.77962935 39.95022329
71.75296431 39.90715099
71.7058354 39.91740876
71.66893843 39.94611502
71.68123742 39.96867178
71.73658288 39.98097077
71.76531498 39.99326976
71.78991296 39.99533682
71.77962935 39.95022329
NaN  NaN
70.56874719 40.98181407
70.62274906 40.93440095
70.65251468 40.93659719
70.64920739 40.96085928
70.61835656 41.00165782
70.57205448 41.02480886
70.54998864 41.01488699
70.56874719 40.98181407
NaN  NaN
71.20617598 39.8925524
71.15625654 39.88345734
71.06422082 39.88493012
71.01176924 39.89513622
71.0436536 39.97631989
71.04484216 39.99254629
71.0410181 39.99489757
71.01450809 40.00577546
70.9743555 40.03887421
70.96066125 40.08796682
70.97626753 40.13326122
71.00541304 40.15227814
71.02411991 40.14915172
71.08034387 40.07987946
71.1302633 40.05967398
71.22865523 40.04815013
71.17930423 39.97983389
71.21563277 39.90678925
71.20617598 39.8925524
NaN  NaN
70.56874719 40.98181407
70.62274906 40.93440095
70.65251468 40.93659719
70.64920739 40.96085928
70.61835656 41.00165782
70.57205448 41.02480886
70.54998864 41.01488699
70.56874719 40.98181407
NaN  NaN
61.99025272 43.49212596
62.07200484 43.48933544
62.23783451 43.50956676
62.45937137 43.53664521
62.63445112 43.55801341
62.84622114 43.58390331
63.04770755 43.60850129
63.20702599 43.6279833
63.44484094 43.61322968
63.67965864 43.59863109
63.84812381 43.58811494
64.01328169 43.57785716
64.20882531 43.5657132
64.31812097 43.55894359
64.44317793 43.55119213
64.49614627 43.57163015
64.60409834 43.61346223
64.70605594 43.65296886
64.81178592 43.69392243
64.90547529 43.71469636
65.00314375 43.64906729
65.08484419 43.57367137
65.17093713 43.49419302
65.27046594 43.41753103
65.36653242 43.3720041
65.49618859 43.31053498
65.57070601 43.20516673
65.67023482 43.064581
65.73565718 42.97210602
65.80299157 42.87696971
65.90107344 42.91451264
66.00561486 42.95458771
66.10028609 42.99083873
66.08881392 42.87340404
66.07847863 42.76664053
66.06271732 42.60515168
66.04984989 42.47273082
66.01553674 42.31478181
66.0132113 42.19447907
66.01119592 42.08874909
66.00959395 42.00487824
66.19320031 42.00110586
66.32879927 41.99834117
66.4986597 41.99487885
66.51498946 41.88938142
66.53788211 41.74127676
66.572557 41.60696971
66.60165083 41.49431509
66.64531742 41.34863923
66.66867516 41.27076284
66.70965458 41.17914053
66.74975549 41.15707469
66.81429935 41.14239859
67.0387301 41.15330231
67.22497196 41.16237153
67.371578 41.16952871
67.52800256 41.17715099
67.73507002 41.18725373
67.80509159 41.16392182
67.86570804 41.18025157
67.93572961 41.19658133
67.99138513 41.13004792
68.01970381 41.09625153
68.05939131 41.06126659
68.11303145 41.02860708
68.09034549 40.960265
68.05706587 40.860607
68.04771244 40.8092923
68.1122563 40.7540502
68.16026371 40.72175243
68.29188358 40.65612336
68.41508019 40.61943309
68.49569543 40.60863272
68.57264164 40.62263703
68.60065026 40.65997325
68.59367394 40.71128795
68.55657027 40.76513479
68.55925744 40.82929108
68.58406213 40.87626496
68.66281701 40.96153107
68.73712772 41.04188793
68.85122928 41.12384675
68.98687992 41.20503042
69.04346561 41.26412242
69.06496301 41.36693268
69.15363976 41.42524954
69.24929284 41.46023448
69.36830366 41.49056855
69.40096317 41.54190908
69.56513919 41.62903555
69.66389286 41.67213369
69.788123 41.69730012
69.95999881 41.75404084
70.09559777 41.82049673
70.22587406 41.94601879
70.32891686 42.02797761
70.41599165 42.078543
70.4891138 42.08024832
70.54011844 42.03944977
70.58430179 42.03603913
70.61324059 42.054746
70.66253991 42.10745596
70.71524987 42.16866669
70.76454919 42.19416901
70.86040897 42.20724315
70.94681196 42.24866181
70.97900638 42.26656769
71.03600549 42.28468028
71.12995324 42.2500054
71.21263553 42.20644217
71.23232425 42.18626252
71.22855187 42.16290477
71.03218143 42.07779369
70.9103284 42.03800283
70.85658491 42.03081981
70.84190881 42.01963186
70.80335819 41.9226352
70.72770389 41.90522024
70.63091393 41.87550629
70.56290775 41.83080618
70.45495568 41.72505036
70.18096724 41.57141633
70.17698815 41.53999706
70.20091434 41.5144689
70.29005619 41.49684724
70.40782678 41.4495633
70.47138879 41.41266633
70.64584842 41.46036367
70.68884321 41.44982168
70.73442183 41.40052237
70.78248091 41.26249462
70.86046065 41.22490001
70.96257328 41.19598705
71.02592858 41.18658194
71.11072961 41.15263052
71.22338423 41.13991812
71.29883182 41.15247549
71.39308963 41.12338166
71.40838586 41.13604239
71.42083988 41.34186962
71.50005985 41.30747895
71.54558679 41.30807323
71.58558434 41.33323965
71.60620324 41.36742361
71.61963911 41.43545563
71.60227583 41.50325511
71.63751916 41.53418346
71.66490767 41.54121145
71.68516483 41.5329949
71.69720544 41.51557994
71.70066776 41.45400747
71.75771854 41.42801423
71.7924451 41.41313142
71.82572473 41.36104157
71.85797082 41.31138052
71.87864139 41.19500519
71.95848148 41.18704702
72.05242923 41.16474864
72.11537113 41.18658194
72.16425703 41.17374034
72.18094852 41.1184724
72.18063846 41.06684764
72.1873564 41.02594575
72.21309126 41.01424103
72.29494673 41.03992422
72.36403812 41.04343822
72.42739343 41.01894359
72.5059416 40.98168488
72.6204049 40.88380972
72.6583354 40.8699346
72.83098636 40.86215729
72.86659142 40.84231354
72.92601932 40.84244274
72.98999474 40.86011608
73.13210493 40.82851594
73.13696252 40.81063589
73.1128813 40.78603791
72.7738839 40.65038727
72.74887251 40.60868439
72.67962609 40.5556127
72.60407515 40.52543366
72.56748823 40.52434846
72.4020203 40.57809195
72.38258996 40.565147
72.36905073 40.54346874
72.3697742 40.51974925
72.40594771 40.46306021
72.3893079 40.42737763
72.35768192 40.40166861
72.25396732 40.42419953
72.23469201 40.43861726
72.23277998 40.45437857
72.19288578 40.45443024
72.13123579 40.43861726
72.0125867 40.34074209
71.97109053 40.28947907
71.95563928 40.2586024
71.90272261 40.2409549
71.84541345 40.23434032
71.77265303 40.18803824
71.69250288 40.15235566
71.66676802 40.17863312
71.65090335 40.20798534
71.62987105 40.21713207
71.58046838 40.2102591
71.52042036 40.20896719
71.45747847 40.24201427
71.37619144 40.27519054
71.30467126 40.28689525
71.09450321 40.27123729
70.9905819 40.25490754
70.95797407 40.23888784
70.899373 40.23457286
70.65308312 40.20116405
70.60275028 40.21413483
70.56585331 40.26715485
70.53355554 40.32448985
70.46994185 40.34534129
70.39826664 40.36136099
70.37154992 40.3841503
70.36974125 40.41200389
70.37713098 40.43923737
70.382557 40.45350007
70.54880008 40.56279572
70.69835168 40.66116181
70.71204593 40.66909414
70.72563683 40.68780101
70.75106164 40.72175243
70.75100996 40.7395808
70.63913049 40.77854483
70.63478967 40.7965799
70.65732059 40.81508006
70.65732059 40.83965221
70.57825565 40.91145661
70.44146813 41.02343944
70.40193566 41.03509247
70.3726868 41.02765107
70.31899499 40.91925975
70.29207157 40.89171621
70.13626712 40.82040274
70.00568078 40.77143932
69.77318851 40.68428701
69.71283044 40.65700186
69.6708175 40.6619628
69.62844282 40.67906769
69.49821821 40.76707266
69.41388228 40.79714834
69.35719323 40.76738272
69.30939253 40.72392284
69.31394006 40.63475515
69.25998986 40.58765209
69.20629805 40.5665681
69.30422489 40.32738373
69.29445804 40.29655874
69.21957889 40.28813548
69.27487267 40.1980893
69.22826053 40.18759899
69.11033491 40.20873465
68.95173994 40.22260977
68.65258508 40.18266389
68.63067427 40.16710928
68.62240604 40.14726553
68.63971765 40.12920462
68.78461836 40.12711172
68.92688358 40.13631013
68.96605432 40.11956696
68.97204878 40.08995637
68.95561568 40.07135285
68.90848677 40.06820059
68.80472049 40.05032054
68.79273156 40.03151032
68.78942427 40.01332022
68.82446089 39.96079112
68.86383833 39.92733063
68.86879927 39.90748688
68.85226281 39.89095043
68.83241906 39.88433584
68.7976925 39.90914053
68.77784875 39.90417959
68.76792687 39.88185537
68.7582117 39.85555207
68.73526737 39.83622508
68.68689823 39.84630199
68.6389425 39.83886058
68.61031376 39.74325918
68.58612918 39.63494538
68.50696089 39.56277924
68.46329431 39.53670848
68.3990605 39.52885366
68.30304569 39.53769033
68.24496138 39.548284
68.07711633 39.56414867
67.90859948 39.59381094
67.71905033 39.62138032
67.54247196 39.55763744
67.49167403 39.51875092
67.45953128 39.48239655
67.42619999 39.46557587
67.34961551 39.2420753
67.35767704 39.21667634
67.40036177 39.1967034
67.61647261 39.15027212
67.64835697 39.13104849
67.66727054 39.10918936
67.67652062 39.00849783
67.69440067 38.99464855
67.76850467 38.98222036
67.87568159 38.98302135
67.95960412 38.99291739
68.04435347 38.98361563
68.10347131 38.96198904
68.13251346 38.92765005
68.14853316 38.89064973
68.04786747 38.66929373
68.05598067 38.58893688
68.08719323 38.4735434
68.14414066 38.38308381
68.25142093 38.2945104
68.3330697 38.23776968
68.35027795 38.21105296
68.35451542 38.16955679
68.34123457 38.11679515
68.29405399 38.0329243
68.23648644 37.95964712
68.17406131 37.92843456
68.08760664 37.83544282
68.01097049 37.72095368
67.86353763 37.57067862
67.81434167 37.48701447
67.79806359 37.24496206
67.75899621 37.17222748
67.75289839 37.19979686
67.69998172 37.22726289
67.60737756 37.22250865
67.54650272 37.23566031
67.51725386 37.26666616
67.44170292 37.25798452
67.31974654 37.20958955
67.19546472 37.23519522
67.06885746 37.33482738
66.82768355 37.37131094
66.52227583 37.3484958
66.51064863 37.45869579
66.5113721 37.59917817
66.52558312 37.78575593
66.6293494 37.93205191
66.62635217 37.95985383
66.60625003 37.98672557
66.57452071 38.01078095
66.38977746 38.0509077
66.3353105 38.07214671
66.26368696 38.11808706
66.17314986 38.16668875
66.09480838 38.20014924
65.97119836 38.24425507
65.8570968 38.26872386
65.79027917 38.25006867
65.72852583 38.22634919
65.67095829 38.22572907
65.61292565 38.2385965
65.39955366 38.34884817
65.07667932 38.53943085
64.82067427 38.67247183
64.66001224 38.73603384
64.62187503 38.75647187
64.53164798 38.81623566
64.30995609 38.9773111
64.16278161 38.95359162
63.95251021 39.05836559
63.76368452 39.16052989
63.72079308 39.18812511
63.50602583 39.37707998
63.2918787 39.49950145
63.05809452 39.63313671
62.90678592 39.71680085
62.65067752 39.85849763
62.52551721 39.9440738
62.48319421 39.97562226
62.44159468 40.03621288
62.37503543 40.33206045
62.29803755 40.46750438
62.18848351 40.54119497
62.09500085 40.68330516
62.01758955 40.89378327
61.95356245 41.03059663
61.9028162 41.09369355
61.79987674 41.16343089
61.64453739 41.23986034
61.4969495 41.27608552
61.4436711 41.2745869
61.41736779 41.26513011
61.38749881 41.25215933
61.32889774 41.19510855
61.24244307 41.18921743
61.17934614 41.19056102
61.11996992 41.2108957
60.93315962 41.22898245
60.86716882 41.24869701
60.75487593 41.24575145
60.51354699 41.21616669
60.45494592 41.22161856
60.1999744 41.34897512
60.08959354 41.39943716
60.06742435 41.42736827
60.06871626 41.47622834
60.10602665 41.54521638
60.13801436 41.59415396
60.12406172 41.64495189
60.07558923 41.70055573
60.07558923 41.75967357
60.10861047 41.79269481
60.17640995 41.78228201
60.20074955 41.80313345
60.19206791 41.83442353
60.15558434 41.85703197
60.10690515 41.90744233
59.96257287 41.95439037
59.94174727 41.97351065
59.94929203 41.99542145
59.97414839 42.0187792
59.97921268 42.06807852
59.98169315 42.13171804
60.00081343 42.16476512
60.00603275 42.19083588
59.98520715 42.21171316
59.93652795 42.23605276
59.85828983 42.29514476
59.76258508 42.30157848
59.45107954 42.29953726
59.35428959 42.32328258
59.27661991 42.35617463
59.19910526 42.48169668
59.15962446 42.51143647
59.1231409 42.5237613
59.03585941 42.52812796
58.93090458 42.54027192
58.87695438 42.56148509
58.72998661 42.6761551
58.58906498 42.77847443
58.53232425 42.68194286
58.4771855 42.66284842
58.35316206 42.67173676
58.2596794 42.68806651
58.20645267 42.6662849
58.15152062 42.62809601
58.16201094 42.60298127
58.20412723 42.57636791
58.28866987 42.5272753
58.41817101 42.40668834
58.47697879 42.34015493
58.48581546 42.31684886
58.47439497 42.29938223
58.45703169 42.29181163
58.43140018 42.29207001
58.39708703 42.29245759
58.37713993 42.31243053
58.37047367 42.34679536
58.32722049 42.39891104
58.28288211 42.42885753
58.23409956 42.44771943
58.16567997 42.46159455
58.07550459 42.48652843
58.02894413 42.48763947
57.98346887 42.45880402
57.94574507 42.41999502
57.92342085 42.33521983
57.85598311 42.23104015
57.81428023 42.18982819
57.68612267 42.1648168
57.38174849 42.15631603
57.29064294 42.12378571
57.22878625 42.08445995
57.11359948 41.95712922
57.03365604 41.9148579
56.96409956 41.85656688
56.98487349 41.66934317
57.01820479 41.45057099
57.07665083 41.38998037
57.11385786 41.37179027
57.1188188 41.35029287
57.09484094 41.33127595
57.06424849 41.30729808
57.0179464 41.26347647
56.96585656 41.26513011
56.86085005 41.27613719
56.77362023 41.28799693
56.47983972 41.30063182
56.24202477 41.31086376
55.97744144 41.32223257
55.97728641 41.55177928
55.97718306 41.781326
55.97707971 42.01087271
55.97697635 42.24041942
55.976873 42.46996613
55.97676965 42.69951284
55.97666629 42.92905956
55.97656294 43.15858043
55.97645959 43.3881013
55.97635624 43.61764802
55.97625288 43.84719473
55.97614953 44.07674144
55.97604618 44.30628815
55.97594282 44.53583487
55.97583947 44.76538158
55.97568444 44.99492829
56.10048303 45.023402
56.25794112 45.05931713
56.40914636 45.09378531
56.58877363 45.13476472
56.79186201 45.1810668
56.96502974 45.22059927
57.17168379 45.26770234
57.32924523 45.3036433
57.47729821 45.33743968
57.66669234 45.37743724
57.96104129 45.4396815
58.12516564 45.47438223
58.29109867 45.50941885
58.44943526 45.54290518
58.55521691 45.5553592
58.66890506 45.5075585
58.80703617 45.4417744
58.94516727 45.3759903
59.08335005 45.3102062
59.22148115 45.24442211
59.35961226 45.17863801
59.49779504 45.11285391
59.63592614 45.04706981
59.77405724 44.98131155
59.91218835 44.91555329
60.05031945 44.84976919
60.18850223 44.78398509
60.32663334 44.718201
60.46476444 44.6524169
60.60294722 44.5866328
60.74107832 44.5208487
60.87920943 44.4550646
61.00788374 44.39377635
61.06534793 44.34840445
61.09702559 44.24825552
61.16069095 44.16862214
61.2715369 44.08229666
61.38507002 43.9939558
61.5258883 43.8771929
61.62360843 43.79619009
61.72324059 43.71355948
61.88762333 43.57723705
61.99025272 43.49212596
NaN  NaN
70.56874719 40.98181407
70.62274906 40.93440095
70.65251468 40.93659719
70.64920739 40.96085928
70.61835656 41.00165782
70.57205448 41.02480886
70.54998864 41.01488699
70.56874719 40.98181407
NaN  NaN
