# IPBES Western_Asia
# Bahrain
# from http://www.rjruss.info/2010/12/free-countries-of-world-in-polygon-kml.html
50.60727827 25.88312328
50.57492883 25.80679719
50.54402632 25.8335139
50.46589155 25.96554719
50.48945601 26.05846141
50.45245568 26.19080476
50.46992232 26.22894196
50.56407678 26.24643443
50.58588423 26.24072419
50.55777225 26.19829784
50.60975874 26.12445222
50.61751021 26.00234081
50.60727827 25.88312328


# Kuwait
# from http://www.rjruss.info/2010/12/free-countries-of-world-in-polygon-kml.html
48.27543094 29.62434195
48.21827681 29.60194021
48.17972619 29.61142284
48.14251916 29.66526968
48.08143762 29.79890493
48.11471724 29.84879853
48.113477 29.87021841
48.12009159 29.88631562
48.13890181 29.89657339
48.15853885 29.95956696
48.18479048 29.97884227
48.22768192 29.93631257
48.34819136 29.7826527
48.34736454 29.71996918
48.34023319 29.69469941
48.27543094 29.62434195

48.13611128 29.61811494
48.14344933 29.57245881
48.08949914 29.57909923
48.0483647 29.59752188
47.96960982 29.61671967
47.8174744 29.4873994
47.72528364 29.41696442
47.72269982 29.39303823
47.84527632 29.36572724
47.93529667 29.36660574
47.99813521 29.38554515
48.05146529 29.35536612
48.0862952 29.27547435
48.10035119 29.21074962
48.18375695 28.97939423
48.25290002 28.90128531
48.33919966 28.76325755
48.37123905 28.69184073
48.38963586 28.63158601
48.44244917 28.54290925
48.26871301 28.54050629
48.04960493 28.53750906
47.87194136 28.53546784
47.67133345 28.53316824
47.5830701 28.62796865
47.55320112 28.73155406
47.52126509 28.83782665
47.43320845 28.98954865
47.13875614 29.02618724
46.9822799 29.04566926
46.72482792 29.07460806
46.53145471 29.09626048
46.69377038 29.25966136
46.769373 29.34745962
46.90579878 29.53752554
46.97597538 29.67286612
47.0436715 29.82298615
47.10206587 29.93998159
47.11436486 29.96132396
47.1482646 30.00095978
47.22329878 30.04149995
47.3313542 30.07968883
47.51485721 30.09650951
47.64373823 30.09731049
47.67278039 30.09560517
47.75386071 30.07661408
47.97870487 29.98282136
47.97364058 29.94592438
48.00567997 29.83580191
48.0773035 29.71557669
48.13611128 29.61811494


# Oman
# from http://www.rjruss.info/2010/12/free-countries-of-world-in-polygon-kml.html
58.72202844 20.21876618
58.65908654 20.20359915
58.64089644 20.21070466
58.6412065 20.33736359
58.78796756 20.49657868
58.88439579 20.68054678
58.95074833 20.51616405
58.83509647 20.42392162
58.77225793 20.26682526
58.72202844 20.21876618

56.38795902 24.97917329
56.48981327 24.71637279
56.6406051 24.47028962
56.774137 24.33458731
56.91252648 24.1502058
57.12305627 23.9807071
57.21979455 23.92277782
57.6112952 23.80366364
57.82513228 23.7591444
58.12041141 23.71653718
58.32453332 23.62382966
58.39315962 23.61814525
58.50002648 23.64563711
58.5780579 23.6434667
58.77308475 23.5171695
58.83034224 23.39743521
58.91147424 23.33418325
58.98340783 23.23470612
59.02991662 23.13057811
59.19476444 22.97187979
59.31093306 22.79333771
59.42937544 22.66083934
59.53520877 22.57851879
59.69561242 22.5461435
59.82325321 22.50896231
59.8375159 22.42054393
59.82439009 22.30515046
59.79999881 22.21993602
59.68083296 22.05379629
59.65251428 21.9513736
59.51763879 21.78233999
59.37149784 21.49884309
59.30452518 21.43533275
59.0687773 21.28908845
58.89566125 21.11276846
58.69040246 20.80710236
58.53413293 20.50391673
58.47418827 20.40686839
58.34871789 20.38692129
58.2660356 20.3954479
58.20898482 20.42397329
58.23161909 20.50686229
58.24505497 20.59920808
58.16940067 20.58951874
58.10294478 20.57037263
57.94719201 20.34361644
57.86182254 20.24411347
57.84363244 20.11773876
57.80218794 19.95459626
57.74120975 19.80447622
57.7141313 19.6784374
57.71516483 19.60691722
57.7608468 19.43225088
57.76394738 19.2532954
57.79030236 19.14596345
57.81159305 19.01710826
57.73841922 18.97734325
57.67578739 18.95786123
57.42794722 18.94380524
57.17659305 18.90256745
56.95717492 18.82784333
56.82602014 18.75353262
56.6550745 18.58734121
56.55079146 18.16594575
56.38346317 17.98799795
56.27029178 17.95079092
55.99764693 17.93518464
55.61389774 17.88609203
55.4791256 17.84325226
55.25536665 17.58564525
55.23821008 17.50471996
55.28141157 17.44622224
55.29557092 17.38157502
55.2752104 17.32090689
55.17371789 17.15760936
55.06416385 17.0389086
54.77188195 16.96462372
54.66460168 17.00888459
54.56651981 17.03126048
54.37697066 17.0336376
54.0681523 17.00552562
53.95436079 16.91783072
53.77535363 16.85571564
53.6098857 16.75995921
53.29776004 16.72332062
53.08567997 16.6483898
53.02501183 16.78021638
52.9643437 16.91204295
52.90367557 17.04386953
52.84300744 17.17569611
52.80058109 17.26793854
52.72916426 17.30039134
52.68591109 17.39795645
52.64167606 17.49784699
52.59738936 17.59773754
52.55310265 17.69762808
52.50886763 17.79751862
52.46458093 17.89740917
52.42029422 17.99729971
52.3760592 18.09719025
52.3317725 18.19705496
52.28748579 18.29691966
52.24325077 18.39681021
52.19896406 18.49670075
52.15467736 18.59659129
52.11044234 18.69648184
52.06615563 18.79637238
52.02186893 18.89626293
51.9776339 18.99615347
52.11860721 19.04315318
52.29063806 19.10048819
52.4626689 19.15779735
52.63469974 19.21513235
52.80673058 19.27246735
52.97876143 19.32980235
53.15079227 19.38713736
53.32282311 19.44447236
53.49485396 19.50180736
53.6668848 19.55914236
53.83891564 19.61647736
54.01094649 19.67381236
54.18297733 19.73114737
54.35500817 19.78848237
54.52703902 19.84581737
54.69901818 19.90315237
54.87104903 19.96048737
54.97739912 19.9959374
55.0215308 20.1292626
55.05816939 20.23995352
55.0947563 20.35064444
55.13139489 20.46133535
55.16803348 20.57202627
55.2046204 20.68271719
55.24125899 20.79340811
55.27789758 20.90409903
55.31448449 21.01481578
55.3510714 21.12553254
55.38771 21.23622346
55.42434859 21.34691437
55.4609355 21.45760529
55.49757409 21.56829621
55.53421268 21.67898713
55.57079959 21.78967805
55.60743819 21.90036896
55.64102787 22.00186148
55.57772424 22.09952993
55.49271651 22.23065888
55.40378137 22.36783397
55.3201689 22.4969217
55.25924238 22.59089529
55.18586185 22.70409252
55.1940784 22.84997508
55.19221805 22.92294221
55.19986616 23.03477001
55.27024946 23.18995433
55.35324182 23.38746166
55.41380659 23.51877147
55.46630985 23.63292471
55.50852949 23.7245987
55.53162886 23.81906322
55.51932987 23.88549327
55.49178633 23.90967784
55.46848026 23.94109711
55.54785526 23.99135244
55.69658003 24.02414114
55.77915897 24.01711315
55.89408736 24.04142691
55.98514123 24.06338939
55.99216922 24.09294831
55.96633101 24.1426352
55.92860721 24.21513723
55.79972619 24.22263032
55.76086551 24.24268077
55.80566898 24.34978018
55.80401533 24.38355073
55.78680708 24.42352245
55.76820357 24.49059846
55.777557 24.57733735
55.80396366 24.63624848
55.80417036 24.68360993
55.79156131 24.78130423
55.79569543 24.86809479
55.82287723 24.91127045
55.87067793 24.95142304
55.91584313 24.97178356
55.96307539 24.9702591
56.00064416 24.95320588
56.01666385 24.90773062
56.00632857 24.8764147
55.9797152 24.87207388
55.97036177 24.85894807
56.00839562 24.79822826
56.06389611 24.73874868
56.10652917 24.7486964
56.15443322 24.79551525
56.20471439 24.83331656
56.26786299 24.86672537
56.31359663 24.93129507
56.35297407 24.97330801
56.38795902 24.97917329

56.28181563 25.23554007
56.2402161 25.20882335
56.21055383 25.21326752
56.21649662 25.26670095
56.23427331 25.30383047
56.27731978 25.30085908
56.28775842 25.27858653
56.28181563 25.23554007

56.42976525 26.32717886
56.41777632 26.20816804
56.41643273 26.10874258
56.37364465 25.8045751
56.32930627 25.75196849
56.30718876 25.70933544
56.297887 25.65068268
56.27850834 25.62773835
56.24951786 25.62538707
56.18363041 25.64492076
56.1446147 25.69052521
56.15195275 25.74607738
56.15407149 25.84850007
56.17257165 25.94518667
56.16745568 26.04745433
56.11650272 26.06817658
56.08043257 26.0626472
56.16445845 26.20703115
56.19732466 26.22917451
56.22843387 26.21979523
56.30553511 26.23519481
56.34646284 26.3136138
56.37870894 26.35635021
56.41312544 26.35115672
56.42976525 26.32717886


# Qatar
# from http://www.rjruss.info/2010/12/free-countries-of-world-in-polygon-kml.html
51.26801314 24.60723216
51.17799279 24.58674246
51.0933468 24.56465078
51.02275679 24.56524506
50.96606774 24.57395254
50.92829227 24.59513988
50.85563521 24.67963085
50.80437219 24.7892624
50.83589481 24.85036978
50.84674686 24.88855866
50.77729374 25.17742992
50.75455611 25.39927684
50.76292769 25.4447521
50.80261519 25.49704865
50.86865767 25.61267467
50.90379764 25.72406322
51.00311974 25.98146353
51.10812626 26.08057893
51.26232873 26.15328767
51.38903934 26.0111258
51.54303511 25.90239859
51.57228397 25.78101065
51.52691206 25.68210196
51.48536421 25.52469554
51.51027225 25.45234854
51.51957401 25.38974254
51.56143192 25.28445181
51.60194624 25.14792268
51.60887088 25.05288972
51.58696008 24.96483308
51.53342329 24.8908841
51.42790002 24.66826203
51.39648075 24.64513683
51.26801314 24.60723216


# Saudi Arabia
# from http://www.rjruss.info/2010/12/free-countries-of-world-in-polygon-kml.html
41.98775272 16.71562084
42.06506066 16.71003978
42.03322798 16.74194998
42.02640669 16.75768545
42.05999637 16.80352245
42.17037723 16.70864452
42.16717329 16.59640331
42.15776818 16.57072012
42.1276925 16.59482718
42.10836551 16.6184433
42.10237105 16.64394562
42.0717786 16.67148916
41.96418827 16.65345409
41.89731896 16.68425324
41.80161421 16.77876944
41.77608605 16.84687897
41.81608361 16.86013398
41.85825158 16.89292268
41.88491662 16.94682119
41.86042199 17.00255423
41.91726607 16.99364004
41.94796187 16.93643423
41.95395633 16.80623546
41.96253462 16.77866608
41.94672163 16.74890046
41.98775272 16.71562084

36.9016549 25.38305044
36.87519657 25.38305044
36.80501997 25.45072073
36.76388553 25.50058849
36.72202762 25.53404898
36.53030806 25.6015384
36.50426314 25.64510163
36.53361535 25.68871654
36.55407922 25.64536001
36.58880578 25.61983185
36.74755578 25.55875031
36.92439253 25.42552847
36.95477827 25.41462474
36.9016549 25.38305044

36.59552372 25.71279776
36.58611861 25.69920685
36.54395064 25.73429515
36.54653446 25.81160309
36.58270796 25.85552806
36.57991743 25.79542837
36.59562707 25.73488943
36.59552372 25.71279776

44.71647505 29.19361888
45.0503048 29.16710887
45.49890791 29.13155549
45.94968143 29.09584707
46.35647831 29.06365266
46.53145471 29.09626048
46.72482792 29.07460806
46.9822799 29.04566926
47.13875614 29.02618724
47.43320845 28.98954865
47.52126509 28.83782665
47.55320112 28.73155406
47.5830701 28.62796865
47.67133345 28.53316824
47.87194136 28.53546784
48.04960493 28.53750906
48.26871301 28.54050629
48.44244917 28.54290925
48.49856978 28.44885814
48.52306441 28.35501374
48.62631392 28.13257254
48.7736951 27.95906892
48.80904178 27.89592032
48.83281294 27.80068065
48.80718143 27.76528229
48.7971562 27.72430288
48.90650353 27.62906322
49.08685428 27.54857718
49.15754764 27.5282425
49.23743941 27.49274079
49.17511763 27.43765371
49.28157108 27.31047801
49.40528446 27.18097687
49.53767948 27.15175385
49.71647993 26.95587434
49.98612756 26.82890534
50.14983849 26.66266226
50.13464562 26.65951
50.08658654 26.67640819
50.02633182 26.6991975
50.00814172 26.67852692
50.01134566 26.60881542
50.02736535 26.52688243
50.11077111 26.45595653
50.18497847 26.40495189
50.21391727 26.30847199
50.15541955 26.10052603
50.13526574 26.10068106
50.09599165 26.11871613
50.05392704 26.12287608
50.03160282 26.11099051
50.08100549 25.96138723
50.1303048 25.84663972
50.18962935 25.75579255
50.23892866 25.62285493
50.28119999 25.56614004
50.45514286 25.424805
50.50847293 25.30667268
50.5578756 25.0866861
50.66691288 24.96379955
50.7256173 24.86938671
50.80437219 24.7892624
50.85563521 24.67963085
50.92829227 24.59513988
50.96606774 24.57395254
51.02275679 24.56524506
51.0933468 24.56465078
51.17799279 24.58674246
51.26801314 24.60723216
51.33849979 24.56434073
51.41126021 24.57080028
51.41839155 24.53098359
51.36991906 24.4769042
51.30987105 24.34037507
51.39524051 24.31885183
51.47678592 24.30818065
51.53476688 24.28634736
51.56835656 24.28619233
51.56835656 24.25792532
51.57218062 24.12834667
51.59254113 24.07884064
51.62933475 24.03501903
51.68431848 23.96951915
51.73935388 23.90401927
51.79438928 23.83849356
51.849373 23.77299368
51.9044084 23.7074938
51.9594438 23.64196809
52.01442752 23.57646821
52.06946293 23.51096833
52.12449833 23.44546845
52.17948205 23.37996857
52.23451745 23.3144687
52.28955285 23.24896882
52.34453657 23.18346894
52.39957197 23.11796906
52.45460737 23.05244335
52.5095911 22.98694347
52.55506636 22.9328124
52.63914391 22.92252879
52.66591231 22.91927318
52.74161828 22.9100231
52.85928552 22.89563121
53.01188602 22.87700186
53.19244348 22.85493602
53.39403324 22.8303122
53.60957564 22.80398306
53.83209435 22.77682709
54.05461307 22.74967113
54.27010379 22.72334199
54.47164188 22.69871817
54.65225101 22.67665233
54.80485152 22.65802298
54.92251875 22.64363109
54.99822473 22.63438101
55.02504479 22.63112539
55.10431644 22.6214619
55.11940596 22.62394237
55.18586185 22.70409252
55.25924238 22.59089529
55.3201689 22.4969217
55.40378137 22.36783397
55.49271651 22.23065888
55.57772424 22.09952993
55.64102787 22.00186148
55.60743819 21.90036896
55.57079959 21.78967805
55.53421268 21.67898713
55.49757409 21.56829621
55.4609355 21.45760529
55.42434859 21.34691437
55.38771 21.23622346
55.3510714 21.12553254
55.31448449 21.01481578
55.27789758 20.90409903
55.24125899 20.79340811
55.2046204 20.68271719
55.16803348 20.57202627
55.13139489 20.46133535
55.0947563 20.35064444
55.05816939 20.23995352
55.0215308 20.1292626
54.97739912 19.9959374
54.87104903 19.96048737
54.69901818 19.90315237
54.52703902 19.84581737
54.35500817 19.78848237
54.18297733 19.73114737
54.01094649 19.67381236
53.83891564 19.61647736
53.6668848 19.55914236
53.49485396 19.50180736
53.32282311 19.44447236
53.15079227 19.38713736
52.97876143 19.32980235
52.80673058 19.27246735
52.63469974 19.21513235
52.4626689 19.15779735
52.29063806 19.10048819
52.11860721 19.04315318
51.9776339 18.99615347
51.74291955 18.96455333
51.51492313 18.93388337
51.258453 18.89936351
50.94999637 18.8578415
50.70820235 18.82531118
50.35530399 18.7777947
50.03894087 18.73523916
49.74211144 18.69529328
49.44507531 18.65532156
49.19237756 18.62131847
49.04199914 18.581786
48.86490401 18.49520213
48.59298262 18.36241954
48.31584191 18.22705313
48.17218143 18.15692821
48.02169966 17.9769392
47.9455286 17.88583365
47.80775923 17.72111502
47.70373457 17.59680736
47.57955611 17.44834097
47.5253992 17.31612682
47.44178674 17.11187572
47.36959476 17.06038015
47.25125573 16.99392426
47.14361372 16.94666616
46.97566532 16.95348745
46.87996056 17.07900951
46.77851973 17.212128
46.72767012 17.26558727
46.68203983 17.26855866
46.51341963 17.25168631
46.31033125 17.23129995
46.07081099 17.25318492
45.79444543 17.27840302
45.5353398 17.30207083
45.40656213 17.31977001
45.23665002 17.40619884
45.19277673 17.42340709
45.14807661 17.42746369
44.94648685 17.42958242
44.74675744 17.43167532
44.54645959 17.40436433
44.35474002 17.41436372
44.15594079 17.39855073
44.0859709 17.36552949
44.00824955 17.36746735
43.9596737 17.33832184
43.91693729 17.32473094
43.86644942 17.34958731
43.80428267 17.34413544
43.71297041 17.36552949
43.65343916 17.4218568
43.59731856 17.4714145
43.53923425 17.49872549
43.47427697 17.51593374
43.41800134 17.5162438
43.34606774 17.48601309
43.30219445 17.45679007
43.19093509 17.35937999
43.18638757 17.32473094
43.23692712 17.26643993
43.22137251 17.23923229
43.15595015 17.20504833
43.13589969 17.11296092
43.12618452 17.06244721
43.11646935 16.94198945
43.14561486 16.84677562
43.18447554 16.81181651
43.18638757 16.77101797
43.1650452 16.68942088
43.10479048 16.66415111
43.06071048 16.58663646
43.03358036 16.55038544
42.9863481 16.50907014
42.79933109 16.37179169
42.7898743 16.45155427
42.73065311 16.56984162
42.72641564 16.65329906
42.69882043 16.7369632
42.64745405 16.80135204
42.55288618 16.86847972
42.54410119 16.95968863
42.47495812 17.049864
42.38328413 17.12246939
42.33243452 17.25662141
42.29398726 17.43495677
42.05224491 17.66936107
41.75004113 17.88573029
41.65795373 18.00768667
41.50757531 18.25609528
41.43171431 18.45241405
41.22945275 18.67839509
41.22077111 18.76523733
41.19079878 18.87117402
41.14418664 18.9890738
41.11607466 19.08219473
40.91329634 19.49012849
40.84787398 19.55529247
40.79154667 19.64637218
40.77707726 19.71691051
40.75919722 19.75548697
40.61595015 19.82235627
40.48221154 19.99345694
40.08068566 20.26589509
39.88410851 20.29297354
39.72835575 20.39033194
39.61363407 20.51766267
39.49126428 20.73702912
39.27608361 20.97396556
39.09356245 21.3103533
39.15071659 21.43274893
39.14709924 21.51899689
39.09097863 21.66394929
39.02979374 21.77598379
38.98793583 21.88173961
39.02121545 22.03346162
39.0340312 22.20334789
39.06989465 22.29367829
39.09593957 22.39279369
39.06203983 22.59216136
39.0013717 22.69897655
39.00746952 22.77008332
38.93873986 22.80475821
38.88292931 22.88201447
38.94111698 22.8818336
38.8355937 22.98903636
38.79683638 23.04856761
38.75704553 23.19429515
38.70609256 23.30550283
38.54227827 23.55789053
38.46414351 23.7118863
38.28885705 23.91099559
38.09868778 24.05801504
37.97786828 24.12457429
37.91968062 24.18539745
37.82097863 24.18751618
37.7133883 24.27443594
37.63814741 24.27774323
37.54306278 24.29164419
37.43092492 24.45902416
37.33852746 24.61581045
37.18091434 24.82003571
37.22039514 24.87336579
37.26628381 24.96005301
37.24344282 25.07345694
37.21832808 25.15066153
37.14887495 25.29111807
36.92067183 25.64117422
36.86010705 25.69248892
36.76274865 25.75132254
36.70259728 25.90286367
36.67520877 26.03887604
36.51873254 26.10486685
36.24960168 26.59475943
36.09374556 26.76583426
36.0320439 26.88099518
35.85169315 27.07046682
35.76301639 27.25880158
35.58132206 27.43248607
35.42381229 27.73378551
35.18051965 28.03487824
35.07830366 28.08701976
34.82756961 28.10859467
34.72204634 28.13066051
34.624998 28.06451468
34.61621301 28.14833385
34.68328902 28.2641149
34.77992394 28.50730419
34.79914758 28.72052115
34.95081791 29.3535316
35.16377648 29.32094961
35.33916629 29.29407787
35.59527469 29.25485546
35.86037479 29.21423778
36.01545576 29.19046662
36.06847578 29.20054352
36.28277795 29.35536612
36.47609948 29.49512503
36.59185469 29.6660965
36.70388919 29.83166779
36.75525557 29.86603262
36.92707971 29.89706432
37.19946618 29.94631196
37.46921716 29.99506867
37.49071455 30.01170848
37.55360477 30.14456859
37.63354821 30.31329214
37.64992964 30.33093964
37.66972171 30.34812206
37.86293989 30.44263825
37.98009037 30.49999909
37.81302046 30.66929108
37.6555107 30.82894542
37.47903568 31.00777171
37.32943241 31.14683299
37.10526004 31.35516653
36.95855065 31.4915148
37.2156409 31.55611034
37.49335005 31.62587352
37.77384973 31.69633434
38.11145186 31.7811612
38.37551843 31.84746206
38.76965458 31.94647411
38.96235599 31.99489492
38.99708255 32.0074523
39.14544559 32.12449942
39.3686361 32.09173656
39.70406782 32.04251476
40.02782067 31.99499828
40.36929854 31.93898102
40.47885257 31.89335073
40.80834151 31.72545401
41.02248864 31.61636506
41.27244754 31.48903433
41.58508996 31.32971589
41.79970218 31.22036856
42.0744141 31.0803771
42.28856123 30.92038687
42.55981083 30.71776358
42.85772546 30.49519318
43.10308516 30.32220633
43.44079064 30.08400381
43.7737419 29.84921194
44.09966515 29.61932933
44.36068281 29.43525788
44.69084354 29.2023522
44.71647505 29.19361888


# United Arab Emirates
# from http://www.rjruss.info/2010/12/free-countries-of-world-in-polygon-kml.html
53.92779911 24.17720673
53.92810917 24.14338451
53.82640995 24.15309968
53.79912479 24.13552969
53.71582238 24.14529654
53.63448368 24.16979116
53.68967411 24.21077058
53.833748 24.25893301
53.89369266 24.21516307
53.92779911 24.17720673

56.21055383 25.21326752
56.2402161 25.20882335
56.28181563 25.23554007
56.28775842 25.27858653
56.27731978 25.30085908
56.23427331 25.30383047
56.21649662 25.26670095
56.21055383 25.21326752

52.61687137 24.28859528
52.60002486 24.28130891
52.58224816 24.33523326
52.58359175 24.352364
52.62937707 24.37675528
52.6575924 24.3326236
52.61687137 24.28859528

53.33217655 24.25857128
53.25827925 24.25293854
53.19089318 24.29092072
53.33248661 24.3416153
53.37093387 24.36445629
53.41237837 24.41101675
53.44534793 24.37117422
53.40896773 24.30792227
53.38261275 24.28084382
53.33217655 24.25857128

54.46544071 24.44277192
54.45660404 24.42334158
54.42838871 24.42509858
54.35774702 24.44277192
54.33475101 24.47103893
54.37893436 24.50457693
54.3983647 24.50635977
54.42658003 24.47103893
54.46544071 24.44277192

56.18363041 25.64492076
56.24951786 25.62538707
56.27850834 25.62773835
56.297887 25.65068268
56.36351607 25.56939566
56.37281782 25.01831818
56.38795902 24.97917329
56.35297407 24.97330801
56.31359663 24.93129507
56.26786299 24.86672537
56.20471439 24.83331656
56.15443322 24.79551525
56.10652917 24.7486964
56.06389611 24.73874868
56.00839562 24.79822826
55.97036177 24.85894807
55.9797152 24.87207388
56.00632857 24.8764147
56.01666385 24.90773062
56.00064416 24.95320588
55.96307539 24.9702591
55.91584313 24.97178356
55.87067793 24.95142304
55.82287723 24.91127045
55.79569543 24.86809479
55.79156131 24.78130423
55.80417036 24.68360993
55.80396366 24.63624848
55.777557 24.57733735
55.76820357 24.49059846
55.78680708 24.42352245
55.80401533 24.38355073
55.80566898 24.34978018
55.76086551 24.24268077
55.79972619 24.22263032
55.92860721 24.21513723
55.96633101 24.1426352
55.99216922 24.09294831
55.98514123 24.06338939
55.89408736 24.04142691
55.77915897 24.01711315
55.69658003 24.02414114
55.54785526 23.99135244
55.46848026 23.94109711
55.49178633 23.90967784
55.51932987 23.88549327
55.53162886 23.81906322
55.50852949 23.7245987
55.46630985 23.63292471
55.41380659 23.51877147
55.35324182 23.38746166
55.27024946 23.18995433
55.19986616 23.03477001
55.19221805 22.92294221
55.1940784 22.84997508
55.18586185 22.70409252
55.11940596 22.62394237
55.10431644 22.6214619
55.02504479 22.63112539
54.99822473 22.63438101
54.92251875 22.64363109
54.80485152 22.65802298
54.65225101 22.67665233
54.47164188 22.69871817
54.27010379 22.72334199
54.05461307 22.74967113
53.83209435 22.77682709
53.60957564 22.80398306
53.39403324 22.8303122
53.19244348 22.85493602
53.01188602 22.87700186
52.85928552 22.89563121
52.74161828 22.9100231
52.66591231 22.91927318
52.63914391 22.92252879
52.55506636 22.9328124
52.5095911 22.98694347
52.45460737 23.05244335
52.39957197 23.11796906
52.34453657 23.18346894
52.28955285 23.24896882
52.23451745 23.3144687
52.17948205 23.37996857
52.12449833 23.44546845
52.06946293 23.51096833
52.01442752 23.57646821
51.9594438 23.64196809
51.9044084 23.7074938
51.849373 23.77299368
51.79438928 23.83849356
51.73935388 23.90401927
51.68431848 23.96951915
51.62933475 24.03501903
51.59254113 24.07884064
51.57218062 24.12834667
51.56835656 24.25792532
51.56835656 24.28619233
51.60546024 24.3384372
51.62313358 24.3010493
51.66457808 24.25043224
51.73475467 24.26280874
51.76762088 24.25438548
51.7917021 24.07475821
51.84317183 24.01088614
51.90601037 23.98535798
52.11860721 23.97109528
52.25089888 23.99522818
52.51145145 24.112482
52.64829064 24.15464997
53.02635542 24.14731192
53.32959273 24.09842601
53.80181196 24.06948721
53.8933826 24.07703197
54.14794071 24.17118643
54.30431359 24.25428213
54.39702111 24.27815664
54.45841271 24.35825511
54.49882368 24.46271902
54.53468713 24.53095775
54.58047245 24.5635139
54.62408736 24.62128815
54.65902062 24.71554597
54.74676721 24.8104239
55.09816695 25.04162425
55.30352909 25.23680614
55.32171919 25.29979971
55.43344364 25.39447093
55.52284387 25.49813386
55.94121626 25.79398143
56.02524214 25.91598949
56.07464481 26.052777
56.08043257 26.0626472
56.11650272 26.06817658
56.16745568 26.04745433
56.17257165 25.94518667
56.15407149 25.84850007
56.15195275 25.74607738
56.1446147 25.69052521
56.18363041 25.64492076


# Yemen
# from http://www.rjruss.info/2010/12/free-countries-of-world-in-polygon-kml.html
53.76315799 12.63680004
53.82485965 12.6248111
53.91849735 12.65943431
54.1874215 12.66403351
54.51112267 12.55277416
54.45004113 12.52342194
54.41376428 12.48332103
54.27134403 12.44663076
54.12944055 12.36064118
53.71881961 12.31898998
53.59831017 12.34229605
53.49940148 12.42534007
53.3158468 12.53313711
53.38850386 12.60186677
53.40390344 12.63333771
53.43098189 12.66356843
53.53495487 12.71576162
53.63851444 12.70739004
53.76315799 12.63680004

42.75587121 13.7042801
42.68972538 13.67363597
42.73499393 13.7529593
42.78129601 13.76928905
42.79411177 13.76613679
42.75587121 13.7042801

42.78739383 13.97149893
42.77416467 13.95025991
42.75607792 13.95485912
42.6940662 14.00793081
42.76207238 14.06746206
42.79834924 14.01227163
42.78739383 13.97149893

42.59019657 15.30343313
42.55867394 15.28118643
42.54906213 15.32004711
42.5697327 15.4073286
42.60239221 15.43252086
42.62450972 15.36795116
42.61045373 15.33229442
42.59019657 15.30343313

52.90367557 17.04386953
52.9643437 16.91204295
53.02501183 16.78021638
53.08567997 16.6483898
52.58142134 16.47036449
52.4484062 16.39124787
52.32779341 16.29357941
52.2372563 16.17136465
52.17400435 15.95685578
52.22206343 15.76058869
52.2175159 15.6555305
52.08729129 15.58592235
51.96585168 15.53569286
51.83076948 15.45926341
51.74860396 15.44014313
51.68152795 15.37911327
51.60370324 15.33684195
51.3224801 15.22625438
51.01510868 15.14078156
50.52707645 15.03820384
50.33856083 14.92720287
50.16689172 14.85103181
49.90633915 14.82813915
49.54863488 14.72240917
49.34988732 14.63781485
49.10287398 14.50004548
49.04809696 14.45643057
49.00468876 14.35504141
48.9287244 14.26750153
48.77999963 14.12389273
48.66837853 14.05015046
48.59375777 14.04622305
48.44906376 14.00591543
48.27780806 13.9976472
47.98997033 14.0480834
47.91596968 14.01284007
47.85509484 13.95692617
47.63340295 13.85843089
47.40768029 13.66164704
47.24262577 13.60935049
46.97566532 13.54744212
46.78890669 13.46558666
46.66343631 13.43272045
46.50199914 13.41556387
46.20310265 13.4238321
45.9197091 13.39427318
45.65729618 13.33872101
45.53399621 13.2335078
45.39353967 13.06705801
45.1638896 12.99827668
45.1097327 12.9385904
45.03862593 12.81588471
44.88990116 12.78415538
44.75523237 12.76376903
44.61777306 12.8172283
44.35846073 12.66914948
44.26037886 12.64460318
44.11155073 12.63866039
44.00582075 12.60765453
43.92975305 12.6164912
43.83539188 12.67442048
43.63437056 12.74449372
43.48760949 12.69881175
43.4753105 12.83900991
43.2319145 13.26709748
43.28255741 13.63986542
43.28245405 13.69254955
43.23408491 13.85894766
43.08908084 14.01097972
43.09331831 14.20368114
43.04484582 14.34155386
43.0062952 14.48309561
43.01869754 14.5208194
43.02107466 14.55487417
42.94697066 14.77315542
42.92216597 14.81739045
42.91296756 14.86309825
42.93725549 14.89805736
42.93642866 14.93857168
42.89705122 15.00554434
42.85560672 15.13297842
42.65778934 15.23281729
42.69789025 15.32629995
42.73644087 15.2935371
42.78842736 15.26570934
42.79907271 15.32624828
42.79989953 15.37162018
42.71721724 15.654652
42.83969038 16.03204499
42.79933109 16.37179169
42.9863481 16.50907014
43.03358036 16.55038544
43.06071048 16.58663646
43.10479048 16.66415111
43.1650452 16.68942088
43.18638757 16.77101797
43.18447554 16.81181651
43.14561486 16.84677562
43.11646935 16.94198945
43.12618452 17.06244721
43.13589969 17.11296092
43.15595015 17.20504833
43.22137251 17.23923229
43.23692712 17.26643993
43.18638757 17.32473094
43.19093509 17.35937999
43.30219445 17.45679007
43.34606774 17.48601309
43.41800134 17.5162438
43.47427697 17.51593374
43.53923425 17.49872549
43.59731856 17.4714145
43.65343916 17.4218568
43.71297041 17.36552949
43.80428267 17.34413544
43.86644942 17.34958731
43.91693729 17.32473094
43.9596737 17.33832184
44.00824955 17.36746735
44.0859709 17.36552949
44.15594079 17.39855073
44.35474002 17.41436372
44.54645959 17.40436433
44.74675744 17.43167532
44.94648685 17.42958242
45.14807661 17.42746369
45.19277673 17.42340709
45.23665002 17.40619884
45.40656213 17.31977001
45.5353398 17.30207083
45.79444543 17.27840302
46.07081099 17.25318492
46.31033125 17.23129995
46.51341963 17.25168631
46.68203983 17.26855866
46.72767012 17.26558727
46.77851973 17.212128
46.87996056 17.07900951
46.97566532 16.95348745
47.14361372 16.94666616
47.25125573 16.99392426
47.36959476 17.06038015
47.44178674 17.11187572
47.5253992 17.31612682
47.57955611 17.44834097
47.70373457 17.59680736
47.80775923 17.72111502
47.9455286 17.88583365
48.02169966 17.9769392
48.17218143 18.15692821
48.31584191 18.22705313
48.59298262 18.36241954
48.86490401 18.49520213
49.04199914 18.581786
49.19237756 18.62131847
49.44507531 18.65532156
49.74211144 18.69529328
50.03894087 18.73523916
50.35530399 18.7777947
50.70820235 18.82531118
50.94999637 18.8578415
51.258453 18.89936351
51.51492313 18.93388337
51.74291955 18.96455333
51.9776339 18.99615347
52.02186893 18.89626293
52.06615563 18.79637238
52.11044234 18.69648184
52.15467736 18.59659129
52.19896406 18.49670075
52.24325077 18.39681021
52.28748579 18.29691966
52.3317725 18.19705496
52.3760592 18.09719025
52.42029422 17.99729971
52.46458093 17.89740917
52.50886763 17.79751862
52.55310265 17.69762808
52.59738936 17.59773754
52.64167606 17.49784699
52.68591109 17.39795645
52.72916426 17.30039134
52.80058109 17.26793854
52.84300744 17.17569611
52.90367557 17.04386953


# Iraq
# from http://www.rjruss.info/2010/12/free-countries-of-world-in-polygon-kml.html
44.76515425 37.14243602
44.76541263 37.13499462
44.79843387 37.06388784
44.88085778 36.79933035
44.92783166 36.76592154
44.9814718 36.7377062
45.01924727 36.69838044
45.03397505 36.65889964
45.02942752 36.59755972
45.03108117 36.52609121
45.05314701 36.47162425
45.08379113 36.43002473
45.1123682 36.4092508
45.15531131 36.40736461
45.20657433 36.39715851
45.24114587 36.3559724
45.35090661 36.05464712
45.36165531 36.01534719
45.40775069 36.00278982
45.48376672 36.00855174
45.5616431 35.97718415
45.64499719 35.92834992
45.72349369 35.83665009
45.776307 35.82181896
45.9414132 35.83538402
46.16744592 35.82055288
46.2733826 35.77321727
46.26247888 35.74412344
46.18098514 35.71138642
46.03737634 35.6731717
45.99505334 35.60811107
45.97107547 35.52418854
45.97541629 35.47682709
46.01065962 35.42481476
46.11204878 35.32166861
46.11773319 35.28425487
46.13576826 35.23229422
46.15468184 35.19674083
46.13375288 35.12764944
46.04176883 35.0801588
45.92089766 35.02850821
45.6780701 34.79844473
45.6600867 34.74878368
45.66153364 34.61266796
45.63745243 34.57380728
45.56086795 34.57453075
45.50081994 34.58158458
45.49771935 34.5338614
45.45937544 34.47035106
45.43761966 34.41513479
45.52686486 34.28467764
45.5427812 34.21553457
45.52862186 34.152541
45.44604292 34.04402049
45.39705366 33.97084667
45.40899092 33.95451691
45.4732764 33.92547476
45.67372928 33.68667796
45.73832482 33.60283295
45.82281579 33.62479544
45.85449344 33.62332266
45.87940148 33.6097576
45.89469771 33.5815681
45.89474938 33.54565298
45.87320031 33.49201284
45.98099735 33.47012788
46.01996138 33.41573843
46.14584517 33.2296516
46.14109094 33.17440949
46.08078454 33.08653372
46.0804228 33.02821686
46.09303185 32.97586864
46.11277225 32.9576527
46.29818729 32.95023713
46.37704553 32.92923066
46.56995365 32.83393932
46.7891134 32.68797923
46.96853397 32.56842581
47.12139286 32.4665974
47.28520715 32.47401297
47.32980391 32.4555128
47.37130008 32.42375764
47.41811893 32.34009349
47.51185998 32.15082856
47.59149336 32.08796418
47.71453495 31.93644888
47.8299801 31.79441621
47.75396406 31.60137889
47.67949833 31.40059011
47.67949833 31.14151032
47.67949833 31.00239737
47.83638797 30.99645458
48.0106409 30.98981415
48.01203617 30.82362275
48.01343143 30.65642365
48.01493005 30.46563426
48.06614139 30.45767609
48.14753177 30.41682587
48.18236169 30.35502086
48.22613163 30.32135366
48.27894494 30.31579845
48.33103478 30.28543854
48.38260786 30.23019644
48.40141808 30.18833853
48.3875688 30.15986481
48.39862756 30.10960948
48.43459435 30.03762421
48.47851932 30.00380199
48.54652551 29.96235749
48.4542314 29.93845714
48.35459924 29.95672476
48.14169234 30.04090567
48.07275598 30.04323111
47.98252892 30.01132091
47.97870487 29.98282136
47.75386071 30.07661408
47.67278039 30.09560517
47.64373823 30.09731049
47.51485721 30.09650951
47.3313542 30.07968883
47.22329878 30.04149995
47.1482646 30.00095978
47.11436486 29.96132396
47.10206587 29.93998159
47.0436715 29.82298615
46.97597538 29.67286612
46.90579878 29.53752554
46.769373 29.34745962
46.69377038 29.25966136
46.53145471 29.09626048
46.35647831 29.06365266
45.94968143 29.09584707
45.49890791 29.13155549
45.0503048 29.16710887
44.71647505 29.19361888
44.69084354 29.2023522
44.36068281 29.43525788
44.09966515 29.61932933
43.7737419 29.84921194
43.44079064 30.08400381
43.10308516 30.32220633
42.85772546 30.49519318
42.55981083 30.71776358
42.28856123 30.92038687
42.0744141 31.0803771
41.79970218 31.22036856
41.58508996 31.32971589
41.27244754 31.48903433
41.02248864 31.61636506
40.80834151 31.72545401
40.47885257 31.89335073
40.36929854 31.93898102
40.02782067 31.99499828
39.70406782 32.04251476
39.3686361 32.09173656
39.14544559 32.12449942
39.2927751 32.2438203
39.24745487 32.35099722
39.14007124 32.33120515
39.04136926 32.30565115
38.98157962 32.47256603
39.05785404 32.49318492
38.98741906 32.71069103
38.91486535 32.93465668
38.84505049 33.15087088
38.77353031 33.37220104
39.05671716 33.514027
39.26838382 33.62001537
39.5644381 33.76835257
39.85000207 33.91136709
40.12197513 34.04763784
40.42154341 34.19773204
40.68948571 34.33201325
40.93505212 34.38658356
40.98703861 34.42903575
41.09902144 34.61230622
41.19467451 34.76898916
41.19917036 34.80531769
41.19958377 35.02737132
41.21637862 35.28818228
41.24831465 35.42750194
41.30335005 35.55062104
41.35409631 35.64040884
41.3593673 35.72458975
41.35264937 35.80998505
41.30019779 35.93896943
41.2455758 36.07340567
41.25172529 36.20301016
41.2618022 36.27246328
41.296012 36.38336091
41.35419966 36.46438955
41.4168315 36.51464488
41.65015059 36.56639883
41.78854007 36.59714631
41.97405847 36.74080679
42.08397424 36.82602123
42.23729821 36.9611551
42.35010786 37.06058055
42.35904789 37.09499706
42.35899621 37.10858796
42.45588952 37.12869009
42.63546512 37.24927705
42.74109175 37.36190583
42.77457808 37.37187938
42.86909427 37.33493073
42.93663537 37.32477631
43.09249149 37.36738353
43.18509566 37.34485261
43.26312707 37.31648225
43.30674198 37.31462189
43.5158765 37.24454865
43.56801802 37.23586701
43.67581506 37.22726289
43.83642541 37.22351634
43.93998498 37.26930166
44.01315881 37.31353669
44.06462853 37.31245148
44.11439294 37.30185782
44.15625085 37.28294424
44.19175256 37.24984549
44.20839237 37.20263907
44.20167443 37.0518214
44.21748742 37.01184968
44.24570275 36.98332429
44.28187626 36.97800161
44.32559452 37.01076447
44.40192061 37.05848766
44.49602339 37.11052582
44.56604496 37.15824901
44.60593916 37.1760257
44.66934614 37.17359691
44.73094445 37.165277
44.76515425 37.14243602


# Jordan
# from http://www.rjruss.info/2010/12/free-countries-of-world-in-polygon-kml.html
39.14544559 32.12449942
38.99708255 32.0074523
38.96235599 31.99489492
38.76965458 31.94647411
38.37551843 31.84746206
38.11145186 31.7811612
37.77384973 31.69633434
37.49335005 31.62587352
37.2156409 31.55611034
36.95855065 31.4915148
37.10526004 31.35516653
37.32943241 31.14683299
37.47903568 31.00777171
37.6555107 30.82894542
37.81302046 30.66929108
37.98009037 30.49999909
37.86293989 30.44263825
37.66972171 30.34812206
37.64992964 30.33093964
37.63354821 30.31329214
37.55360477 30.14456859
37.49071455 30.01170848
37.46921716 29.99506867
37.19946618 29.94631196
36.92707971 29.89706432
36.75525557 29.86603262
36.70388919 29.83166779
36.59185469 29.6660965
36.47609948 29.49512503
36.28277795 29.35536612
36.06847578 29.20054352
36.01545576 29.19046662
35.86037479 29.21423778
35.59527469 29.25485546
35.33916629 29.29407787
35.16377648 29.32094961
34.95081791 29.3535316
34.9821855 29.48447968
34.97340051 29.55501801
35.02394006 29.78707103
35.0534473 29.89693513
35.06817508 29.97786042
35.14160729 30.14167471
35.13266727 30.19531485
35.1481702 30.3843214
35.14062544 30.42090831
35.17406009 30.52392528
35.23664025 30.67347687
35.29782515 30.80225454
35.32014937 30.86018382
35.38303959 30.9822694
35.43931522 31.13241527
35.40965295 31.21445161
35.40066125 31.23049714
35.42350223 31.32483247
35.42288211 31.32537507
35.45052901 31.47931916
35.46546349 31.56236319
35.49946659 31.67238231
35.55899784 31.76552908
35.53150598 31.98492137
35.53470991 32.10300202
35.5720203 32.23787751
35.55145308 32.39551647
35.56902306 32.6198697
35.57284712 32.64085033
35.59449955 32.66800629
35.61124271 32.68206228
35.73443932 32.72888113
35.78725264 32.73492727
35.89473962 32.71379161
35.95644128 32.66671438
36.05948408 32.53377676
36.21978438 32.49509695
36.28427656 32.45745067
36.3721265 32.38693818
36.47920007 32.36130667
36.81840417 32.31730419
37.08893029 32.46551219
37.31754683 32.59077587
37.57742761 32.73306692
37.754161 32.82983104
38.05574466 32.99485973
38.25428552 33.09924612
38.51566491 33.23662792
38.77353031 33.37220104
38.84505049 33.15087088
38.91486535 32.93465668
38.98741906 32.71069103
39.05785404 32.49318492
38.98157962 32.47256603
39.04136926 32.30565115
39.14007124 32.33120515
39.24745487 32.35099722
39.2927751 32.2438203
39.14544559 32.12449942


# Lebanon
# from http://www.rjruss.info/2010/12/free-countries-of-world-in-polygon-kml.html
35.86910811 33.43175812
35.84073775 33.41566092
35.78745934 33.36977224
35.73443932 33.33259105
35.62721073 33.27504934
35.60287113 33.240607
35.579255 33.27145783
35.5325395 33.2504772
35.49311039 33.11950328
35.41125492 33.07570751
35.3088839 33.0795574
35.22330773 33.09198558
35.10858605 33.08366568
35.15509484 33.15999177
35.20346398 33.25897797
35.25141971 33.39263907
35.33575565 33.50348501
35.5108354 33.87974112
35.61181115 34.03218659
35.6478813 34.24824575
35.80425418 34.4373815
35.92135298 34.4932954
35.977887 34.54740062
35.97623335 34.62920441
36.1511064 34.62861013
36.26355431 34.6328476
36.29631717 34.6786846
36.38390873 34.65788483
36.43294966 34.61349478
36.38861128 34.56690847
36.3262895 34.51334585
36.32990685 34.49959992
36.37646732 34.49518159
36.45553226 34.46616527
36.50436649 34.43236888
36.58498172 34.22121898
36.53516564 34.13432506
36.45754764 34.05681041
36.42282108 34.04983409
36.35491825 34.01133515
36.29781579 33.95865103
36.27781701 33.92531973
36.28226118 33.89418468
36.36282474 33.85514313
36.3650985 33.83935598
36.34856205 33.82703115
36.28334639 33.83560944
36.19937219 33.83953685
36.14981449 33.83948518
36.09224694 33.83157868
36.01881473 33.78393301
35.98615523 33.75264293
35.96843021 33.73241161
35.94238529 33.66755768
35.97168583 33.62311595
36.02666955 33.59792369
36.03447269 33.58505626
36.02222538 33.56252534
35.96755171 33.53459422
35.92652062 33.50028107
35.9147384 33.46537364
35.86910811 33.43175812


# Gaza
# from http://www.rjruss.info/2010/12/free-countries-of-world-in-polygon-kml.html
34.24527958 31.20832795
34.21251672 31.29227631
34.19815067 31.32261038
34.38728641 31.48376333
34.47735843 31.58484243
34.5241256 31.54164094
34.52557254 31.52562124
34.35018273 31.36276297
34.34832238 31.29292227
34.24527958 31.20832795


# Syria
# from http://www.rjruss.info/2010/12/free-countries-of-world-in-polygon-kml.html
42.35899621 37.10858796
42.35904789 37.09499706
42.35010786 37.06058055
42.23729821 36.9611551
42.08397424 36.82602123
41.97405847 36.74080679
41.78854007 36.59714631
41.65015059 36.56639883
41.4168315 36.51464488
41.35419966 36.46438955
41.296012 36.38336091
41.2618022 36.27246328
41.25172529 36.20301016
41.2455758 36.07340567
41.30019779 35.93896943
41.35264937 35.80998505
41.3593673 35.72458975
41.35409631 35.64040884
41.30335005 35.55062104
41.24831465 35.42750194
41.21637862 35.28818228
41.19958377 35.02737132
41.19917036 34.80531769
41.19467451 34.76898916
41.09902144 34.61230622
40.98703861 34.42903575
40.93505212 34.38658356
40.68948571 34.33201325
40.42154341 34.19773204
40.12197513 34.04763784
39.85000207 33.91136709
39.5644381 33.76835257
39.26838382 33.62001537
39.05671716 33.514027
38.77353031 33.37220104
38.51566491 33.23662792
38.25428552 33.09924612
38.05574466 32.99485973
37.754161 32.82983104
37.57742761 32.73306692
37.31754683 32.59077587
37.08893029 32.46551219
36.81840417 32.31730419
36.47920007 32.36130667
36.3721265 32.38693818
36.28427656 32.45745067
36.21978438 32.49509695
36.05948408 32.53377676
35.95644128 32.66671438
35.89473962 32.71379161
35.78725264 32.73492727
35.80146366 32.7823404
35.85686079 32.86233552
35.91349816 32.94959117
35.88197554 32.9980895
35.87174361 33.03935314
35.86807458 33.08857494
35.90667687 33.13570384
35.88848677 33.1924704
35.8588245 33.24954702
35.83701704 33.27822744
35.8371204 33.33052399
35.8515898 33.37046988
35.86910811 33.43175812
35.9147384 33.46537364
35.92652062 33.50028107
35.96755171 33.53459422
36.02222538 33.56252534
36.03447269 33.58505626
36.02666955 33.59792369
35.97168583 33.62311595
35.94238529 33.66755768
35.96843021 33.73241161
35.98615523 33.75264293
36.01881473 33.78393301
36.09224694 33.83157868
36.14981449 33.83948518
36.19937219 33.83953685
36.28334639 33.83560944
36.34856205 33.82703115
36.3650985 33.83935598
36.36282474 33.85514313
36.28226118 33.89418468
36.27781701 33.92531973
36.29781579 33.95865103
36.35491825 34.01133515
36.42282108 34.04983409
36.45754764 34.05681041
36.53516564 34.13432506
36.58498172 34.22121898
36.50436649 34.43236888
36.45553226 34.46616527
36.37646732 34.49518159
36.32990685 34.49959992
36.3262895 34.51334585
36.38861128 34.56690847
36.43294966 34.61349478
36.38390873 34.65788483
36.29631717 34.6786846
36.26355431 34.6328476
36.1511064 34.62861013
35.97623335 34.62920441
35.89933882 34.85208487
35.88786665 34.94861644
35.88993371 35.06031505
35.94305708 35.22381928
35.91804569 35.29949942
35.91597863 35.35052989
35.90243941 35.42068065
35.76446333 35.57157583
35.83970422 35.8492333
35.89267256 35.91656769
35.96755171 35.91005646
36.12733524 35.83145661
36.15358687 35.83385956
36.20195601 35.93754833
36.24887821 35.9726883
36.34752852 36.00353913
36.37543379 36.17125499
36.42147749 36.20344941
36.47708133 36.2206835
36.56239912 36.22393911
36.63676151 36.23396434
36.64146406 36.26352326
36.53743941 36.45741324
36.54663781 36.50635082
36.5968673 36.70135183
36.62838993 36.77770376
36.65856896 36.80256013
36.77659793 36.79268993
36.94175581 36.75840261
36.98531904 36.7024112
37.06619266 36.6526468
37.18742557 36.65590241
37.32705529 36.64660065
37.43635095 36.6433192
37.52352909 36.67832998
37.72036462 36.74370067
37.8179814 36.7655598
37.90665816 36.79465363
38.19170536 36.90154633
38.30591027 36.89338146
38.38394168 36.87924795
38.44378299 36.86224641
38.57803836 36.78912425
38.68888431 36.71507193
38.76665734 36.69313528
38.90649377 36.69465974
39.10844527 36.68055207
39.35659549 36.6815856
39.50144453 36.70223033
39.68649784 36.73863638
40.01640018 36.82604706
40.45037886 37.00887828
40.70571211 37.09771007
40.81557621 37.10817455
40.95887495 37.1091564
41.1021737 37.085902
41.26459273 37.06931387
41.33957523 37.07078665
41.51553348 37.08918346
41.7435299 37.12610627
41.88682865 37.15638866
42.05989302 37.20604971
42.16789676 37.28862865
42.202675 37.29725861
42.24753015 37.28224661
42.26851078 37.27658804
42.31284916 37.22961416
42.35899621 37.10858796


# West Bank
# from http://www.rjruss.info/2010/12/free-countries-of-world-in-polygon-kml.html
35.55145308 32.39551647
35.5720203 32.23787751
35.53470991 32.10300202
35.53150598 31.98492137
35.55899784 31.76552908
35.49946659 31.67238231
35.46546349 31.56236319
35.45052901 31.47931916
35.40872277 31.48293651
35.27668949 31.42278514
35.10119632 31.36619945
34.90777144 31.35131664
34.88048628 31.36816315
34.87273482 31.39689525
34.92921716 31.53657665
34.95092126 31.60228323
35.03468876 31.67323497
35.1534412 31.73449738
35.20367069 31.75002615
35.19798628 31.77632945
35.12713789 31.81676626
35.05318892 31.8379536
34.98301232 31.81681794
34.96115319 31.82332917
34.95381514 31.84126089
34.97830977 31.86642731
34.98978194 31.91329784
34.97877486 31.99158763
34.97138513 32.08708568
34.95593387 32.1609313
34.9994971 32.28107901
35.01050418 32.33818146
35.0650745 32.46042206
35.19323205 32.53442272
35.30381961 32.51292532
35.36216231 32.50747346
35.38670861 32.49302989
35.40262495 32.45062938
35.48442875 32.40164012
35.55145308 32.39551647


