# IPBES South_Asia
# Afghanistan
# from http://www.rjruss.info/2010/12/free-countries-of-world-in-polygon-kml.html
74.89132572 37.23162954
74.84021773 37.22506664
74.76735396 37.24917369
74.7389836 37.28563142
74.7266846 37.29074738
74.66896203 37.266692
74.55894291 37.23661632
74.3721326 37.15773225
74.37616336 37.13737173
74.49791304 37.05722158
74.52643843 37.0306599
74.54137292 37.02218496
74.43104374 36.98371186
74.19467573 36.89686962
74.03892297 36.82571117
74.00181929 36.82307567
73.90787154 36.85294465
73.76912031 36.88847219
73.73180993 36.88777456
73.41115767 36.88170258
73.11675703 36.86855093
72.99371545 36.85160106
72.76623579 36.83501293
72.62283369 36.8295869
72.53136641 36.80201752
72.43116581 36.76581818
72.32698612 36.74240876
72.24983321 36.73473481
72.15676395 36.70088675
72.09557905 36.63375906
71.92070601 36.53420441
71.82221073 36.48609365
71.77260135 36.4318334
71.71637739 36.4265624
71.62046594 36.43648428
71.54584517 36.3776765
71.46326623 36.29326305
71.31257775 36.17120331
71.23289269 36.12180065
71.18509199 36.04211559
71.22018029 36.00069693
71.34286014 35.93853018
71.39758548 35.88018749
71.42755781 35.83373037
71.48362674 35.7146162
71.5190251 35.5975174
71.57194177 35.54682282
71.58739302 35.46083324
71.60062219 35.40791657
71.57194177 35.37042532
71.54548343 35.32854157
71.54548343 35.28885407
71.57721276 35.24800385
71.60522139 35.21177867
71.62046594 35.18302074
71.60165571 35.15067129
71.54548343 35.10142365
71.5170614 35.05114248
71.45510135 34.96693574
71.35810469 34.90960073
71.29412927 34.86771699
71.22581302 34.77953115
71.11331343 34.68160432
71.06566776 34.59961966
71.01631677 34.55463532
70.96562219 34.53037324
70.97885135 34.48629324
71.02293135 34.43115449
71.09569177 34.36942699
71.09243615 34.27323131
71.08907718 34.2040624
71.09129927 34.12026907
71.05161177 34.04973074
70.84842004 33.98190542
70.6540133 33.95229483
70.41573327 33.95043448
70.32571293 33.96115733
70.2536243 33.97596263
69.99472538 34.05182364
69.88966719 34.00727855
69.86806644 33.897647
70.05663374 33.71985423
70.13414839 33.62073884
70.21972456 33.45467662
70.28416507 33.36904877
70.26116906 33.28902782
70.09022342 33.19810314
69.92010461 33.11247529
69.70368371 33.09472443
69.56772302 33.06415782
69.50157718 33.02005199
69.45315637 32.83282827
69.40458052 32.76427949
69.40540734 32.68270824
69.35946699 32.59031078
69.28991052 32.53057282
69.24143802 32.43355032
69.25657922 32.24945303
69.27931685 31.93681061
69.18691939 31.83810863
69.08310143 31.73845063
68.97339237 31.6673697
68.86900598 31.6342451
68.78229292 31.64644074
68.71366662 31.70803905
68.67325565 31.75971548
68.59760135 31.80296865
68.52065515 31.79415782
68.44324385 31.75447032
68.31978885 31.76769949
68.21395552 31.80738699
68.16103885 31.80296865
68.13018802 31.76328115
68.01717167 31.67796337
67.73987593 31.54817801
67.62670454 31.53877289
67.57823205 31.50647512
67.59755904 31.45330008
67.64706506 31.40996939
67.73346805 31.37924775
67.73786055 31.34395275
67.66148278 31.31299856
67.59637048 31.27767772
67.45286502 31.23463125
67.28729374 31.21783641
67.11593469 31.24292532
67.02772302 31.30026032
66.92431848 31.30563467
66.82928552 31.26367341
66.73135868 31.19455618
66.62418176 31.04606395
66.5958114 31.01996735
66.56682092 30.99655793
66.49736779 30.96457022
66.39716719 30.91219615
66.34688602 30.80277131
66.28688968 30.60792532
66.30094567 30.50299632
66.30544152 30.32114696
66.28182539 30.19345449
66.23841719 30.10963532
66.24720218 30.04348949
66.31334802 29.96853282
66.28688968 29.92000865
66.23123417 29.86572256
66.17707726 29.8355952
65.96158654 29.77890615
65.66625573 29.70131399
65.47097049 29.65157543
65.18044559 29.57762645
65.09548954 29.55948802
64.91891117 29.55277009
64.82728885 29.56416474
64.70357547 29.56713614
64.52110599 29.56450064
64.39372359 29.54432099
64.2660828 29.50693309
64.17213504 29.46037263
64.11792647 29.41427725
64.09875451 29.39195303
63.97101037 29.43009024
63.56762414 29.49799307
62.47652795 29.40833446
62.37348514 29.42538768
62.00100142 29.53042003
61.52144413 29.66565725
61.22435632 29.74942475
60.84339766 29.85869457
61.10415694 30.12839387
61.33168827 30.36372834
61.55947798 30.59937287
61.78421878 30.83191682
61.81083215 30.9133072
61.81429447 31.07254812
61.7550216 31.28529999
61.66019535 31.38242585
61.34646773 31.42164826
61.11071984 31.45112967
60.854043 31.48324657
60.82076338 31.49518382
60.79161787 31.66060008
60.80433028 31.73449738
60.78753543 31.87717601
60.78991255 31.98709178
60.82727461 32.1679593
60.82934167 32.24940135
60.7104342 32.59997427
60.64449507 32.79438101
60.57654056 32.99485973
60.56196781 33.05878347
60.56052087 33.13782258
60.71803063 33.32354768
60.76686486 33.36382945
60.85926232 33.45622692
60.91703657 33.50524201
60.90690799 33.53898672
60.80639733 33.55867544
60.65457197 33.5604066
60.57385339 33.58831188
60.51080814 33.6389031
60.4859001 33.71189606
60.52703454 33.84196564
60.48579675 34.09479259
60.57018436 34.21964285
60.6426864 34.30715689
60.88949304 34.31943004
60.80391686 34.41800283
60.76262739 34.47526032
60.73616906 34.49179678
60.72624719 34.51825511
60.73947635 34.54471345
60.80231489 34.55463532
60.84530969 34.58770824
60.91476281 34.63401032
60.95114302 34.65385407
60.9577576 34.71007803
60.99083052 34.74976553
61.04043989 34.7993749
61.08012739 34.85559886
61.07020552 34.9217447
61.10658573 35.0011197
61.12312219 35.05072907
61.14958052 35.09372386
61.12642948 35.1565624
61.10658573 35.20947907
61.09997114 35.27231761
61.13965864 35.28885407
61.18926802 35.31200511
61.19918989 35.36161449
61.22564823 35.42445303
61.24549198 35.4740624
61.27856489 35.5137499
61.28187219 35.5534374
61.26202844 35.61958324
61.34471073 35.62950511
61.37778364 35.5931249
61.42181196 35.54578929
61.54273482 35.45786184
61.62097293 35.43233369
61.71977827 35.41941458
61.84101118 35.43148102
61.93805952 35.44788829
61.98389652 35.4437025
62.08967818 35.3796754
62.2130815 35.28996511
62.25282067 35.25022594
62.27116581 35.18911856
62.30785607 35.17077342
62.38661096 35.23123485
62.46283369 35.25138866
62.53311364 35.23989065
62.61057661 35.23314688
62.68814294 35.25534191
62.72271447 35.27133576
62.85800337 35.34967723
62.98021813 35.40915681
63.0565959 35.44582123
63.08413944 35.56808767
63.11927941 35.6375408
63.16971561 35.6781068
63.15080204 35.72825878
63.12997643 35.76673188
63.10858239 35.81869253
63.12997643 35.84621023
63.17886234 35.85843171
63.30164554 35.85840587
63.51698124 35.91313121
63.69660851 35.96783072
63.86248986 36.01234996
63.93809248 36.01973969
64.00966434 36.01211742
64.04237552 36.0250882
64.05131555 36.06764374
64.09224328 36.11267976
64.18433068 36.14890493
64.35806685 36.22605785
64.51102909 36.34067617
64.56585778 36.42759593
64.60259973 36.55453909
64.67432661 36.7502119
64.7530815 36.96479829
64.78238203 37.05928864
64.81633345 37.13210074
64.95162235 37.19354401
65.08970178 37.23793407
65.30359053 37.24677074
65.5549447 37.25116324
65.60801639 37.36841706
65.64124434 37.46784252
65.68294722 37.51915721
65.74387373 37.56086009
65.76500939 37.56912832
65.9007117 37.50809846
66.10845096 37.41477082
66.35029667 37.36815868
66.47183963 37.34472342
66.52227583 37.3484958
66.82768355 37.37131094
67.06885746 37.33482738
67.19546472 37.23519522
67.31974654 37.20958955
67.44170292 37.25798452
67.51725386 37.26666616
67.54650272 37.23566031
67.60737756 37.22250865
67.69998172 37.22726289
67.75289839 37.19979686
67.75899621 37.17222748
67.7660242 37.14011058
67.8344438 37.0641979
67.95795047 36.97200715
68.06781457 36.94981212
68.21209517 37.02151317
68.26098107 37.01308991
68.28475223 37.03634431
68.29953169 37.08843415
68.38686486 37.13747508
68.54654504 37.18346711
68.63697879 37.22447236
68.66917321 37.25842377
68.72322676 37.26800975
68.78208622 37.25798452
68.82373742 37.27072276
68.8384652 37.30283967
68.8553634 37.31684398
68.88528405 37.32805777
68.91179406 37.33394888
68.96047326 37.32506053
69.04997684 37.26651114
69.18020145 37.15827485
69.26484745 37.10840709
69.30391483 37.1169337
69.35383426 37.1500583
69.41450239 37.20778087
69.42969527 37.29085074
69.39920617 37.39931957
69.42008345 37.48670441
69.4921204 37.55305695
69.62575565 37.59403636
69.82088586 37.60959097
69.94062015 37.60028921
69.98495853 37.56615693
70.04469649 37.54721752
70.11983402 37.54349681
70.1887187 37.58248668
70.25145389 37.66418712
70.25496789 37.76536957
70.1994674 37.88600821
70.21466027 37.92442963
70.23874149 37.94119864
70.3132589 37.98481354
70.41774865 38.07545401
70.51856937 38.19198436
70.61582442 38.33443045
70.73592044 38.4225646
70.87885746 38.45641267
71.05218021 38.41786205
71.25588871 38.30696442
71.33273156 38.17028026
71.28281213 38.00791291
71.27852298 37.91840933
71.31996748 37.90184703
71.38967899 37.90631704
71.48776086 37.93189688
71.55194299 37.93313711
71.58222538 37.91008942
71.58036502 37.86425243
71.54615523 37.79565196
71.50502079 37.60292471
71.47964766 37.43603567
71.45479129 37.27183381
71.43288049 37.12755321
71.47184452 37.01510529
71.530859 36.84508983
71.5975216 36.73292613
71.66563114 36.69690766
71.73374068 36.68401439
71.80205692 36.694298
71.94194502 36.7664383
72.15350834 36.90053864
72.3588188 36.98293671
72.65740523 37.02905793
72.75708906 37.17269257
72.89553023 37.26754466
73.21116987 37.40851797
73.38294234 37.46226146
73.48133426 37.47166657
73.60463423 37.4460609
73.63264286 37.43722423
73.65713749 37.43048046
73.72059614 37.4187499
73.73382531 37.37575511
73.71728885 37.32945303
73.64881758 37.29118663
73.62757857 37.26157604
73.65346846 37.23938101
73.7496383 37.23178457
73.94879927 37.28315095
74.07778364 37.31622386
74.16708052 37.32945303
74.20346073 37.37244782
74.25968469 37.41544261
74.34898156 37.4187499
74.44489302 37.39559886
74.52426802 37.3823697
74.65940189 37.39448782
74.73056034 37.35702241
74.83050256 37.28591564
74.8753577 37.24196483
74.89132572 37.23162954


# Bangladesh
# from http://www.rjruss.info/2010/12/free-countries-of-world-in-polygon-kml.html
91.94925093 21.50804149
91.88889286 21.50333893
91.85943729 21.53294953
91.87328657 21.57439403
91.85706017 21.70880443
91.90770308 21.72296377
91.93395471 21.72218863
91.94863081 21.6825528
91.96196333 21.60976655
91.94925093 21.50804149

91.87380334 21.8321044
91.83762984 21.75022309
91.81974979 21.80980602
91.83514937 21.88533112
91.8506523 21.92705984
91.86129764 21.92667227
91.88248498 21.8836258
91.87380334 21.8321044

91.1507467 22.17518423
91.04470666 22.10516267
91.07943322 22.51971101
91.15829146 22.36540518
91.17823856 22.28303295
91.1507467 22.17518423

91.55671675 22.38220002
91.51041467 22.35279613
91.46690311 22.37842764
91.41129927 22.47568268
91.43889448 22.59882762
91.45605106 22.61650096
91.48395633 22.57655508
91.52302372 22.49074636
91.54834517 22.42537568
91.55671675 22.38220002

90.77764286 22.08932384
90.60359663 22.0542097
90.51502323 22.06513927
90.68049116 22.32747468
90.67491011 22.44498688
90.64917525 22.54069164
90.56494266 22.61763784
90.56039514 22.67256989
90.52256799 22.74752656
90.50293094 22.83537649
90.59646529 22.86351431
90.67222293 22.81318146
90.68297163 22.78530203
90.69919803 22.71352346
90.73692183 22.63872183
90.86817997 22.48488109
90.86580285 22.3905716
90.82993941 22.15993968
90.77764286 22.08932384

90.64183719 22.96299144
90.65961389 22.91999665
90.60390669 22.94555065
90.56225549 22.97544546
90.53631392 23.01487458
90.57992883 23.0354418
90.64183719 22.96299144

88.76195194 26.27937816
88.82799442 26.25219636
88.89651737 26.26051626
88.94075239 26.24534923
88.97041467 26.25090445
88.9815251 26.28612193
88.9481938 26.33800507
88.92411258 26.37508291
88.9519145 26.41213491
88.98338545 26.41955048
89.01862878 26.41027456
89.06679121 26.37691743
89.10198286 26.3083428
89.10828739 26.20222525
89.18642215 26.10595205
89.28920658 26.03760997
89.36977014 26.00611319
89.46692183 25.98353059
89.54991418 26.00526053
89.59141035 26.07241405
89.57275516 26.13230703
89.58572595 26.18605052
89.61905724 26.21568696
89.67094038 26.21382661
89.70985274 26.17121939
89.82292077 25.94141429
89.7996147 25.83958588
89.82488447 25.56014558
89.79630741 25.37581574
89.80090661 25.33615408
89.8140841 25.30535493
89.83330773 25.29279755
89.8662773 25.29315929
90.00383996 25.25835521
90.11959517 25.21995962
90.25043989 25.18497468
90.43936893 25.15771536
90.55533085 25.16657787
90.61305342 25.16774059
90.73020389 25.15947236
91.03829878 25.17407095
91.29311527 25.17797252
91.39662316 25.15161754
91.47971887 25.14213491
91.76352583 25.16063508
92.04970991 25.16947175
92.20463586 25.11094819
92.37341109 25.01514008
92.46834069 24.94413666
92.48544559 24.90331228
92.47505863 24.86850821
92.44317427 24.84938793
92.38498661 24.84876781
92.251248 24.89506989
92.22830366 24.88132396
92.23057743 24.78623933
92.22665002 24.77102062
92.19807295 24.6857545
92.11750939 24.49395742
92.10200646 24.40804536
92.08505659 24.38616039
92.06412764 24.37435232
92.00108239 24.37091584
91.95162805 24.3567565
91.93100915 24.32554393
91.89902144 24.26069001
91.87690392 24.19531932
91.84620812 24.17526887
91.77251753 24.21066722
91.72652551 24.20508617
91.66869958 24.19007416
91.61113203 24.15284129
91.57139286 24.10659089
91.52638268 24.09075206
91.39264408 24.10007966
91.36706424 24.09351675
91.35021773 24.06049551
91.33642012 24.01881847
91.23198205 23.92047822
91.19250126 23.76289094
91.16046187 23.66062328
91.16552616 23.58104157
91.2537895 23.37363821
91.31523278 23.10437816
91.33884891 23.07698965
91.35936446 23.06838552
91.36866621 23.07456086
91.36675418 23.13047476
91.37062992 23.19799002
91.39946537 23.21385468
91.43625899 23.19990205
91.47139896 23.14127513
91.51124149 23.03371064
91.55356449 22.99156851
91.61955529 22.97968293
91.69489953 23.00484935
91.75102014 23.05352855
91.77386112 23.10608348
91.75794478 23.20979808
91.75422407 23.28731273
91.79008752 23.36102916
91.91917525 23.47104829
91.93788211 23.50468964
91.92951053 23.59824982
91.92961389 23.68599641
91.97855147 23.69201671
92.04407718 23.67777985
92.12701786 23.72100719
92.15233931 23.72185985
92.18706587 23.67553193
92.24608036 23.68361929
92.28938521 23.492494
92.33424035 23.32382213
92.33382694 23.24240591
92.34126835 23.06980663
92.36162886 22.92901419
92.39315148 22.89702648
92.43046187 22.82181143
92.46446496 22.73442658
92.49138838 22.68538565
92.50963016 22.52570547
92.53185103 22.410312
92.56125492 22.04803437
92.5748975 21.97809032
92.58280399 21.94031485
92.58425093 21.60901724
92.59344933 21.4673463
92.62528202 21.35073843
92.63168989 21.30619335
92.59985721 21.27014903
92.56854129 21.26332775
92.53918908 21.31981009
92.47185469 21.36298574
92.37263594 21.40902945
92.33057132 21.43977692
92.27972171 21.42758129
92.20825321 21.35786978
92.17957279 21.29311921
92.19202681 21.20227204
92.21476444 21.11269094
92.26442549 21.06145376
92.26845625 21.0046872
92.28623294 20.93159089
92.31191613 20.86443736
92.32411177 20.79183198
92.30778202 20.79043671
92.24814741 20.88358348
92.19461063 20.98430085
92.05601444 21.17483185
92.01095259 21.51625804
92.00805871 21.68477489
91.91318078 21.88305736
91.85003218 22.15735586
91.82481408 22.22866934
91.85778364 22.3173461
91.8633647 22.35049653
91.8453813 22.34313264
91.79701216 22.29747651
91.73407027 22.40669465
91.69293583 22.50477652
91.5296383 22.70765819
91.48209598 22.79742015
91.48002892 22.884805
91.40954227 22.79700674
91.31373417 22.73515005
91.21616906 22.64223583
91.15136682 22.61404633
90.94559126 22.59701895
90.82673547 22.72140412
90.65620324 23.02546825
90.63356896 23.09424958
90.65609989 23.27305004
90.61558557 23.44234203
90.61610233 23.5316389
90.60401004 23.59137686
90.5734176 23.57814769
90.56163537 23.53709077
90.56804325 23.47427806
90.5556409 23.42151643
90.40794966 23.43190339
90.26914676 23.45588125
90.39151655 23.36694611
90.52277469 23.34614635
90.59088423 23.26638378
90.59925581 23.20416535
90.5951217 23.13393708
90.52773563 23.08494782
90.46603397 23.05389029
90.47750614 22.9867626
90.55223026 22.90490713
90.4615898 22.88180777
90.43688846 22.82819347
90.43502811 22.75191905
90.48060672 22.68466218
90.49848677 22.63479442
90.48742801 22.58872488
90.53176639 22.53929637
90.59553511 22.43586599
90.61610233 22.36214956
90.58943729 22.25843496
90.55285038 22.21815318
90.49414595 22.17890493
90.35575646 22.04826691
90.28816369 21.89938711
90.23059614 21.82977896
90.1587659 21.81685985
90.13075728 21.84740062
90.07122603 21.88726899
90.06998579 21.95990021
90.08786584 22.01746776
90.20951216 22.15658072
90.14346968 22.13789969
90.06853885 22.09821219
89.95423058 22.02286795
89.91805708 22.11614391
89.89407922 22.20257274
89.89387251 22.30840607
89.98513309 22.46638093
89.88178023 22.38757437
89.85325484 22.28897573
89.86586389 22.1730655
89.85253137 22.09089997
89.81191369 21.98351634
89.75682661 21.91902416
89.66773644 21.87768301
89.6281523 21.81417268
89.56851769 21.76743134
89.56665734 21.86057811
89.54743371 21.98369721
89.48314823 22.27553986
89.46929894 22.2129597
89.50257857 22.03188548
89.50061486 21.91437328
89.45193566 21.82109732
89.35375044 21.72110342
89.27861291 21.70699575
89.23427453 21.72236949
89.16709517 21.7843037
89.09392134 21.87277375
89.08162235 22.01493561
89.05144331 22.09317373
89.05583581 22.18624299
89.0499447 22.27463552
88.9714482 22.51092601
88.92070194 22.63200389
88.92695479 22.67114879
88.92349247 22.68755606
88.89972131 22.84348969
88.86695845 22.93885855
88.8506287 23.04050609
88.92809167 23.18659536
88.89703413 23.2104182
88.80758223 23.22969351
88.72443485 23.25496328
88.70397098 23.29284211
88.74086795 23.43660594
88.69766646 23.49303661
88.63575809 23.54998404
88.61643111 23.57277334
88.59596724 23.60217723
88.56733849 23.67442088
88.62252892 23.8263496
88.69983687 24.00251455
88.7137895 24.06964224
88.72660526 24.18622427
88.73358158 24.23092438
88.72350467 24.27490103
88.642321 24.32595734
88.49855716 24.34662792
88.3969613 24.38926097
88.3375334 24.45385651
88.28714888 24.47974641
88.22503381 24.46062613
88.1454521 24.48579255
88.07904789 24.549923
88.02339237 24.62785106
88.03031701 24.66443797
88.04509647 24.71303966
88.14979292 24.91465526
88.1888603 24.92059805
88.27950077 24.88194408
88.31334883 24.88184073
88.37293176 24.96152578
88.45628584 25.188437
88.57384973 25.18786856
88.67751265 25.18047883
88.74758589 25.16895498
88.8172974 25.17624136
88.89010949 25.19437979
88.92979699 25.22300853
88.95165612 25.25925955
88.94416304 25.29078217
88.85476281 25.33354442
88.82034631 25.36550629
88.79538659 25.45627595
88.76918664 25.49048574
88.59348677 25.49529165
88.5024329 25.53702037
88.45230676 25.57443411
88.36311323 25.69817333
88.2528874 25.78979564
88.14741581 25.81144807
88.10659142 25.84113618
88.08462894 25.88823924
88.09739302 25.95634878
88.129019 26.01823131
88.1507231 26.08714183
88.23516239 26.17809235
88.33396773 26.25751903
88.37799605 26.31203767
88.4403695 26.36950186
88.44781091 26.40102448
88.43675215 26.43709463
88.38626428 26.47153697
88.35143436 26.48256989
88.34585331 26.50479076
88.36993452 26.5641153
88.41814863 26.57153087
88.51824588 26.51776154
88.62015181 26.43066092
88.68061323 26.35299124
88.68283532 26.29170299
88.72216109 26.28183279
88.76195194 26.27937816


# Bhutan
# from http://www.rjruss.info/2010/12/free-countries-of-world-in-polygon-kml.html
91.63190596 27.75995962
91.62585982 27.73732534
91.59764448 27.67701895
91.57935103 27.61144156
91.5947506 27.55764639
91.65810591 27.49361929
91.74306196 27.4425113
91.85127241 27.43863557
91.95100793 27.45829845
91.99079878 27.45021109
92.04495568 27.36471243
92.08345462 27.29060843
92.03115807 27.21430817
92.00258101 27.14738719
91.9922974 27.09989655
91.9986536 27.07927766
92.03089969 27.04083039
92.06810672 26.97520132
92.07337772 26.91484325
92.04970991 26.87484569
91.99834354 26.8549761
91.94377323 26.86081554
91.89860803 26.86006623
91.84207401 26.85298656
91.75375899 26.83076569
91.67159346 26.80200776
91.51754601 26.80730459
91.45584435 26.86688752
91.4268022 26.86709422
91.28655236 26.78991547
91.13390018 26.80340302
90.85577762 26.77771983
90.73966068 26.77169953
90.6203398 26.78022614
90.55987837 26.79655589
90.44763716 26.85076447
90.34588627 26.89032278
90.24232669 26.85414928
90.20610152 26.84750886
90.12295414 26.75459463
89.94317183 26.72395051
89.76385461 26.70154877
89.71088627 26.71389944
89.60996219 26.71945466
89.60613814 26.74113292
89.60918705 26.76219107
89.58608768 26.77893423
89.54515995 26.79622
89.47456994 26.80342886
89.38418786 26.8265799
89.33209802 26.84864574
89.14823327 26.81614126
89.040953 26.86502717
88.91915165 26.93220653
88.85765669 26.96148123
88.83517744 27.0655834
88.81357669 27.09901805
88.76567264 27.1342097
88.7388009 27.17560253
88.76040165 27.21813223
88.88168623 27.29748139
88.89134973 27.31605907
88.94757368 27.46400869
89.02550174 27.51785554
89.10239627 27.59255382
89.16048058 27.71128042
89.27261844 27.83315929
89.39591841 27.95813874
89.48066776 28.05994131
89.53689172 28.10743195
89.6526986 28.1583074
89.74979862 28.18817638
89.8169263 28.25628592
89.89790327 28.2941389
89.98110233 28.31119212
90.10450565 28.3020454
90.22077762 28.27775747
90.3482117 28.24393525
90.36299116 28.21649506
90.35213911 28.1681776
90.3337423 28.11913666
90.33312219 28.09399608
90.35275923 28.08022431
90.47729943 28.07084504
90.63005497 28.07854483
90.71573449 28.07172354
90.90662723 28.0265325
90.96254113 27.99457062
91.02078047 27.970076
91.07777958 27.97446849
91.14991988 28.02676504
91.22588423 28.07125845
91.27301314 28.0783898
91.30680952 28.06402375
91.36758101 28.02164907
91.49336144 27.98178071
91.60560265 27.95170502
91.64187951 27.92325715
91.62937381 27.80086152
91.63190596 27.75995962


# India
# from http://www.rjruss.info/2010/12/free-countries-of-world-in-polygon-kml.html
93.89001102 6.83105622
93.82882613 6.74868399
93.70924686 7.00070995
93.65798384 7.01605785
93.65633019 7.13625723
93.68413211 7.18359284
93.8225216 7.23661286
93.85900516 7.20684724
93.92959517 6.97347647
93.89001102 6.83105622

93.73353478 7.35650218
93.63845015 7.26188264
93.59721236 7.31872671
93.61426558 7.35810415
93.65467655 7.37991161
93.6925037 7.41060741
93.73353478 7.35650218

93.44259647 7.87781403
93.36508182 7.8765738
93.34203413 7.91931021
93.30937463 7.96401032
93.33448937 8.00695344
93.37552046 8.01790884
93.43370812 7.94840404
93.4473507 7.89910472
93.44259647 7.87781403

93.53695764 8.05661449
93.49003543 8.01940746
93.47825321 8.02447175
93.47174198 8.05268708
93.46967492 8.07263418
93.46119999 8.10857514
93.45644575 8.17185293
93.4940662 8.22466625
93.53168664 8.21376252
93.51163618 8.15976065
93.53695764 8.05661449

73.06740604 8.26910798
73.05335005 8.25670563
73.03882897 8.25197724
73.02854536 8.2535017
73.0234294 8.26590404
73.02606489 8.27530915
73.038984 8.26484467
73.0558822 8.27455984
73.07515751 8.30634085
73.07955 8.3165211
73.08358076 8.3110434
73.07980838 8.29308584
73.06740604 8.26910798

93.14070275 8.24952261
93.17057173 8.2120572
93.11527795 8.21851675
93.06422163 8.27494741
93.07755415 8.32786408
93.09698449 8.34936148
93.14070275 8.24952261

92.78744266 9.13665192
92.74351769 9.13096752
92.7165426 9.16507396
92.71333866 9.20486481
92.73855676 9.23065135
92.76212121 9.24390636
92.78578902 9.24052155
92.80925012 9.17339387
92.78744266 9.13665192

92.50280887 10.55488577
92.47262984 10.52075349
92.36958703 10.54741852
92.37713179 10.65056468
92.35284387 10.75112702
92.37072391 10.7935017
92.44782515 10.86553864
92.51035363 10.89747468
92.55396854 10.79980622
92.57432905 10.7042565
92.50280887 10.55488577

72.78034346 11.20246898
72.77305708 11.19611278
72.77243696 11.21427705
72.78184208 11.2433192
72.79269413 11.2627237
72.79594974 11.26044994
72.79290083 11.24153636
72.78793989 11.21590485
72.78034346 11.20246898

92.69318485 11.38116608
92.64450565 11.36132233
92.5957231 11.38643708
92.6338603 11.4267447
92.64026818 11.50911693
92.68998091 11.46343496
92.68719038 11.41124177
92.69318485 11.38116608

93.01740279 12.03683666
93.06215458 11.89942902
92.98174605 11.95947704
92.95539107 12.00242015
92.99580204 12.03177237
93.01740279 12.03683666

92.71757613 12.86489981
92.68574344 12.79994253
92.67964562 12.93926219
92.69442508 12.9567805
92.71065148 12.96158641
92.73090864 12.94851227
92.71757613 12.86489981

92.72274377 11.53606619
92.70072961 11.51252757
92.66838016 11.53872753
92.57556929 11.71819977
92.55965295 11.83343822
92.53391808 11.8733841
92.56647424 11.93053823
92.60750532 11.94952932
92.6318966 12.01389232
92.64057824 12.11223257
92.67644168 12.19238272
92.69473514 12.21470694
92.76925256 12.21558544
92.78826948 12.22576569
92.77762414 12.30255687
92.73411258 12.33593985
92.71891971 12.35733389
92.72067671 12.54125031
92.73204553 12.6156127
92.75922733 12.66909781
92.7400037 12.77963369
92.75312951 12.82087149
92.80707971 12.87890412
92.83085086 13.0026175
92.80894006 13.03961782
92.86009973 13.23056224
92.8573092 13.35809968
92.92459191 13.48584382
93.02939172 13.54382477
93.06225793 13.54547842
93.0667021 13.43646699
93.07662398 13.40068106
93.0160592 13.33618887
93.07383345 13.25211131
93.06608198 13.22157054
93.04293094 13.15485627
93.00469038 13.08938223
92.9513603 13.06251048
92.91001916 12.97517731
92.886248 12.9423111
92.96500288 12.85048208
92.99022098 12.53851146
92.93265344 12.45309032
92.86361372 12.4360371
92.87953006 12.2279361
92.86712772 12.18142731
92.79881148 12.07926301
92.78620243 12.03466625
92.74765181 11.99275666
92.76398156 11.94040843
92.79674442 11.91751577
92.79757124 11.87467601
92.76697879 11.76465689
92.76460168 11.63913483
92.72274377 11.53606619

78.71967085 31.88766633
78.71708703 31.89099946
78.6583826 31.96533601
78.71967085 31.88766633
78.68701135 31.8055008
78.6934709 31.74036266
78.75388065 31.66835155
78.80297326 31.61807038
78.75506921 31.5502709
78.72669885 31.47182608
78.75863488 31.43658275
78.74349369 31.32379894
78.75780806 31.30248241
78.79165612 31.29364574
78.84452111 31.30150056
78.88493208 31.24625845
78.84855187 31.29599702
78.84452111 31.30150056
78.89950484 31.33136953
78.94601362 31.33720897
78.9739189 31.32863068
79.01107425 31.4141035
79.04378543 31.42622163
79.10714074 31.40265717
79.23261112 31.2417626
79.33875451 31.10569855
79.36123376 31.08696585
79.36965702 31.07991201
79.38846724 31.06420238
79.49316369 30.99371573
79.56545902 30.94909313
79.66426436 30.96521617
79.79459232 30.96826508
79.87190026 30.92462434
79.91660038 30.89418692
79.9185124 30.88989777
79.92452253 30.88879335
79.92455855 30.88878673
80.08149987 30.78191987
80.14945438 30.7898522
80.19430952 30.75920808
80.20712528 30.68373465
80.186248 30.60531566
80.19120894 30.56841869
80.26097212 30.56133902
80.40959354 30.50945588
80.54095503 30.46354137
80.60885786 30.4488911
80.68213504 30.41483633
80.74678226 30.36042105
80.87354455 30.29058035
80.9854757 30.23712108
81.01022871 30.16451569
80.96614872 30.18001862
80.90765099 30.17190542
80.84817142 30.13976268
80.81990441 30.11935049
80.68409875 29.99431936
80.61288863 29.95584626
80.54906823 29.89977733
80.40184208 29.73025279
80.31688602 29.57207123
80.2548743 29.42332062
80.25595951 29.31802989
80.23296349 29.19462657
80.16955651 29.12432079
80.13048913 29.1003946
80.08460046 28.99417369
80.05163089 28.87033112
80.0706995 28.83017853
80.14966109 28.77604747
80.22655562 28.72336335
80.32484419 28.66639008
80.41858524 28.61202648
80.47915002 28.60489513
80.49578983 28.63579763
80.51790734 28.66517569
80.58699873 28.64962108
80.67133467 28.59623933
80.72621504 28.55391633
80.75076135 28.53970531
80.89612715 28.46854686
81.01658491 28.40958405
81.16892704 28.33501496
81.20623742 28.28938467
81.23900028 28.2408605
81.31083052 28.17636831
81.48601363 28.06221507
81.63551354 27.98046296
81.75721154 27.9138262
81.85260624 27.86708487
81.89684126 27.8744746
81.9452104 27.89927928
81.98763675 27.91374868
82.03698775 27.90059703
82.1118669 27.86496613
82.2877218 27.75654898
82.45138106 27.67182547
82.62992313 27.68707001
82.6773621 27.67345327
82.71084842 27.5966621
82.73337935 27.51899242
82.9327987 27.46767772
83.06400516 27.44455252
83.21386682 27.4022812
83.28972782 27.37101695
83.36941288 27.4102652
83.38393395 27.4448109
83.44713423 27.46535228
83.55162398 27.45636058
83.74696089 27.39595083
83.82881636 27.3778124
83.89718428 27.43512157
84.02482507 27.46168325
84.09107425 27.49134553
84.2297738 27.42783519
84.48081791 27.34820181
84.61021569 27.29869579
84.64075646 27.24986156
84.65481245 27.20366283
84.6538306 27.09168
84.6854049 27.0410371
84.93717248 26.92688386
85.02006148 26.87851472
85.08734419 26.86296011
85.12537805 26.86099641
85.15152632 26.84663036
85.17410892 26.78156973
85.19178226 26.76653189
85.24020308 26.75035716
85.29301639 26.74100373
85.45641727 26.79722769
85.56845178 26.83983491
85.64839522 26.82898286
85.69991662 26.78162141
85.7074097 26.71265921
85.73733036 26.63974376
85.79458784 26.60416454
85.85572106 26.60018545
86.00728804 26.64938142
86.12939945 26.6117093
86.24158898 26.59801504
86.36612918 26.57439891
86.41439497 26.55631216
86.54363773 26.49600576
86.70140588 26.43505341
86.76248742 26.44192638
87.01642541 26.55543366
87.0379228 26.54161022
87.08954756 26.4332189
87.16680383 26.39425487
87.28741662 26.36030345
87.41355879 26.42296113
87.51303592 26.40500357
87.63333866 26.39911245
87.74878381 26.42931733
87.84924279 26.43688793
87.99507368 26.38236929
88.02700972 26.39503002
88.05491499 26.43001496
88.11155236 26.58643952
88.16157515 26.72477733
88.15723433 26.80730459
88.1110356 26.92845999
87.99316166 27.08607311
87.98442834 27.13395132
88.02411584 27.40886994
88.06788578 27.56736156
88.1055579 27.64244741
88.14700239 27.74921092
88.1542371 27.79869111
88.15030969 27.84331371
88.10979536 27.87059886
88.09894331 27.90455028
88.10896854 27.93302399
88.14111128 27.9489145
88.27515995 27.96883576
88.42595178 28.01167552
88.48610314 28.03446483
88.53163008 28.05735749
88.57793216 28.09335012
88.62108198 28.09182567
88.75621585 28.03968415
88.8037065 28.00692129
88.82861454 27.90726329
88.84876835 27.868661
88.82990645 27.76740103
88.74903283 27.5218863
88.7648975 27.42987641
88.83254195 27.36282624
88.89134973 27.31605907
88.88168623 27.29748139
88.76040165 27.21813223
88.7388009 27.17560253
88.76567264 27.1342097
88.81357669 27.09901805
88.83517744 27.0655834
88.85765669 26.96148123
88.91915165 26.93220653
89.040953 26.86502717
89.14823327 26.81614126
89.33209802 26.84864574
89.38418786 26.8265799
89.47456994 26.80342886
89.54515995 26.79622
89.58608768 26.77893423
89.60918705 26.76219107
89.60613814 26.74113292
89.60996219 26.71945466
89.71088627 26.71389944
89.76385461 26.70154877
89.94317183 26.72395051
90.12295414 26.75459463
90.20610152 26.84750886
90.24232669 26.85414928
90.34588627 26.89032278
90.44763716 26.85076447
90.55987837 26.79655589
90.6203398 26.78022614
90.73966068 26.77169953
90.85577762 26.77771983
91.13390018 26.80340302
91.28655236 26.78991547
91.4268022 26.86709422
91.45584435 26.86688752
91.51754601 26.80730459
91.67159346 26.80200776
91.75375899 26.83076569
91.84207401 26.85298656
91.89860803 26.86006623
91.94377323 26.86081554
91.99834354 26.8549761
92.04970991 26.87484569
92.07337772 26.91484325
92.06810672 26.97520132
92.03089969 27.04083039
91.9986536 27.07927766
91.9922974 27.09989655
92.00258101 27.14738719
92.03115807 27.21430817
92.08345462 27.29060843
92.04495568 27.36471243
91.99079878 27.45021109
91.95100793 27.45829845
91.85127241 27.43863557
91.74306196 27.4425113
91.65810591 27.49361929
91.5947506 27.55764639
91.57935103 27.61144156
91.59764448 27.67701895
91.62585982 27.73732534
91.63190596 27.75995962
91.71257287 27.75983043
91.82471073 27.7464204
91.9094084 27.72967723
91.97767297 27.73034903
92.10128299 27.80763113
92.15755863 27.81225617
92.22225752 27.82693228
92.25052453 27.84147919
92.27005822 27.83021373
92.34106164 27.82075694
92.41485558 27.82460684
92.48069136 27.84594921
92.54673384 27.87917715
92.6643494 27.94894033
92.68775882 27.98898957
92.68744877 28.02573151
92.66558963 28.04986441
92.64347212 28.06154328
92.65256717 28.09337596
92.70186649 28.14711945
92.8818555 28.22812226
93.03497277 28.32765107
93.11920536 28.40229768
93.15775598 28.49273143
93.20653853 28.5908133
93.25196211 28.62946727
93.3605343 28.65406525
93.66490848 28.69023876
93.76076826 28.72977123
93.90225834 28.80320344
93.97362349 28.86079682
94.01331099 28.90753815
94.01765181 28.95952464
94.11154789 28.97588024
94.19345503 29.05993195
94.2932939 29.14462962
94.46806359 29.21620148
94.62298954 29.312423
94.67704308 29.29702342
94.7333704 29.25159984
94.76313602 29.20129283
94.76944055 29.17586803
94.96751631 29.14406118
94.99888391 29.14917715
95.1447148 29.10406363
95.27907352 29.04954499
95.35307417 29.03590241
95.38924767 29.03740103
95.42020186 29.05429922
95.45653039 29.10228079
95.4937891 29.13700735
95.51694014 29.15119253
95.51580326 29.20633129
95.71036502 29.31381826
95.88503137 29.39094534
96.03530643 29.44714346
96.07959313 29.42414745
96.12847904 29.3813852
96.1947799 29.27245128
96.23498417 29.24578624
96.33720015 29.26100495
96.35580366 29.24906769
96.33973229 29.20979361
96.27053755 29.16121776
96.18082726 29.11765453
96.12232954 29.0820753
96.14134647 28.96345205
96.13716068 28.92260183
96.16222375 28.90970856
96.34686364 29.02742748
96.43569543 29.05068187
96.46706302 29.02228567
96.47713993 28.95931794
96.5500037 28.82961009
96.5809062 28.76367097
96.39559452 28.60652294
96.32738163 28.52539094
96.3298621 28.49681387
96.32614139 28.46854686
96.27890913 28.42818757
96.28149295 28.41206452
96.31983687 28.38651053
96.36644901 28.36726105
96.38908329 28.36793285
96.42768558 28.40601838
96.60266198 28.4599169
96.6528398 28.44973664
96.77582971 28.36705435
96.83303552 28.36240347
96.98088179 28.33770213
97.07534631 28.36896638
97.14516117 28.34031179
97.28949344 28.23682974
97.32251468 28.21799368
97.31026737 28.15520681
97.30277429 28.08598623
97.33915449 28.03087332
97.34354699 27.98234915
97.33512373 27.93772655
97.30618493 27.90708242
97.22608646 27.89005504
97.15782189 27.83687999
97.0497148 27.7600113
96.96279504 27.6982838
96.89969811 27.64386852
96.87685713 27.58674022
96.88362674 27.5148583
96.9019202 27.43959158
97.10376835 27.16332937
97.10206302 27.11542532
97.0380876 27.10204112
96.95338993 27.13327953
96.88026778 27.17782461
96.79779219 27.29621532
96.73164636 27.33151032
96.66575891 27.33926179
96.27420658 27.27836111
96.19080082 27.26128205
96.06145471 27.2170987
95.9709176 27.12808605
95.90528853 27.04664399
95.83728234 27.01380362
95.73837365 26.95042247
95.46381677 26.75604157
95.30506677 26.67224824
95.20145552 26.64139741
95.1286951 26.59729157
95.08942101 26.52551301
95.05981042 26.4739916
95.0508704 26.34728099
95.06895715 26.19114065
95.10843794 26.09143098
95.12931522 26.07039867
95.13246748 26.04125316
95.09293501 25.98730296
95.04074182 25.94131094
95.01521366 25.91294058
94.99195926 25.77046865
94.94576053 25.70024038
94.86111454 25.59719758
94.78587365 25.51932119
94.66774133 25.45885977
94.62288618 25.41002554
94.57994307 25.31985017
94.55441491 25.24344656
94.55301965 25.21572215
94.5665072 25.19151175
94.61565148 25.16458832
94.67528609 25.13856924
94.7037598 25.09784821
94.70758386 25.0487556
94.66329715 24.93098501
94.58407718 24.76724824
94.49317834 24.63764374
94.39943729 24.51405956
94.3772681 24.47375194
94.29303552 24.3218749
94.21970666 24.11317963
94.17025231 23.97264558
94.12767093 23.87647573
94.07475427 23.87208324
94.01083052 23.90293407
93.85549116 23.94391348
93.755859 23.97690888
93.68335697 24.00651948
93.63328251 24.00535676
93.56403609 23.98608145
93.49380781 23.97285228
93.45215661 23.9873992
93.35557336 24.07411225
93.32627282 24.06419038
93.30735925 24.02186738
93.37252323 23.7741564
93.41494958 23.68209483
93.40807661 23.52804739
93.39128177 23.33917003
93.366012 23.13251598
93.34937219 23.08494782
93.30803104 23.03037751
93.25346073 23.0154947
93.20385135 23.03699209
93.16416385 23.03203115
93.15093469 22.99730459
93.16251021 22.90795604
93.11424442 22.80571422
93.07869103 22.71822602
93.0881995 22.63324413
93.10504601 22.54709951
93.16199344 22.36018586
93.16240685 22.29189545
93.15114139 22.23063304
93.12147912 22.2051824
93.07057783 22.20941987
93.04298262 22.18399506
93.02195031 22.14567699
92.96453779 22.00377351
92.90945072 21.98891653
92.85431196 22.01012971
92.77142297 22.10480093
92.72098677 22.13244782
92.68894738 22.13097504
92.67468469 22.10598949
92.65261885 22.04930044
92.63034631 22.01131826
92.5748975 21.97809032
92.56125492 22.04803437
92.53185103 22.410312
92.50963016 22.52570547
92.49138838 22.68538565
92.46446496 22.73442658
92.43046187 22.82181143
92.39315148 22.89702648
92.36162886 22.92901419
92.34126835 23.06980663
92.33382694 23.24240591
92.33424035 23.32382213
92.28938521 23.492494
92.24608036 23.68361929
92.18706587 23.67553193
92.15233931 23.72185985
92.12701786 23.72100719
92.04407718 23.67777985
91.97855147 23.69201671
91.92961389 23.68599641
91.92951053 23.59824982
91.93788211 23.50468964
91.91917525 23.47104829
91.79008752 23.36102916
91.75422407 23.28731273
91.75794478 23.20979808
91.77386112 23.10608348
91.75102014 23.05352855
91.69489953 23.00484935
91.61955529 22.97968293
91.55356449 22.99156851
91.51124149 23.03371064
91.47139896 23.14127513
91.43625899 23.19990205
91.39946537 23.21385468
91.37062992 23.19799002
91.36675418 23.13047476
91.36866621 23.07456086
91.35936446 23.06838552
91.33884891 23.07698965
91.31523278 23.10437816
91.2537895 23.37363821
91.16552616 23.58104157
91.16046187 23.66062328
91.19250126 23.76289094
91.23198205 23.92047822
91.33642012 24.01881847
91.35021773 24.06049551
91.36706424 24.09351675
91.39264408 24.10007966
91.52638268 24.09075206
91.57139286 24.10659089
91.61113203 24.15284129
91.66869958 24.19007416
91.72652551 24.20508617
91.77251753 24.21066722
91.84620812 24.17526887
91.87690392 24.19531932
91.89902144 24.26069001
91.93100915 24.32554393
91.95162805 24.3567565
92.00108239 24.37091584
92.06412764 24.37435232
92.08505659 24.38616039
92.10200646 24.40804536
92.11750939 24.49395742
92.19807295 24.6857545
92.22665002 24.77102062
92.23057743 24.78623933
92.22830366 24.88132396
92.251248 24.89506989
92.38498661 24.84876781
92.44317427 24.84938793
92.47505863 24.86850821
92.48544559 24.90331228
92.46834069 24.94413666
92.37341109 25.01514008
92.20463586 25.11094819
92.04970991 25.16947175
91.76352583 25.16063508
91.47971887 25.14213491
91.39662316 25.15161754
91.29311527 25.17797252
91.03829878 25.17407095
90.73020389 25.15947236
90.61305342 25.16774059
90.55533085 25.16657787
90.43936893 25.15771536
90.25043989 25.18497468
90.11959517 25.21995962
90.00383996 25.25835521
89.8662773 25.29315929
89.83330773 25.29279755
89.8140841 25.30535493
89.80090661 25.33615408
89.79630741 25.37581574
89.82488447 25.56014558
89.7996147 25.83958588
89.82292077 25.94141429
89.70985274 26.17121939
89.67094038 26.21382661
89.61905724 26.21568696
89.58572595 26.18605052
89.57275516 26.13230703
89.59141035 26.07241405
89.54991418 26.00526053
89.46692183 25.98353059
89.36977014 26.00611319
89.28920658 26.03760997
89.18642215 26.10595205
89.10828739 26.20222525
89.10198286 26.3083428
89.06679121 26.37691743
89.01862878 26.41027456
88.98338545 26.41955048
88.9519145 26.41213491
88.92411258 26.37508291
88.9481938 26.33800507
88.9815251 26.28612193
88.97041467 26.25090445
88.94075239 26.24534923
88.89651737 26.26051626
88.82799442 26.25219636
88.76195194 26.27937816
88.72216109 26.28183279
88.68283532 26.29170299
88.68061323 26.35299124
88.62015181 26.43066092
88.51824588 26.51776154
88.41814863 26.57153087
88.36993452 26.5641153
88.34585331 26.50479076
88.35143436 26.48256989
88.38626428 26.47153697
88.43675215 26.43709463
88.44781091 26.40102448
88.4403695 26.36950186
88.37799605 26.31203767
88.33396773 26.25751903
88.23516239 26.17809235
88.1507231 26.08714183
88.129019 26.01823131
88.09739302 25.95634878
88.08462894 25.88823924
88.10659142 25.84113618
88.14741581 25.81144807
88.2528874 25.78979564
88.36311323 25.69817333
88.45230676 25.57443411
88.5024329 25.53702037
88.59348677 25.49529165
88.76918664 25.49048574
88.79538659 25.45627595
88.82034631 25.36550629
88.85476281 25.33354442
88.94416304 25.29078217
88.95165612 25.25925955
88.92979699 25.22300853
88.89010949 25.19437979
88.8172974 25.17624136
88.74758589 25.16895498
88.67751265 25.18047883
88.57384973 25.18786856
88.45628584 25.188437
88.37293176 24.96152578
88.31334883 24.88184073
88.27950077 24.88194408
88.1888603 24.92059805
88.14979292 24.91465526
88.04509647 24.71303966
88.03031701 24.66443797
88.02339237 24.62785106
88.07904789 24.549923
88.1454521 24.48579255
88.22503381 24.46062613
88.28714888 24.47974641
88.3375334 24.45385651
88.3969613 24.38926097
88.49855716 24.34662792
88.642321 24.32595734
88.72350467 24.27490103
88.73358158 24.23092438
88.72660526 24.18622427
88.7137895 24.06964224
88.69983687 24.00251455
88.62252892 23.8263496
88.56733849 23.67442088
88.59596724 23.60217723
88.61643111 23.57277334
88.63575809 23.54998404
88.69766646 23.49303661
88.74086795 23.43660594
88.70397098 23.29284211
88.72443485 23.25496328
88.80758223 23.22969351
88.89703413 23.2104182
88.92809167 23.18659536
88.8506287 23.04050609
88.86695845 22.93885855
88.89972131 22.84348969
88.92349247 22.68755606
88.92695479 22.67114879
88.92070194 22.63200389
88.9714482 22.51092601
89.0499447 22.27463552
89.05583581 22.18624299
89.05144331 22.09317373
89.02798221 21.93721426
88.94933068 21.93793773
89.01961063 21.83365469
89.04193485 21.75867219
89.05165002 21.65410493
88.96710738 21.64136669
88.90736942 21.65309724
88.85755334 21.74466787
88.8344023 21.66136546
88.74500207 21.58436758
88.71296268 21.62196219
88.69466922 21.66239899
88.69115523 21.73350576
88.74024784 22.00542715
88.73032596 22.03607128
88.7083118 22.05614757
88.65952925 22.06694794
88.64154585 22.12195751
88.56682173 21.8321044
88.59979129 21.71376537
88.58470178 21.65973766
88.44600223 21.6142624
88.30544234 21.72332551
88.28745894 21.7582071
88.27919071 21.69689301
88.25366255 21.62229808
88.12209435 21.63581147
88.05677534 21.69412832
88.09946008 21.79352794
88.18100549 22.03291901
88.19630171 22.13955333
88.08705773 22.21771393
87.99445357 22.26566966
87.94143355 22.37429352
87.96158736 22.25502432
88.01078332 22.21264964
88.08302697 22.18272899
88.15930139 22.12172496
88.10411096 22.04738841
88.05078088 22.00108633
87.94846154 21.82543814
87.82371463 21.72735627
87.6781938 21.65351065
87.20070357 21.54488679
87.10065799 21.50075511
86.95410363 21.36531118
86.85953576 21.23674022
86.84227583 21.10636058
86.89581262 20.96559398
86.93932417 20.74506481
86.97549767 20.70013215
86.92454471 20.6197753
86.83597131 20.53432831
86.76248742 20.41911571
86.76920536 20.35588959
86.75039514 20.3132307
86.49873091 20.17163727
86.44581424 20.08892914
86.37656782 20.00671194
86.29367883 20.05376333
86.24520633 20.05303986
86.31197228 19.98777253
86.30298058 19.94467438
86.27951948 19.91945629
86.21616418 19.89578848
85.85287886 19.79176382
85.57496301 19.69290681
85.49693159 19.69691173
85.51109094 19.7269099
85.55977014 19.75347158
85.55511926 19.86687552
85.50406294 19.88767528
85.45993127 19.89589183
85.24857466 19.75765738
85.16279178 19.6208957
85.18077518 19.59487661
85.2285242 19.60133617
85.3708411 19.67890249
85.43688358 19.65688833
85.44163781 19.62655427
85.22552697 19.50837027
84.77098107 19.12539623
84.74979374 19.05010366
84.69077925 18.96468252
84.60933719 18.88432567
84.46278283 18.6897639
84.18176639 18.40058259
84.10414839 18.2926822
83.65425337 18.06985342
83.57229455 18.00360423
83.38801639 17.78666657
83.19836389 17.609003
82.9768787 17.46182852
82.59312951 17.27393301
82.35955204 17.09621776
82.28648156 16.97808544
82.28193404 16.9360725
82.30725549 16.87858247
82.35004357 16.82517487
82.35975874 16.7828002
82.33867476 16.70652578
82.32709924 16.66435782
82.25878299 16.55986807
82.14147749 16.48535065
81.76196577 16.32949453
81.71173628 16.33445547
81.40188439 16.36525462
81.28612918 16.33703929
81.23858687 16.26396882
81.13213342 15.96176504
81.03002079 15.88145987
80.99343387 15.80875113
80.97875777 15.7583666
80.91777958 15.75968435
80.86475956 15.78221528
80.82600223 15.76591136
80.78187056 15.8673522
80.70786991 15.88810029
80.64658166 15.89499909
80.38489221 15.79278311
80.29342492 15.71072093
80.10108524 15.32361278
80.05343957 15.07401561
80.09860477 14.79821849
80.16537072 14.57781851
80.17870324 14.47834138
80.17012495 14.34940868
80.13622521 14.28657014
80.11173058 14.21223359
80.14366662 14.05893545
80.22438521 13.85822419
80.2441256 13.77347484
80.24577925 13.68585745
80.30655073 13.48504283
80.265623 13.52129385
80.23337691 13.60578482
80.15627567 13.71378856
80.06212121 13.6062499
80.11421105 13.52873526
80.29032433 13.43669953
80.34241418 13.36130362
80.22913944 12.69033682
80.1430465 12.45200511
80.03752323 12.29578726
79.98171268 12.23545502
79.85851607 11.98877757
79.7713896 11.69024282
79.75412967 11.57531444
79.79340376 11.44666596
79.74896203 11.37059825
79.69315148 11.31253978
79.79898482 11.33868806
79.83526167 11.2688732
79.84859419 11.19688793
79.85024784 10.76885204
79.83815555 10.32257437
79.7569202 10.30433259
79.66741662 10.29968171
79.58855838 10.31234243
79.53161096 10.32965404
79.3905343 10.30593456
79.31456994 10.25668692
79.25359175 10.17477977
79.25782922 10.03520173
78.99634647 9.68313019
78.93991581 9.56577302
78.91914188 9.45286001
78.95314497 9.39379385
79.01991092 9.33333242
79.10703739 9.30891531
79.27550256 9.28460155
79.3563245 9.25214875
79.41141157 9.19235912
79.21287072 9.25599864
78.97960331 9.26858185
78.42149784 9.10502595
78.27453006 8.99020091
78.19246789 8.89087881
78.13603723 8.66339916
78.12632206 8.51131542
78.06017622 8.38455313
77.77027144 8.18983633
77.58723351 8.12989167
77.51757368 8.07831859
77.30146284 8.14529125
77.06592167 8.31592683
76.96690962 8.40729076
76.61726688 8.8470572
76.55339481 8.90276439
76.48290816 9.09076325
76.47174605 9.16083649
76.45231571 9.18879344
76.41903609 9.20781037
76.40311974 9.23680085
76.32457157 9.45208487
76.29242883 9.6764381
76.24240604 9.92709463
76.28467736 9.90986054
76.34307173 9.82735912
76.37232059 9.70736644
76.37562788 9.53988312
76.41955285 9.52045279
76.45882694 9.53623994
76.34648237 9.92213369
76.24871057 10.0179418
76.222769 10.02424632
76.19558719 10.08615469
76.19269331 10.16377269
76.20147831 10.20064383
76.12334354 10.32701854
76.09605838 10.40225943
75.92252892 10.78409658
75.84460086 11.05756826
75.72378137 11.36178742
75.64606001 11.4683959
75.52451704 11.70311026
75.42261112 11.8121992
75.31460737 11.95844351
75.22975467 12.02334911
75.19668176 12.05750723
74.9455343 12.56455638
74.86822635 12.84456513
74.80290734 12.9768568
74.7705579 13.07734162
74.68229455 13.5069278
74.68167443 13.58371898
74.67092573 13.66764151
74.6085006 13.8496459
74.49853316 14.0463264
74.46670047 14.16885122
74.46701053 14.21649689
74.397144 14.40744131
74.38226118 14.49474864
74.33502892 14.57544139
74.28035526 14.64949372
74.22299442 14.70886994
74.08873905 14.90221731
74.04067997 14.94937206
73.94921268 15.07473908
73.88430708 15.30643037
73.80079797 15.39699331
73.93195275 15.39696747
73.85195764 15.48249197
73.81382043 15.5385609
73.77175581 15.57305492
73.83283736 15.65935456
73.73279178 15.65692577
73.67987512 15.70886058
73.60773482 15.8710729
73.47606327 16.05426586
73.45373905 16.15208934
73.33757043 16.45987417
73.2391785 17.1985371
73.1490548 17.52745759
73.1560828 17.62192211
73.04714888 17.9067626
72.99392215 18.09770702
72.9721147 18.25929922
72.9431759 18.36559764
72.91713098 18.57612743
72.87547977 18.6428417
72.87093224 18.68304597
72.89873417 18.77895742
72.97686893 18.92721711
73.00560103 19.02111319
72.97201135 19.1533015
72.90069787 19.0144986
72.83465539 18.97561209
72.80302941 19.07930085
72.80271935 19.21872386
72.79455448 19.252081
72.8116077 19.29889985
72.98720422 19.27745413
72.78793989 19.36297862
72.76396203 19.41318228
72.75641727 19.45054434
72.79941206 19.51984243
72.72654829 19.57826264
72.69740279 19.75711477
72.67600874 19.79796499
72.66774051 19.83093456
72.70897831 20.07805126
72.88116418 20.5631896
72.89377323 20.67274364
72.87889042 20.82849641
72.8405465 20.952494
72.8243201 21.08359711
72.81388146 21.11721263
72.75155969 21.12914989
72.69244185 21.17762238
72.62381555 21.37195161
72.68655073 21.43572032
72.73481652 21.47078278
72.66836063 21.45589997
72.61327355 21.46184276
72.71755659 21.55129466
72.81057417 21.61992097
73.02244754 21.69960602
73.11246789 21.75045563
72.97914269 21.70467032
72.83971968 21.68725536
72.54309696 21.69660879
72.59249963 21.87757966
72.64407271 21.93798941
72.70019331 21.97194082
72.61751102 21.96173473
72.52221968 21.97620413
72.55301883 22.15993968
72.62794966 22.19962718
72.7087716 22.20717194
72.80923058 22.23329438
72.70195031 22.26360261
72.59012251 22.27812368
72.45597049 22.24809968
72.33256717 22.27021719
72.18280887 22.26970043
72.24254683 22.24517996
72.3064189 22.18921438
72.27437951 22.08976309
72.24430383 22.02764802
72.16172489 21.98483409
72.09444217 21.91995433
72.0755286 21.86298107
72.03718469 21.82306102
72.10291711 21.79458731
72.17092329 21.77433015
72.21030073 21.72820893
72.25660282 21.66121044
72.254019 21.53098583
72.07656213 21.22407949
72.01527388 21.15571157
71.57106327 20.97055492
71.39650028 20.86978587
71.02463667 20.73888947
70.87973596 20.7144982
70.71933231 20.74043976
70.48503137 20.84017528
70.1273271 21.09468171
70.03441288 21.17881094
69.7484355 21.50571605
69.54203983 21.67857372
69.38546024 21.8395458
69.19167362 21.99152619
69.0088424 22.19678498
68.96987837 22.29026765
68.98352095 22.38540396
69.05163049 22.4372871
69.13131555 22.41625479
69.19425744 22.3360788
69.23890588 22.30018952
69.27652632 22.28551341
69.54917118 22.40842581
69.65521122 22.40354239
69.72755822 22.46519237
69.81902551 22.4517565
70.00588749 22.54771963
70.08422896 22.55350739
70.17724654 22.57273102
70.32772831 22.81576529
70.44048628 22.97032949
70.5134534 23.00247224
70.50931929 23.04011852
70.48926883 23.08949535
70.43459517 23.077093
70.39625126 23.03011913
70.36793257 22.9735076
70.33951053 22.93973705
70.25114383 22.97089794
70.19171594 22.96565278
70.11823205 22.94702342
69.84982466 22.85643464
69.73965051 22.77519929
69.66461633 22.75907624
69.23590864 22.84852814
68.81712284 23.05368358
68.6406995 23.18995433
68.52918176 23.36405223
68.41745731 23.57150727
68.45383752 23.62951407
68.62716027 23.75415762
68.77681522 23.85208446
68.64235314 23.80846955
68.49693566 23.74800812
68.42489872 23.70558177
68.34335331 23.61685334
68.23493615 23.59695791
68.19204471 23.72891368
68.16506961 23.85730378
68.23421268 23.90055695
68.28253015 23.9279713
68.38128381 23.9508898
68.48871911 23.96724539
68.58659427 23.96659943
68.72410526 23.9646874
68.72813602 24.26562511
68.73960819 24.29200593
68.75893517 24.30725047
68.78115604 24.31371003
68.79996626 24.30905915
68.82828495 24.2639973
68.86342492 24.26647777
68.90083866 24.29244518
68.98455448 24.27309235
69.05152713 24.28632152
69.11953332 24.26864818
69.23508182 24.26823477
69.4434412 24.27536612
69.5591964 24.27309235
69.63412723 24.2251883
69.71618941 24.17260753
69.80517622 24.16524364
69.93374719 24.1713673
70.02113203 24.19157278
70.06516035 24.24056204
70.09818159 24.28748424
70.28907433 24.35631725
70.48926883 24.41217947
70.5467847 24.41830313
70.56502648 24.38577281
70.55587975 24.33109915
70.57934085 24.27903514
70.659491 24.24611726
70.71633508 24.23797822
70.76728804 24.24539379
70.80506351 24.26198192
70.88619551 24.34375987
70.92815677 24.36233755
70.98283044 24.3610198
71.04401533 24.40008719
71.04530724 24.43000784
71.00623986 24.44434805
70.97321862 24.48742036
70.97931644 24.52245698
70.96980798 24.57188548
70.97631921 24.61875601
71.00236413 24.65389598
71.04789107 24.68774405
71.02070926 24.75766226
70.95084273 24.89160757
70.87777225 25.06299246
70.80046431 25.20585196
70.70248579 25.33106395
70.6520496 25.42289297
70.65721724 25.62577464
70.64848392 25.66693492
70.61479089 25.69192048
70.56957401 25.70597647
70.50590864 25.68530589
70.4485478 25.68132681
70.32519616 25.68571931
70.26463138 25.70654491
70.10024865 25.9100467
70.0786479 25.99004182
70.07771773 26.07194896
70.1325981 26.21478262
70.14923791 26.34753937
70.15688602 26.47143362
70.14768762 26.5064444
70.1146147 26.54804393
70.05932092 26.57873973
69.91142297 26.58612946
69.73587813 26.62703136
69.6006409 26.69909414
69.50695153 26.74265738
69.48126835 26.77097606
69.47000288 26.80446239
69.49449751 26.95416901
69.53702722 27.12294424
69.56792972 27.17459483
69.62156986 27.22807994
69.66130904 27.26448599
69.72481937 27.31267426
69.89628177 27.47362051
70.04981245 27.69474396
70.14458703 27.84902395
70.19388635 27.89488679
70.24432254 27.93413504
70.31842655 27.98165152
70.40369266 28.02505972
70.48859704 28.02314769
70.56926395 27.98377025
70.62905358 27.93744233
70.64910404 27.8353297
70.69158207 27.769003
70.73736738 27.72903128
70.79793216 27.70962678
70.87493005 27.71443268
71.18473026 27.83163483
71.29015018 27.85525096
71.54300296 27.86987539
71.71668745 27.91509227
71.87026981 27.9625054
71.88887333 28.04748729
71.94799116 28.17729849
72.12854862 28.34635794
72.17919152 28.42177969
72.23386519 28.56580191
72.2919495 28.69729259
72.34192061 28.75191458
72.62562422 28.8961435
72.90328169 29.02877106
72.94875695 29.08881908
73.12833255 29.36391857
73.23111698 29.55062552
73.25783369 29.61069937
73.31731327 29.77301504
73.38159875 29.93434886
73.46748498 29.97168509
73.65806766 30.03320588
73.80916955 30.09335725
73.88652917 30.16203522
73.93339969 30.22208324
73.9246147 30.28161449
73.88270511 30.35215282
73.89154178 30.3940624
73.89929325 30.43537771
74.00900231 30.51968781
74.21560469 30.76897492
74.33936974 30.8935668
74.38040083 30.89341177
74.50974694 30.95966096
74.6328402 31.03464346
74.62576053 31.0687499
74.61030928 31.1128299
74.53977095 31.13267365
74.51770511 31.18559032
74.53496504 31.26137381
74.59392785 31.46536652
74.58183557 31.52394176
74.51000532 31.71294831
74.52602502 31.76514151
74.55553226 31.81857494
74.63578576 31.88973338
74.73944868 31.94885122
75.07152144 32.0893336
75.13880415 32.10475902
75.25414595 32.1403124
75.32468428 32.21526907
75.33352095 32.27921865
75.30261844 32.31890615
75.23368208 32.37213288
75.10407759 32.42034699
74.98734053 32.4622049
74.78890303 32.4578124
74.68575687 32.49380504
74.65779992 32.51891979
74.6433822 32.60772573
74.66322595 32.7576649
74.63237512 32.77089407
74.58824344 32.75324657
74.48334029 32.77099742
74.35456262 32.76869782
74.30552168 32.81042654
74.32996463 32.8608369
74.32272993 32.92799042
74.30360965 32.99181082
74.2835592 33.0051175
74.22206424 33.02031037
74.12625614 33.07542329
74.0491549 33.14342947
74.00378299 33.18944733
73.98983036 33.22117666
73.99422285 33.24220897
74.05039514 33.30124929
74.1177812 33.38411245
74.14258589 33.45534842
74.14997562 33.50699901
74.13126875 33.54508454
74.0697738 33.59169668
74.0039897 33.63244355
73.97758304 33.66781607
73.97649784 33.72127534
74.00099247 33.78817048
74.07840376 33.83865835
74.21560469 33.8865624
74.25089969 33.94609365
74.2465072 33.99017365
74.20899011 34.00340282
74.11256188 34.00368704
73.94988447 34.0188024
73.92239261 34.04309032
73.90409916 34.07567231
73.90389245 34.10799592
73.93830895 34.1447637
73.97944339 34.19129833
73.97236372 34.23661856
73.92456302 34.2878299
73.8099447 34.32532115
73.79449344 34.37823782
73.81211511 34.42234365
73.85009728 34.48528555
73.88311852 34.52905549
73.96120161 34.6534665
74.05587284 34.68067414
74.1719381 34.7208784
74.30040571 34.76539765
74.49796472 34.73204051
74.59413456 34.71576244
74.788748 34.67772858
74.9518905 34.64587006
75.11844364 34.63682669
75.18753503 34.63902294
75.26406782 34.60135082
75.4524801 34.5367036
75.60554569 34.50275218
75.70920861 34.50306224
75.8620675 34.56026805
75.93829024 34.6125646
76.04107466 34.66992544
76.17243615 34.66772919
76.45675988 34.75612173
76.50998661 34.74087718
76.5944259 34.73586457
76.69633182 34.78692088
76.74904178 34.84753734
76.75751672 34.87784557
76.78294152 34.90019562
76.89172041 34.9387204
77.00091271 34.99199881
77.03067834 35.06235627
77.04861006 35.10989859
77.16849938 35.17154857
77.29298791 35.23552399
77.42341922 35.3026
77.57157556 35.37877106
77.69694258 35.44323741
77.79936527 35.49592154
77.81088911 35.48452688
77.85150679 35.46078156
77.89491499 35.44899934
77.94586795 35.47163361
78.00948164 35.49023713
78.04270959 35.47979849
78.04741214 35.44938691
78.00917158 35.30694082
78.01222049 35.25102692
78.07573083 35.13490998
78.1584648 34.94649771
78.23618615 34.76981599
78.28197147 34.65393159
78.32692997 34.60638927
78.51575565 34.55794261
78.67078495 34.51815176
78.76307905 34.4529361
78.86482995 34.39035594
78.93640181 34.35196035
78.97009484 34.30260936
78.97691613 34.25811595
78.97061161 34.2281953
78.93175093 34.18894705
78.75305383 34.08768708
78.73176314 34.05554434
78.72664717 34.01340221
78.76173547 33.88759593
78.78374963 33.80878937
78.7899508 33.65034943
78.80183638 33.49971263
78.86508833 33.43108633
78.91671309 33.38677379
78.94849409 33.34654369
79.01262455 33.29145661
79.06652307 33.25037385
79.11251509 33.22626679
79.13520104 33.17192902
79.12171349 33.10810863
79.10279992 33.05255646
79.10858768 33.02263581
79.14553633 33.00144847
79.20222538 32.94605134
79.20956343 32.86486766
79.20558434 32.80903128
79.22790856 32.75880178
79.23390303 32.70306875
79.21653975 32.56400747
79.21938195 32.50106558
79.16987593 32.49721568
79.1273979 32.47576997
79.06703983 32.38817841
78.99769006 32.36515656
78.91898685 32.35818024
78.83790653 32.41197541
78.77124393 32.46807018
78.75346724 32.4992569
78.73672407 32.55837474
78.70086063 32.59700288
78.63156253 32.57894196
78.52634932 32.57077709
78.41255781 32.55770295
78.39173221 32.54473216
78.38966515 32.5198758
78.41746708 32.46670075
78.44134159 32.39735098
78.45529422 32.30032848
78.48609338 32.23622386
78.4959119 32.21576
78.67770959 32.02303274
78.72556196 31.98381033
78.73548384 31.95794628
78.71967085 31.88766633


# Iran
# from http://www.rjruss.info/2010/12/free-countries-of-world-in-polygon-kml.html
56.1880229 26.92114777
56.09490197 26.80118094
55.95434208 26.70110952
55.89419071 26.73227041
55.84768192 26.73082347
55.74722293 26.69247956
55.67466922 26.6858133
55.54320438 26.61754873
55.42372847 26.58313223
55.34042606 26.58571605
55.31148726 26.59264069
55.29505415 26.63920116
55.29650109 26.65757213
55.34693729 26.64793448
55.53173221 26.70999787
55.76262251 26.81198131
55.78453332 26.85717235
55.74742964 26.93096629
55.75766157 26.94765778
55.90710982 26.90983063
56.07412805 26.9833662
56.21396447 27.00326162
56.27938683 26.95210196
56.1880229 26.92114777

45.00017866 39.4235371
45.07164717 39.3628948
45.11309167 39.31155427
45.14125532 39.25429678
45.19065799 39.21564281
45.25592533 39.19466218
45.33550703 39.13913585
45.38919885 39.09590851
45.4796326 39.0062499
45.5750273 38.97281525
45.92187951 38.90790965
46.1144259 38.87778229
46.17013309 38.86904898
46.31772098 38.91266389
46.49063032 38.90666942
46.55481245 38.90439566
46.78317061 39.08740774
46.85257206 39.14841177
46.98889448 39.18019278
47.06547896 39.25290152
47.18836551 39.34095816
47.33843387 39.42389883
47.47615156 39.49836457
47.58177819 39.54337474
47.77287764 39.64858796
47.8922502 39.68507152
47.99586144 39.68393464
48.15109745 39.56053132
48.28173547 39.44834178
48.32214644 39.39909414
48.25724084 39.35496247
48.13600793 39.31235525
48.11285689 39.28109101
48.10438195 39.24109345
48.10913618 39.20282705
48.12546594 39.17161449
48.27408736 39.09911245
48.29103723 39.05926992
48.29207075 39.01885895
48.27512088 38.99361502
48.24199629 38.97893891
48.13854007 38.95863007
48.05007002 38.9349881
48.01932254 38.91183706
47.99265751 38.88429352
47.99648156 38.85375275
48.02324995 38.81905203
48.20468591 38.72414826
48.22525313 38.68921499
48.2612716 38.64229279
48.3055583 38.61348318
48.38126428 38.60562836
48.41743778 38.5862497
48.59267256 38.4110666
48.63551232 38.39874177
48.8403577 38.43726655
48.86872806 38.43550955
48.87074344 38.3925406
48.90133589 38.1436669
48.92510705 38.01514761
48.95993696 37.89014232
49.0153341 37.77609243
49.08096317 37.66759776
49.17119022 37.60059927
49.3725216 37.51998404
49.4700867 37.49667796
49.72691857 37.48050324
49.98064986 37.44487234
50.13040816 37.40712271
50.17629683 37.38050935
50.21402062 37.33958161
50.33794071 37.1491798
50.53317427 37.01368419
50.92746545 36.81020824
51.11856489 36.74256379
51.76203983 36.61450959
52.19012739 36.62174429
53.37413781 36.86875764
53.76770552 36.93030427
53.91539676 36.93030427
53.82744348 36.88118582
53.67944217 36.85312552
53.76873905 36.81847647
53.90630171 36.81268871
53.97007043 36.81832144
54.01626916 36.84963736
54.02381392 36.90133963
54.01719933 36.95249929
53.95198368 37.18176179
53.91415653 37.3435607
54.19165897 37.33245026
54.29976607 37.35358592
54.4586711 37.40756196
54.57892215 37.4402473
54.63969364 37.44474315
54.69943159 37.47016796
54.74521691 37.50189728
54.84867313 37.72263317
54.90009118 37.77795279
55.07553267 37.90249299
55.22467085 37.98132539
55.38088871 38.05111441
55.57844771 38.09974193
55.84127404 38.09462596
56.05030521 38.07752106
56.17117639 38.07834789
56.22879561 38.07338695
56.27204878 38.08044078
56.29695682 38.09483267
56.32413862 38.19110586
56.36692671 38.22252513
56.44066898 38.24942272
56.54402184 38.24960358
56.66995731 38.25663158
56.77460209 38.25004283
56.90663537 38.21301667
57.07902795 38.20996776
57.19354292 38.21640148
57.26010217 38.17958202
57.30810957 38.13036022
57.33146732 38.08930329
57.33668664 38.0329243
57.33570479 37.98992951
57.35373986 37.97334138
57.4238131 37.94768403
57.5209648 37.92848623
57.71051395 37.90528351
57.88817752 37.86084178
57.98057499 37.83045604
58.10883589 37.78306875
58.2616431 37.66581493
58.31812544 37.64721141
58.38670007 37.63532583
58.43568932 37.63852977
58.55046268 37.68816498
58.6501982 37.65155223
58.7008411 37.65622895
58.81545943 37.68348827
58.9372091 37.6496402
59.24080814 37.52075918
59.27408776 37.52375642
59.30173465 37.51065644
59.32690108 37.48117504
59.34472945 37.44474315
59.36736372 37.33374217
59.45495528 37.25281688
59.56218387 37.17889374
59.68724084 37.13845694
59.94862023 37.0416153
60.06277347 36.9629121
60.1782703 36.82943187
60.32069055 36.65355113
60.34130944 36.63766063
60.70790205 36.6429833
61.11965987 36.64256989
61.16994103 36.57223827
61.16032922 36.4327119
61.17510868 36.28969737
61.21200565 36.1905303
61.21241906 36.09914053
61.18265344 36.05283845
61.15950239 35.99992178
61.15288781 35.97677074
61.20580448 35.94369782
61.25210656 35.86763011
61.25872114 35.76179678
61.2355701 35.70557282
61.23887739 35.65927074
61.26202844 35.61958324
61.28187219 35.5534374
61.27856489 35.5137499
61.24549198 35.4740624
61.22564823 35.42445303
61.19918989 35.36161449
61.18926802 35.31200511
61.13965864 35.28885407
61.09997114 35.27231761
61.10658573 35.20947907
61.12642948 35.1565624
61.14958052 35.09372386
61.12312219 35.05072907
61.10658573 35.0011197
61.07020552 34.9217447
61.08012739 34.85559886
61.04043989 34.7993749
60.99083052 34.74976553
60.9577576 34.71007803
60.95114302 34.65385407
60.91476281 34.63401032
60.84530969 34.58770824
60.80231489 34.55463532
60.73947635 34.54471345
60.72624719 34.51825511
60.73616906 34.49179678
60.76262739 34.47526032
60.80391686 34.41800283
60.88949304 34.31943004
60.6426864 34.30715689
60.57018436 34.21964285
60.48579675 34.09479259
60.52703454 33.84196564
60.4859001 33.71189606
60.51080814 33.6389031
60.57385339 33.58831188
60.65457197 33.5604066
60.80639733 33.55867544
60.90690799 33.53898672
60.91703657 33.50524201
60.85926232 33.45622692
60.76686486 33.36382945
60.71803063 33.32354768
60.56052087 33.13782258
60.56196781 33.05878347
60.57654056 32.99485973
60.64449507 32.79438101
60.7104342 32.59997427
60.82934167 32.24940135
60.82727461 32.1679593
60.78991255 31.98709178
60.78753543 31.87717601
60.80433028 31.73449738
60.79161787 31.66060008
60.82076338 31.49518382
60.854043 31.48324657
61.11071984 31.45112967
61.34646773 31.42164826
61.66019535 31.38242585
61.7550216 31.28529999
61.81429447 31.07254812
61.81083215 30.9133072
61.78421878 30.83191682
61.55947798 30.59937287
61.33168827 30.36372834
61.10415694 30.12839387
60.86820235 29.88437775
60.84339766 29.85869457
61.03418705 29.66340933
61.15216434 29.54271902
61.31835575 29.37262604
61.33949141 29.33177582
61.33783776 29.26500987
61.50862837 29.00603343
61.56877974 28.8709254
61.62303999 28.79162792
61.75801883 28.66765615
61.88989709 28.5465266
62.03298913 28.49102611
62.13055423 28.47883047
62.35302127 28.4147517
62.43389489 28.36387625
62.56458459 28.23517609
62.7175985 28.25279776
62.74943119 28.25290111
62.75800947 28.24357351
62.76250532 28.20207734
62.73976769 28.00203787
62.78234907 27.80052562
62.81201135 27.49702993
62.80084924 27.44455252
62.764314 27.35672842
62.76250532 27.3001944
62.75279015 27.26564871
62.76302209 27.25017162
62.81159793 27.22944937
62.91546756 27.21841645
63.16677005 27.25247122
63.19607059 27.24391877
63.25622196 27.20792613
63.30159387 27.15146963
63.30521122 27.12457205
63.24206262 27.07767569
63.23146895 26.99811982
63.25033084 26.87923819
63.24154585 26.86474295
63.18609704 26.83761282
63.16806196 26.66558198
63.15777835 26.64976899
63.09292443 26.63232819
62.78663822 26.64390371
62.7516016 26.63914948
62.63641483 26.59364838
62.43921756 26.56101472
62.38506066 26.54264374
62.31230025 26.49086396
62.25964196 26.42748282
62.24966841 26.36924348
62.23933312 26.35704784
62.12595503 26.36901093
62.08900638 26.31823884
61.86979496 26.24242951
61.84235477 26.22594473
61.81000532 26.16530244
61.78075646 25.99585541
61.75440148 25.84335826
61.73765832 25.82111156
61.66861861 25.76899588
61.66184899 25.7512967
61.67135746 25.69235973
61.64014489 25.5846402
61.61539188 25.28610546
61.58784834 25.20233796
61.533123 25.19551667
61.49033491 25.15365876
61.41220015 25.10211152
61.24301151 25.14197989
61.10865279 25.18388947
60.66392541 25.28222972
60.61514286 25.32982372
60.58744429 25.41353954
60.51054976 25.43707815
60.4001689 25.31158194
60.02468794 25.38413565
59.89704715 25.36181143
59.81839562 25.40087881
59.61603071 25.40325593
59.45604048 25.48149405
59.22721724 25.42775056
59.04614302 25.41731192
58.79788944 25.5546162
58.53082564 25.59244335
58.31430139 25.58086782
58.202887 25.59161652
58.02232954 25.64081249
57.93665002 25.6916621
57.79609012 25.65300812
57.73252811 25.72489004
57.33461958 25.79155264
57.26092899 25.91883169
57.20553185 26.0372224
57.20139774 26.15881704
57.1043494 26.37143972
57.07199995 26.68005138
57.03603316 26.80069001
56.98218631 26.90548981
56.91045943 26.99457998
56.81289432 27.08997468
56.72814497 27.12767263
56.35617801 27.20022635
56.28434777 27.19064037
56.11805301 27.14312389
55.94111291 27.03757477
55.65027795 26.9775526
55.59157352 26.93215485
55.5186064 26.82991303
55.42403853 26.77053681
55.29412398 26.78593639
55.15459761 26.72539745
54.89580204 26.55669973
54.7592729 26.50510082
54.64486128 26.50892487
54.52207808 26.58915253
54.24705611 26.69661367
54.06928918 26.73237377
53.82258589 26.70772411
53.70579715 26.72560415
53.50715295 26.85177216
53.45495975 26.94326529
53.34168501 27.00450186
52.98253381 27.14196117
52.69159549 27.32337128
52.63816206 27.39199759
52.60260868 27.49338675
52.47589806 27.61650585
52.19188439 27.71727489
52.03075728 27.82440013
51.84203495 27.84824881
51.66633508 27.84496735
51.58902713 27.86421682
51.51854048 27.91000214
51.27886519 28.13135814
51.27607466 28.21887218
51.12838342 28.43513805
51.09386356 28.51213593
51.06203088 28.72612804
51.0212065 28.78206778
50.86700402 28.87015025
50.8429228 28.92782115
50.87578902 29.00437979
50.87578902 29.06272248
50.79548384 29.11742198
50.67518111 29.14659333
50.6460356 29.2122224
50.6679464 29.33983735
50.64965295 29.42006501
50.54361291 29.54801586
50.38692997 29.67906729
50.23014367 29.87290559
50.16895877 29.92124889
50.12896122 30.04808869
50.07160038 30.19854462
49.98313032 30.20937084
49.55493941 30.02896841
49.42998579 30.13048676
49.05429813 30.3069101
49.02814986 30.33344595
49.00200158 30.3739086
49.04902713 30.39729218
49.09615604 30.40677481
49.1903105 30.37538137
49.24725793 30.41248505
49.2245203 30.47232636
49.13036584 30.50943004
49.00200158 30.506562
49.03714155 30.45046723
48.91683882 30.39724051
48.89120731 30.32765819
48.90867394 30.2414619
48.91911258 30.12090078
48.87012333 30.06240306
48.83239953 30.03550548
48.670859 30.02829662
48.59551476 29.97506989
48.54652551 29.96235749
48.47851932 30.00380199
48.43459435 30.03762421
48.39862756 30.10960948
48.3875688 30.15986481
48.40141808 30.18833853
48.38260786 30.23019644
48.33103478 30.28543854
48.27894494 30.31579845
48.22613163 30.32135366
48.18236169 30.35502086
48.14753177 30.41682587
48.06614139 30.45767609
48.01493005 30.46563426
48.01343143 30.65642365
48.01203617 30.82362275
48.0106409 30.98981415
47.83638797 30.99645458
47.67949833 31.00239737
47.67949833 31.14151032
47.67949833 31.40059011
47.75396406 31.60137889
47.8299801 31.79441621
47.71453495 31.93644888
47.59149336 32.08796418
47.51185998 32.15082856
47.41811893 32.34009349
47.37130008 32.42375764
47.32980391 32.4555128
47.28520715 32.47401297
47.12139286 32.4665974
46.96853397 32.56842581
46.7891134 32.68797923
46.56995365 32.83393932
46.37704553 32.92923066
46.29818729 32.95023713
46.11277225 32.9576527
46.09303185 32.97586864
46.0804228 33.02821686
46.08078454 33.08653372
46.14109094 33.17440949
46.14584517 33.2296516
46.01996138 33.41573843
45.98099735 33.47012788
45.87320031 33.49201284
45.89474938 33.54565298
45.89469771 33.5815681
45.87940148 33.6097576
45.85449344 33.62332266
45.82281579 33.62479544
45.73832482 33.60283295
45.67372928 33.68667796
45.4732764 33.92547476
45.40899092 33.95451691
45.39705366 33.97084667
45.44604292 34.04402049
45.52862186 34.152541
45.5427812 34.21553457
45.52686486 34.28467764
45.43761966 34.41513479
45.45937544 34.47035106
45.49771935 34.5338614
45.50081994 34.58158458
45.56086795 34.57453075
45.63745243 34.57380728
45.66153364 34.61266796
45.6600867 34.74878368
45.6780701 34.79844473
45.92089766 35.02850821
46.04176883 35.0801588
46.13375288 35.12764944
46.15468184 35.19674083
46.13576826 35.23229422
46.11773319 35.28425487
46.11204878 35.32166861
46.01065962 35.42481476
45.97541629 35.47682709
45.97107547 35.52418854
45.99505334 35.60811107
46.03737634 35.6731717
46.18098514 35.71138642
46.26247888 35.74412344
46.2733826 35.77321727
46.16744592 35.82055288
45.9414132 35.83538402
45.776307 35.82181896
45.72349369 35.83665009
45.64499719 35.92834992
45.5616431 35.97718415
45.48376672 36.00855174
45.40775069 36.00278982
45.36165531 36.01534719
45.35090661 36.05464712
45.24114587 36.3559724
45.20657433 36.39715851
45.15531131 36.40736461
45.1123682 36.4092508
45.08379113 36.43002473
45.05314701 36.47162425
45.03108117 36.52609121
45.02942752 36.59755972
45.03397505 36.65889964
45.01924727 36.69838044
44.9814718 36.7377062
44.92783166 36.76592154
44.88085778 36.79933035
44.79843387 37.06388784
44.76541263 37.13499462
44.76515425 37.14243602
44.76670454 37.15633698
44.75833296 37.21710847
44.79678023 37.26976675
44.7941964 37.29038565
44.71513146 37.3571516
44.60413049 37.42371084
44.5740548 37.43541555
44.57312463 37.50639313
44.57720707 37.5601883
44.56723351 37.60863496
44.54604618 37.63630768
44.54527103 37.65816682
44.58997114 37.71036001
44.56123905 37.74462149
44.39778649 37.82924164
44.33623986 37.87177135
44.22296512 37.88016877
44.21128625 37.90807404
44.22890791 37.96719188
44.26792362 38.03881542
44.32941857 38.10925039
44.34895226 38.1465091
44.37272342 38.20973522
44.3808883 38.2546162
44.44961795 38.3177648
44.44987634 38.33424958
44.43085941 38.3567805
44.37577233 38.36957042
44.31960005 38.37471223
44.29851607 38.38628775
44.29086795 38.42010997
44.29784427 38.55780183
44.28017093 38.64069082
44.25707157 38.70063548
44.27164432 38.83605358
44.23247359 38.86320954
44.1708236 38.93436799
44.1445203 38.99436433
44.15878299 39.01674022
44.17185713 39.05627269
44.18059045 39.10807831
44.1780583 39.1448461
44.1212659 39.18060619
44.07909793 39.21832998
44.0743437 39.25998119
44.05754886 39.3108308
44.03382938 39.35103506
44.02318404 39.37744172
44.04390628 39.39294465
44.12405643 39.40524364
44.24048343 39.39679454
44.33541304 39.39604523
44.38936323 39.42214183
44.45592248 39.66672639
44.51669396 39.73127025
44.58712894 39.76852896
44.72505334 39.68171255
44.78210412 39.65106843
44.81714074 39.65042247
44.83817305 39.62908011
45.00017866 39.4235371


# Maldives
# from http://www.rjruss.info/2010/12/free-countries-of-world-in-polygon-kml.html
73.41658369 3.23122427
73.395293 3.22941559
73.38206384 3.24649466
73.38490604 3.2714027
73.40154585 3.28879182
73.4277458 3.28982534
73.44273197 3.27429658
73.4349805 3.25016368
73.41658369 3.23122427

73.51223677 4.16452648
73.49482181 4.15519888
73.47864709 4.15891958
73.47306603 4.17072765
73.48112756 4.18811677
73.49477014 4.21044099
73.50412357 4.23462556
73.51781782 4.24764802
73.52835982 4.2433072
73.52711958 4.22966462
73.52215864 4.2110611
73.51905806 4.18687653
73.51223677 4.16452648


# Nepal
# from http://www.rjruss.info/2010/12/free-countries-of-world-in-polygon-kml.html
88.10979536 27.87059886
88.15030969 27.84331371
88.1542371 27.79869111
88.14700239 27.74921092
88.1055579 27.64244741
88.06788578 27.56736156
88.02411584 27.40886994
87.98442834 27.13395132
87.99316166 27.08607311
88.1110356 26.92845999
88.15723433 26.80730459
88.16157515 26.72477733
88.11155236 26.58643952
88.05491499 26.43001496
88.02700972 26.39503002
87.99507368 26.38236929
87.84924279 26.43688793
87.74878381 26.42931733
87.63333866 26.39911245
87.51303592 26.40500357
87.41355879 26.42296113
87.28741662 26.36030345
87.16680383 26.39425487
87.08954756 26.4332189
87.0379228 26.54161022
87.01642541 26.55543366
86.76248742 26.44192638
86.70140588 26.43505341
86.54363773 26.49600576
86.41439497 26.55631216
86.36612918 26.57439891
86.24158898 26.59801504
86.12939945 26.6117093
86.00728804 26.64938142
85.85572106 26.60018545
85.79458784 26.60416454
85.73733036 26.63974376
85.7074097 26.71265921
85.69991662 26.78162141
85.64839522 26.82898286
85.56845178 26.83983491
85.45641727 26.79722769
85.29301639 26.74100373
85.24020308 26.75035716
85.19178226 26.76653189
85.17410892 26.78156973
85.15152632 26.84663036
85.12537805 26.86099641
85.08734419 26.86296011
85.02006148 26.87851472
84.93717248 26.92688386
84.6854049 27.0410371
84.6538306 27.09168
84.65481245 27.20366283
84.64075646 27.24986156
84.61021569 27.29869579
84.48081791 27.34820181
84.2297738 27.42783519
84.09107425 27.49134553
84.02482507 27.46168325
83.89718428 27.43512157
83.82881636 27.3778124
83.74696089 27.39595083
83.55162398 27.45636058
83.44713423 27.46535228
83.38393395 27.4448109
83.36941288 27.4102652
83.28972782 27.37101695
83.21386682 27.4022812
83.06400516 27.44455252
82.9327987 27.46767772
82.73337935 27.51899242
82.71084842 27.5966621
82.6773621 27.67345327
82.62992313 27.68707001
82.45138106 27.67182547
82.2877218 27.75654898
82.1118669 27.86496613
82.03698775 27.90059703
81.98763675 27.91374868
81.9452104 27.89927928
81.89684126 27.8744746
81.85260624 27.86708487
81.75721154 27.9138262
81.63551354 27.98046296
81.48601363 28.06221507
81.31083052 28.17636831
81.23900028 28.2408605
81.20623742 28.28938467
81.16892704 28.33501496
81.01658491 28.40958405
80.89612715 28.46854686
80.75076135 28.53970531
80.72621504 28.55391633
80.67133467 28.59623933
80.58699873 28.64962108
80.51790734 28.66517569
80.49578983 28.63579763
80.47915002 28.60489513
80.41858524 28.61202648
80.32484419 28.66639008
80.22655562 28.72336335
80.14966109 28.77604747
80.0706995 28.83017853
80.05163089 28.87033112
80.08460046 28.99417369
80.13048913 29.1003946
80.16955651 29.12432079
80.23296349 29.19462657
80.25595951 29.31802989
80.2548743 29.42332062
80.31688602 29.57207123
80.40184208 29.73025279
80.54906823 29.89977733
80.61288863 29.95584626
80.68409875 29.99431936
80.81990441 30.11935049
80.84817142 30.13976268
80.90765099 30.17190542
80.96614872 30.18001862
81.01022871 30.16451569
81.05560062 30.09898998
81.11032596 30.03679739
81.17719527 30.03987214
81.25512333 30.09330557
81.41712894 30.3376059
81.64192142 30.38752534
81.85488 30.36241059
82.04339562 30.32677969
82.09894779 30.24507925
82.13537967 30.15898631
82.15894413 30.1151647
82.22064579 30.06385
82.48657271 29.94148021
82.64082686 29.8312027
82.8543022 29.68338227
83.0139307 29.6180891
83.15542077 29.61266307
83.23520918 29.5546046
83.35520186 29.43913361
83.45669437 29.30632518
83.58350834 29.18359365
83.67104821 29.18762442
83.79047245 29.22741527
83.93599328 29.27950511
84.02198286 29.2538736
84.10135786 29.21997386
84.1278162 29.1563085
84.17556522 29.03639334
84.22868859 28.91174978
84.31214603 28.86810904
84.41079634 28.80392691
84.46547001 28.75292227
84.65062666 28.65954296
84.67677494 28.62153494
84.71424035 28.59554169
84.75940555 28.57923778
84.79687097 28.56022085
84.8551103 28.55360627
85.06915409 28.6096752
85.12630822 28.6026472
85.15907108 28.5922344
85.16010461 28.57184805
85.12145064 28.4842565
85.08858443 28.37227367
85.12243249 28.31594636
85.21214278 28.29264029
85.41063195 28.27602631
85.67831587 28.27744741
85.75944787 28.22065502
85.84026981 28.13536306
85.92171187 27.98971304
85.95411299 27.92821809
85.99457564 27.91041555
86.06413211 27.93470348
86.07550093 27.99457062
86.07870487 28.08358328
86.13699588 28.11433076
86.17420292 28.09169648
86.21792118 28.02208832
86.3286121 27.959534
86.40871057 27.92865733
86.4849333 27.93953522
86.51692101 27.96351309
86.55454146 28.08521109
86.61443444 28.10301362
86.69050215 28.09492626
86.71964766 28.07063833
86.75039514 28.02208832
86.84237918 27.99916983
86.93384647 27.96847403
87.02009444 27.92865733
87.14137902 27.83832693
87.29072391 27.82191966
87.46415002 27.82383169
87.55530724 27.82184215
87.62258996 27.81520173
87.68274133 27.8214029
87.86071496 27.88610179
87.93337202 27.89083019
88.02334069 27.88341462
88.10979536 27.87059886


# Pakistan
# from http://www.rjruss.info/2010/12/free-countries-of-world-in-polygon-kml.html
76.76687015 35.66169953
76.81275882 35.57180838
76.88226362 35.43571849
76.92773889 35.34662832
76.97889855 35.24642772
77.00447839 35.19635326
77.04861006 35.10989859
77.03067834 35.06235627
77.00091271 34.99199881
76.89172041 34.9387204
76.78294152 34.90019562
76.75751672 34.87784557
76.74904178 34.84753734
76.69633182 34.78692088
76.5944259 34.73586457
76.50998661 34.74087718
76.45675988 34.75612173
76.17243615 34.66772919
76.04107466 34.66992544
75.93829024 34.6125646
75.8620675 34.56026805
75.70920861 34.50306224
75.60554569 34.50275218
75.4524801 34.5367036
75.26406782 34.60135082
75.18753503 34.63902294
75.11844364 34.63682669
74.9518905 34.64587006
74.788748 34.67772858
74.59413456 34.71576244
74.49796472 34.73204051
74.30040571 34.76539765
74.1719381 34.7208784
74.05587284 34.68067414
73.96120161 34.6534665
73.88311852 34.52905549
73.85009728 34.48528555
73.81211511 34.42234365
73.79449344 34.37823782
73.8099447 34.32532115
73.92456302 34.2878299
73.97236372 34.23661856
73.97944339 34.19129833
73.93830895 34.1447637
73.90389245 34.10799592
73.90409916 34.07567231
73.92239261 34.04309032
73.94988447 34.0188024
74.11256188 34.00368704
74.20899011 34.00340282
74.2465072 33.99017365
74.25089969 33.94609365
74.21560469 33.8865624
74.07840376 33.83865835
74.00099247 33.78817048
73.97649784 33.72127534
73.97758304 33.66781607
74.0039897 33.63244355
74.0697738 33.59169668
74.13126875 33.54508454
74.14997562 33.50699901
74.14258589 33.45534842
74.1177812 33.38411245
74.05039514 33.30124929
73.99422285 33.24220897
73.98983036 33.22117666
74.00378299 33.18944733
74.0491549 33.14342947
74.12625614 33.07542329
74.22206424 33.02031037
74.2835592 33.0051175
74.30360965 32.99181082
74.32272993 32.92799042
74.32996463 32.8608369
74.30552168 32.81042654
74.35456262 32.76869782
74.48334029 32.77099742
74.58824344 32.75324657
74.63237512 32.77089407
74.66322595 32.7576649
74.6433822 32.60772573
74.65779992 32.51891979
74.68575687 32.49380504
74.78890303 32.4578124
74.98734053 32.4622049
75.10407759 32.42034699
75.23368208 32.37213288
75.30261844 32.31890615
75.33352095 32.27921865
75.32468428 32.21526907
75.25414595 32.1403124
75.13880415 32.10475902
75.07152144 32.0893336
74.73944868 31.94885122
74.63578576 31.88973338
74.55553226 31.81857494
74.52602502 31.76514151
74.51000532 31.71294831
74.58183557 31.52394176
74.59392785 31.46536652
74.53496504 31.26137381
74.51770511 31.18559032
74.53977095 31.13267365
74.61030928 31.1128299
74.62576053 31.0687499
74.6328402 31.03464346
74.50974694 30.95966096
74.38040083 30.89341177
74.33936974 30.8935668
74.21560469 30.76897492
74.00900231 30.51968781
73.89929325 30.43537771
73.89154178 30.3940624
73.88270511 30.35215282
73.9246147 30.28161449
73.93339969 30.22208324
73.88652917 30.16203522
73.80916955 30.09335725
73.65806766 30.03320588
73.46748498 29.97168509
73.38159875 29.93434886
73.31731327 29.77301504
73.25783369 29.61069937
73.23111698 29.55062552
73.12833255 29.36391857
72.94875695 29.08881908
72.90328169 29.02877106
72.62562422 28.8961435
72.34192061 28.75191458
72.2919495 28.69729259
72.23386519 28.56580191
72.17919152 28.42177969
72.12854862 28.34635794
71.94799116 28.17729849
71.88887333 28.04748729
71.87026981 27.9625054
71.71668745 27.91509227
71.54300296 27.86987539
71.29015018 27.85525096
71.18473026 27.83163483
70.87493005 27.71443268
70.79793216 27.70962678
70.73736738 27.72903128
70.69158207 27.769003
70.64910404 27.8353297
70.62905358 27.93744233
70.56926395 27.98377025
70.48859704 28.02314769
70.40369266 28.02505972
70.31842655 27.98165152
70.24432254 27.93413504
70.19388635 27.89488679
70.14458703 27.84902395
70.04981245 27.69474396
69.89628177 27.47362051
69.72481937 27.31267426
69.66130904 27.26448599
69.62156986 27.22807994
69.56792972 27.17459483
69.53702722 27.12294424
69.49449751 26.95416901
69.47000288 26.80446239
69.48126835 26.77097606
69.50695153 26.74265738
69.6006409 26.69909414
69.73587813 26.62703136
69.91142297 26.58612946
70.05932092 26.57873973
70.1146147 26.54804393
70.14768762 26.5064444
70.15688602 26.47143362
70.14923791 26.34753937
70.1325981 26.21478262
70.07771773 26.07194896
70.0786479 25.99004182
70.10024865 25.9100467
70.26463138 25.70654491
70.32519616 25.68571931
70.4485478 25.68132681
70.50590864 25.68530589
70.56957401 25.70597647
70.61479089 25.69192048
70.64848392 25.66693492
70.65721724 25.62577464
70.6520496 25.42289297
70.70248579 25.33106395
70.80046431 25.20585196
70.87777225 25.06299246
70.95084273 24.89160757
71.02070926 24.75766226
71.04789107 24.68774405
71.00236413 24.65389598
70.97631921 24.61875601
70.96980798 24.57188548
70.97931644 24.52245698
70.97321862 24.48742036
71.00623986 24.44434805
71.04530724 24.43000784
71.04401533 24.40008719
70.98283044 24.3610198
70.92815677 24.36233755
70.88619551 24.34375987
70.80506351 24.26198192
70.76728804 24.24539379
70.71633508 24.23797822
70.659491 24.24611726
70.57934085 24.27903514
70.55587975 24.33109915
70.56502648 24.38577281
70.5467847 24.41830313
70.48926883 24.41217947
70.28907433 24.35631725
70.09818159 24.28748424
70.06516035 24.24056204
70.02113203 24.19157278
69.93374719 24.1713673
69.80517622 24.16524364
69.71618941 24.17260753
69.63412723 24.2251883
69.5591964 24.27309235
69.4434412 24.27536612
69.23508182 24.26823477
69.11953332 24.26864818
69.05152713 24.28632152
68.98455448 24.27309235
68.90083866 24.29244518
68.86342492 24.26647777
68.82828495 24.2639973
68.79996626 24.30905915
68.78115604 24.31371003
68.75893517 24.30725047
68.73960819 24.29200593
68.72813602 24.26562511
68.72410526 23.9646874
68.58659427 23.96659943
68.48871911 23.96724539
68.38128381 23.9508898
68.28253015 23.9279713
68.23421268 23.90055695
68.16506961 23.85730378
68.14884321 23.79722993
68.11556359 23.75338247
68.06781457 23.81833975
68.03701542 23.8482604
68.00146203 23.82606538
67.95102583 23.82862336
67.85997196 23.90267569
67.81904422 23.82805492
67.6684591 23.8110017
67.64954553 23.86730317
67.64582482 23.91988394
67.56303918 23.88185008
67.50361128 23.94006358
67.47684289 24.01827587
67.45395023 24.03990245
67.42764693 24.06483633
67.3652218 24.09160472
67.30941125 24.17480378
67.30424361 24.2629121
67.28863732 24.36776358
67.17153853 24.75611197
67.10063846 24.79192373
66.70303999 24.86096345
66.68226607 24.92886628
66.70986128 25.11133576
66.69859582 25.22631582
66.5699215 25.37850292
66.53385135 25.48438793
66.42863814 25.57533845
66.32425174 25.60179678
66.21903853 25.5899112
66.1622978 25.55389273
66.13118859 25.49327627
66.35639448 25.50738394
66.40714074 25.48503388
66.46770552 25.4452947
66.40290327 25.446845
66.32828251 25.46578441
66.23464481 25.46433747
65.88355513 25.41963736
65.67974328 25.35524852
65.4062716 25.37431712
65.06138309 25.31106517
64.77664595 25.30731863
64.65892704 25.18409618
64.59402144 25.20631704
64.54379195 25.23665111
64.15208459 25.33344107
64.12490279 25.37390371
64.05937707 25.40292003
63.98734012 25.35116608
63.93556034 25.34253612
63.72089644 25.38589265
63.55666874 25.35318146
63.49569055 25.29752595
63.49134973 25.21081289
63.28578088 25.22760773
63.17002567 25.25489289
63.01509973 25.22466218
62.66473351 25.26481476
62.57243941 25.25473786
62.44469527 25.19727367
62.39115848 25.15252188
62.31529748 25.13490021
62.24873823 25.19737702
62.19861209 25.22486888
62.15210331 25.2066271
62.08947147 25.1553124
61.90788049 25.13128286
61.74365279 25.13820751
61.56691939 25.18631826
61.58784834 25.20233796
61.61539188 25.28610546
61.64014489 25.5846402
61.67135746 25.69235973
61.66184899 25.7512967
61.66861861 25.76899588
61.73765832 25.82111156
61.75440148 25.84335826
61.78075646 25.99585541
61.81000532 26.16530244
61.84235477 26.22594473
61.86979496 26.24242951
62.08900638 26.31823884
62.12595503 26.36901093
62.23933312 26.35704784
62.24966841 26.36924348
62.25964196 26.42748282
62.31230025 26.49086396
62.38506066 26.54264374
62.43921756 26.56101472
62.63641483 26.59364838
62.7516016 26.63914948
62.78663822 26.64390371
63.09292443 26.63232819
63.15777835 26.64976899
63.16806196 26.66558198
63.18609704 26.83761282
63.24154585 26.86474295
63.25033084 26.87923819
63.23146895 26.99811982
63.24206262 27.07767569
63.30521122 27.12457205
63.30159387 27.15146963
63.25622196 27.20792613
63.19607059 27.24391877
63.16677005 27.25247122
62.91546756 27.21841645
62.81159793 27.22944937
62.76302209 27.25017162
62.75279015 27.26564871
62.76250532 27.3001944
62.764314 27.35672842
62.80084924 27.44455252
62.81201135 27.49702993
62.78234907 27.80052562
62.73976769 28.00203787
62.76250532 28.20207734
62.75800947 28.24357351
62.74943119 28.25290111
62.7175985 28.25279776
62.56458459 28.23517609
62.43389489 28.36387625
62.35302127 28.4147517
62.13055423 28.47883047
62.03298913 28.49102611
61.88989709 28.5465266
61.75801883 28.66765615
61.62303999 28.79162792
61.56877974 28.8709254
61.50862837 29.00603343
61.33783776 29.26500987
61.33949141 29.33177582
61.31835575 29.37262604
61.15216434 29.54271902
61.03418705 29.66340933
60.84339766 29.85869457
61.22435632 29.74942475
61.52144413 29.66565725
62.00100142 29.53042003
62.37348514 29.42538768
62.47652795 29.40833446
63.56762414 29.49799307
63.97101037 29.43009024
64.09875451 29.39195303
64.11792647 29.41427725
64.17213504 29.46037263
64.2660828 29.50693309
64.39372359 29.54432099
64.52110599 29.56450064
64.70357547 29.56713614
64.82728885 29.56416474
64.91891117 29.55277009
65.09548954 29.55948802
65.18044559 29.57762645
65.47097049 29.65157543
65.66625573 29.70131399
65.96158654 29.77890615
66.17707726 29.8355952
66.23123417 29.86572256
66.28688968 29.92000865
66.31334802 29.96853282
66.24720218 30.04348949
66.23841719 30.10963532
66.28182539 30.19345449
66.30544152 30.32114696
66.30094567 30.50299632
66.28688968 30.60792532
66.34688602 30.80277131
66.39716719 30.91219615
66.49736779 30.96457022
66.56682092 30.99655793
66.5958114 31.01996735
66.62418176 31.04606395
66.73135868 31.19455618
66.82928552 31.26367341
66.92431848 31.30563467
67.02772302 31.30026032
67.11593469 31.24292532
67.28729374 31.21783641
67.45286502 31.23463125
67.59637048 31.27767772
67.66148278 31.31299856
67.73786055 31.34395275
67.73346805 31.37924775
67.64706506 31.40996939
67.59755904 31.45330008
67.57823205 31.50647512
67.62670454 31.53877289
67.73987593 31.54817801
68.01717167 31.67796337
68.13018802 31.76328115
68.16103885 31.80296865
68.21395552 31.80738699
68.31978885 31.76769949
68.44324385 31.75447032
68.52065515 31.79415782
68.59760135 31.80296865
68.67325565 31.75971548
68.71366662 31.70803905
68.78229292 31.64644074
68.86900598 31.6342451
68.97339237 31.6673697
69.08310143 31.73845063
69.18691939 31.83810863
69.27931685 31.93681061
69.25657922 32.24945303
69.24143802 32.43355032
69.28991052 32.53057282
69.35946699 32.59031078
69.40540734 32.68270824
69.40458052 32.76427949
69.45315637 32.83282827
69.50157718 33.02005199
69.56772302 33.06415782
69.70368371 33.09472443
69.92010461 33.11247529
70.09022342 33.19810314
70.26116906 33.28902782
70.28416507 33.36904877
70.21972456 33.45467662
70.13414839 33.62073884
70.05663374 33.71985423
69.86806644 33.897647
69.88966719 34.00727855
69.99472538 34.05182364
70.2536243 33.97596263
70.32571293 33.96115733
70.41573327 33.95043448
70.6540133 33.95229483
70.84842004 33.98190542
71.05161177 34.04973074
71.09129927 34.12026907
71.08907718 34.2040624
71.09243615 34.27323131
71.09569177 34.36942699
71.02293135 34.43115449
70.97885135 34.48629324
70.96562219 34.53037324
71.01631677 34.55463532
71.06566776 34.59961966
71.11331343 34.68160432
71.22581302 34.77953115
71.29412927 34.86771699
71.35810469 34.90960073
71.45510135 34.96693574
71.5170614 35.05114248
71.54548343 35.10142365
71.60165571 35.15067129
71.62046594 35.18302074
71.60522139 35.21177867
71.57721276 35.24800385
71.54548343 35.28885407
71.54548343 35.32854157
71.57194177 35.37042532
71.60062219 35.40791657
71.58739302 35.46083324
71.57194177 35.54682282
71.5190251 35.5975174
71.48362674 35.7146162
71.42755781 35.83373037
71.39758548 35.88018749
71.34286014 35.93853018
71.22018029 36.00069693
71.18509199 36.04211559
71.23289269 36.12180065
71.31257775 36.17120331
71.46326623 36.29326305
71.54584517 36.3776765
71.62046594 36.43648428
71.71637739 36.4265624
71.77260135 36.4318334
71.82221073 36.48609365
71.92070601 36.53420441
72.09557905 36.63375906
72.15676395 36.70088675
72.24983321 36.73473481
72.32698612 36.74240876
72.43116581 36.76581818
72.53136641 36.80201752
72.62283369 36.8295869
72.76623579 36.83501293
72.99371545 36.85160106
73.11675703 36.86855093
73.41115767 36.88170258
73.73180993 36.88777456
73.76912031 36.88847219
73.90787154 36.85294465
74.00181929 36.82307567
74.03892297 36.82571117
74.19467573 36.89686962
74.43104374 36.98371186
74.54137292 37.02218496
74.60064579 37.03665436
74.69221642 37.03572419
74.76601037 37.01272818
74.84125126 36.97908682
74.88931034 36.95242178
74.94915165 36.96833812
75.05395145 36.98714834
75.14521203 36.97322154
75.34664676 36.91345775
75.37687748 36.88371796
75.42416141 36.73822297
75.46023156 36.72504548
75.57371301 36.75930695
75.66719567 36.74196951
75.77220218 36.69491812
75.84026004 36.64970124
75.88501183 36.60071198
75.93301924 36.52156953
75.95188114 36.45811087
75.97441206 36.38243073
75.9686243 36.16885204
75.93410445 36.13391877
75.90485558 36.08846935
75.91229699 36.04896271
75.94511153 36.01759512
76.01048221 35.99635611
76.07084029 35.98299775
76.10329308 35.9492272
76.14783817 35.82902782
76.1778105 35.81052766
76.25165612 35.81091523
76.38575646 35.83714102
76.50202844 35.87822378
76.55127608 35.88706045
76.56342004 35.77298473
76.63183963 35.72936982
76.72754439 35.67867524
76.76687015 35.66169953


# Sri Lanka
# from http://www.rjruss.info/2010/12/free-countries-of-world-in-polygon-kml.html
79.87484582 9.05071402
79.90368127 8.97500804
79.82110233 9.0268395
79.76684208 9.06975678
79.74761844 9.10461254
79.85996301 9.06570018
79.87484582 9.05071402

79.96951704 9.63067862
79.90688521 9.61982656
79.85737918 9.68635997
79.84570031 9.71465282
79.85861942 9.73439322
79.872262 9.74431509
79.8884884 9.74116283
79.9119495 9.67915111
79.96951704 9.63067862

79.9823328 9.81268301
80.07845096 9.80746369
80.180977 9.81002167
80.25280724 9.79632742
80.37600386 9.64233165
80.71107385 9.36635366
80.89349165 9.08590567
80.91002811 9.02451406
80.93545292 8.97149405
80.97917118 8.95694713
81.0159648 8.93263337
81.19827925 8.66195222
81.21925988 8.60841543
81.21626265 8.54942678
81.22701135 8.50552766
81.27455366 8.48361685
81.33398156 8.472093
81.37284224 8.43144949
81.42214155 8.21520946
81.42214155 8.14784923
81.43599084 8.11891043
81.6654342 7.78247101
81.67876672 7.74154328
81.67628625 7.71092499
81.68290083 7.68446666
81.72734256 7.62501293
81.79669234 7.46481599
81.83203902 7.42843578
81.87410363 7.28831513
81.87689416 7.02045034
81.86139123 6.90128449
81.81860314 6.75620291
81.76775353 6.61432526
81.71266646 6.5118509
81.63742557 6.42513784
81.37997359 6.24091136
81.30628299 6.20385936
80.97110965 6.08838837
80.72409631 5.97904104
80.49578983 5.94935293
80.26738 6.00976268
80.09529748 6.15316478
80.00724084 6.36441804
79.94698612 6.58450796
79.85934289 6.82929922
79.79206017 7.58522207
79.75991743 7.79647533
79.70782759 8.0656837
79.71299523 8.18234325
79.74978885 8.29422272
79.7496855 8.04886302
79.78348189 8.01845144
79.80890669 8.05002574
79.83195438 8.30404125
79.85086795 8.41155406
79.94181848 8.69151114
79.94367883 8.74117219
79.92796919 8.84643708
79.92889937 8.89919872
80.06480838 9.09567251
80.0996383 9.20998078
80.11834517 9.32687287
80.11090376 9.45327342
80.08630578 9.57781363
80.19606652 9.53812613
80.2564246 9.4947696
80.3180229 9.46541739
80.36794234 9.48048107
80.42830041 9.48097199
80.38530562 9.54877147
80.25756148 9.61127412
80.04579146 9.64987641
79.97954227 9.69938243
79.95401411 9.74235139
79.96703657 9.79263255
79.9823328 9.81268301


