20.06397464 42.54727407
20.10355879 42.52466564
20.18577599 42.42588614
20.24050134 42.33896638
20.3482467 42.30881318
20.40829471 42.27496511
20.48544763 42.2233662
20.52280969 42.17148306
20.57541629 42.01309479
20.58141076 41.91744172
20.56616621 41.87369762
20.55314375 41.86235464
20.50513635 41.70649852
20.51660851 41.62707185
20.5161951 41.5747753
20.47557743 41.55410472
20.44860233 41.52126435
20.49242394 41.39142731
20.48704959 41.33608185
20.48896162 41.2726232
20.56787153 41.12782583
20.61448368 41.08307404
20.65603153 41.06168
20.70930993 40.9283548
20.74078088 40.90525544
20.87017866 40.91791616
20.93348229 40.90313671
20.95854536 40.87151073
20.96428145 40.84990998
20.95575484 40.77528921
20.98789758 40.71777334
21.03109907 40.6586555
21.03089237 40.622482
21.00190189 40.56339
20.95017378 40.49440196
20.88165083 40.46791779
20.80609989 40.44543854
20.77002974 40.39190176
20.7516846 40.33490266
20.71788822 40.29268301
20.69701094 40.24638093
20.66497155 40.15176138
20.65737512 40.11739655
20.60626712 40.08266999
20.52704715 40.06851065
20.45604374 40.06556509
20.40803633 40.04944204
20.38369673 40.01717011
20.33842818 39.99104768
20.31114302 39.97942048
20.31134973 39.9507659
20.34426761 39.89064037
20.38162967 39.84180614
20.3824565 39.8026354
20.36405969 39.79173168
20.30618208 39.79669261
20.29383141 39.78222321
20.28757857 39.73855663
20.27207564 39.70119457
20.24820112 39.67837942
20.20685998 39.65349722
20.13110233 39.66161042
20.05978885 39.69912751
20.02258182 39.71070303
20.00129113 39.70941112
19.99560672 39.8010076
19.96480757 39.87224356
19.85184289 40.04357677
19.48452681 40.20994904
19.39812381 40.28487987
19.36019331 40.34769257
19.32226281 40.40709463
19.35864302 40.40874828
19.39450646 40.39371044
19.44049849 40.37567536
19.45920536 40.40538931
19.43925825 40.47024323
19.34458703 40.62206859
19.33745568 40.66382315
19.38386112 40.79074046
19.46127241 40.93331574
19.45610477 41.10604422
19.48008264 41.23637218
19.4534176 41.32101817
19.44060184 41.42475861
19.49734256 41.56270885
19.54581506 41.59684113
19.57568403 41.64040436
19.57754439 41.78747549
19.46830041 41.85612763
19.34241662 41.86907258
19.34546553 41.91886282
19.36112349 41.99774689
19.35213179 42.02402436
19.36143355 42.06911205
19.3308411 42.12928925
19.28071496 42.17256826
19.32898075 42.24925609
19.39957075 42.34191193
19.46509647 42.41536998
19.54457482 42.49195445
19.59743981 42.56543834
19.65443892 42.62858694
19.7033765 42.6479656
19.72781945 42.63452973
19.74073856 42.60690868
19.737793 42.52515656
19.75448449 42.49694123
19.78828088 42.4761673
19.85980106 42.48634756
19.93907271 42.50670808
20.04573286 42.54990957
20.06397464 42.54727407
NaN  NaN
19.00713993 44.86919953
19.0420732 44.87131826
19.1315251 44.89958527
19.23678999 44.91426138
19.31270267 44.8974407
19.34861779 44.88093008
19.35688602 44.85855419
19.33451013 44.7806778
19.29187707 44.69675528
19.22314741 44.6095513
19.15131717 44.52733409
19.1324036 44.4837967
19.12733931 44.41457612
19.11845096 44.35997997
19.12837284 44.33026602
19.15183394 44.30251577
19.231519 44.28055329
19.33890262 44.22582795
19.43021488 44.15451447
19.54715864 44.07348583
19.58374556 44.04346182
19.58369388 44.01108653
19.54953576 43.98713451
19.44938683 43.97801362
19.34520715 43.98509329
19.30531294 43.99336152
19.26810591 43.98346548
19.24505822 43.96501699
19.25725386 43.94331289
19.36401737 43.84476594
19.48814416 43.70356009
19.4950688 43.64286612
19.47997928 43.59516877
19.45124719 43.56204418
19.39962243 43.56757355
19.36029667 43.59346345
19.30076542 43.5918098
19.25446333 43.58436839
19.19436364 43.53331208
19.16433963 43.53543081
19.11276655 43.52775686
19.08005537 43.5177058
19.02832726 43.53251109
18.97417036 43.54235546
18.95070926 43.52667166
18.94021895 43.49672517
18.9738603 43.4423874
19.03669885 43.35730215
19.02667362 43.29244823
18.97866621 43.28542023
18.93468957 43.33944794
18.89562219 43.3482071
18.8510771 43.34634675
18.74922285 43.28353404
18.67424035 43.23082408
18.65687707 43.19392711
18.63000532 43.15364533
18.62184045 43.12460318
18.62359745 43.02768403
18.48846358 43.01215526
18.46014489 42.99789256
18.44386681 42.968437
18.45502892 42.8441035
18.466036 42.7772342
18.54329227 42.67419139
18.54592777 42.64158356
18.53492069 42.62013784
18.48004032 42.57918427
18.45394372 42.56448233
18.43637373 42.5597281
18.34661177 42.58665152
18.30397871 42.5994156
18.12388635 42.69057282
18.04451135 42.7412674
17.91883426 42.80741324
17.84126794 42.84505952
17.80199385 42.90223949
17.74024051 42.91546865
17.66758345 42.89712352
17.58510786 42.93836131
17.64345056 42.95975536
17.65776493 42.9800642
17.65053023 43.00657421
17.62479536 43.04274771
17.40222497 43.19891389
17.29303267 43.30562572
17.27525598 43.34386628
17.27380903 43.4457722
17.24807417 43.47021516
17.08462162 43.51656892
16.90189375 43.64901561
16.7134298 43.77882681
16.68769494 43.81505199
16.59049157 43.91318553
16.47204919 44.00258576
16.37753299 44.05963654
16.3001217 44.12449046
16.21423547 44.21513093
16.16984541 44.3520218
16.13031294 44.47371979
16.1034412 44.52100373
16.04907759 44.53759186
15.88004398 44.68194998
15.73664188 44.76579499
15.73798547 44.85640961
15.76149824 45.0075115
15.78811161 45.17894807
15.82288985 45.2027709
15.88826053 45.21574169
15.96319136 45.21080659
16.02835534 45.18959341
16.15728804 45.07223623
16.23103031 45.02660594
16.29340376 45.00882925
16.3650273 45.05833527
16.45349735 45.1619982
16.53070194 45.21672354
16.79078942 45.19685395
16.91868859 45.27656485
17.12539432 45.17176504
17.21066043 45.15605541
17.25871952 45.17057648
17.32414188 45.1639619
17.46914595 45.13331778
17.50263228 45.12034699
17.54624719 45.12256908
17.65347578 45.16349681
17.69011437 45.15838085
17.81279422 45.07810151
17.87439253 45.07724885
17.94859989 45.11187206
17.99629723 45.14181855
18.13721887 45.11936514
18.21793745 45.1329302
18.28496179 45.13429963
18.35756717 45.1205537
18.42391971 45.10200186
18.48830855 45.08585297
18.66256148 45.07745555
18.74607059 45.02650259
18.77940189 44.97722911
18.78017704 44.94720511
18.78834191 44.9148815
18.83640099 44.88325552
18.94130415 44.86516877
19.00713993 44.86919953
NaN  NaN
28.58531498 43.7422399
28.5618022 43.50132437
28.46537398 43.38928986
28.31964644 43.42685863
28.13371463 43.39559439
28.035116 43.26826366
27.97930545 43.23053986
27.92886926 43.18614981
27.89651981 43.02068187
27.8888717 42.74969066
27.81838504 42.71666942
27.75368615 42.70654084
27.484762 42.4680541
27.63958459 42.4009781
27.70821089 42.34994762
27.82138228 42.2080183
27.9827161 42.04740795
28.01444543 41.96906647
27.8792082 41.98663646
27.83192427 41.98128795
27.80164188 41.95653494
27.73890669 41.96152171
27.66118534 41.96131501
27.57984663 41.93289297
27.53483646 41.92077485
27.47484012 41.94689728
27.36290897 42.02503205
27.29490278 42.07955069
27.24436323 42.09324494
27.1933586 42.07709606
27.01171594 42.05864757
26.96872114 42.02684073
26.88485029 41.99185578
26.80035933 41.97516429
26.67922977 41.96333039
26.6153577 41.96488068
26.57970096 41.94795665
26.54972863 41.89671947
26.52931644 41.84667084
26.51143639 41.82636201
26.36038618 41.80158316
26.32720991 41.77279938
26.31801151 41.7446874
26.32090539 41.71657543
26.20060265 41.74378307
26.10737837 41.72567048
26.08557092 41.70417308
26.06598555 41.6732189
26.07699263 41.64019766
26.11120243 41.60820995
26.14360355 41.52154857
26.15517907 41.43488719
26.13533532 41.38574291
26.06634728 41.35068045
25.92330692 41.31189728
25.78491743 41.33042329
25.72393924 41.31504955
25.62151655 41.31008861
25.52705204 41.299805
25.38194461 41.26435497
25.25115156 41.24352936
25.13338098 41.31577302
24.99354455 41.36496898
24.84688683 41.39421784
24.79583052 41.37290131
24.77371301 41.35608063
24.65103316 41.4199527
24.59599776 41.44274201
24.56928104 41.46739167
24.51822473 41.55255443
24.48794234 41.5552416
24.38675988 41.52353811
24.28940148 41.52503673
24.230387 41.53079865
24.05603071 41.52723298
24.03287967 41.46909699
24.01138228 41.46005362
23.97350345 41.45230215
23.88089929 41.45594534
23.76230187 41.41297639
23.63517785 41.38677643
23.53580407 41.38605296
23.43343306 41.39871369
23.37204146 41.38964448
23.23985314 41.38496776
23.15598229 41.32207754
23.02560265 41.32564322
22.91599694 41.33628856
22.9296912 41.35608063
22.95149865 41.60562613
23.00565555 41.716963
23.00364017 41.73982982
22.9919613 41.7571931
22.94395389 41.77509899
22.90917565 41.83519868
22.83677697 41.99361278
22.79605594 42.02570384
22.68231612 42.0591385
22.58273563 42.10482046
22.49824466 42.16510102
22.34404219 42.31395498
22.4220736 42.32886363
22.44568973 42.35912018
22.52351444 42.44097565
22.53240278 42.48117992
22.52423791 42.50389171
22.47204471 42.54329499
22.43623294 42.62910371
22.46325972 42.7094864
22.46563683 42.75077587
22.43923018 42.79165192
22.46677372 42.84250153
22.52279097 42.87030345
22.55808597 42.87846833
22.70619063 42.88392019
22.79988 42.9857486
22.8568791 43.01825308
22.9152218 43.07597565
22.94230025 43.09705964
22.96798343 43.14201813
22.9768201 43.18801016
22.85961795 43.25234732
22.81967207 43.30071646
22.76753055 43.35414989
22.69694055 43.39104686
22.55462365 43.45450552
22.49912316 43.51884268
22.47411177 43.60224844
22.43628462 43.66550039
22.39484012 43.70663483
22.38688195 43.74012116
22.36962202 43.78128144
22.36538456 43.86210338
22.39907759 43.96953868
22.42083337 44.00744335
22.46904748 44.01803701
22.59741174 44.0752945
22.6034062 44.14857168
22.62655724 44.19409862
22.66748498 44.22019522
22.70510542 44.23779104
22.77517866 44.1952355
22.94540083 44.12728099
23.02849653 44.07798168
23.02446577 44.0472342
22.98539839 44.01700349
22.91129439 43.98718618
22.86829959 43.94788626
22.85641402 43.89902619
22.86767948 43.86455801
22.91904585 43.83445649
23.2246086 43.87388561
23.53456384 43.85357677
23.95076582 43.78665579
24.22676965 43.76347891
24.4305815 43.79438142
24.80818119 43.73841584
25.1596326 43.686326
25.49707971 43.67079723
25.68611209 43.7117508
25.81881717 43.76683788
25.9334355 43.87055248
26.21579553 44.00728832
26.48921553 44.08397614
26.84774662 44.14619457
27.08690514 44.16740774
27.12064986 44.14614289
27.4253341 44.02051748
27.56103641 44.0200524
27.67090051 43.99777985
27.71079471 43.96460358
27.73859663 43.95630952
27.8842725 43.98734121
27.94891971 43.91861156
28.04999881 43.82239004
28.22197798 43.77283234
28.3751986 43.74479788
28.42346439 43.7404829
28.58531498 43.7422399
NaN  NaN
17.60784549 42.76901765
17.74427127 42.70033967
17.34419234 42.79036001
17.38956424 42.79862824
17.43193892 42.80038524
17.60784549 42.76901765
NaN  NaN
16.65069461 42.99660065
16.83559289 42.9686437
16.97108849 42.98151114
17.09366499 42.96435456
17.16983605 42.93259939
17.18823286 42.91704479
17.08932417 42.91487438
16.97749637 42.92779348
16.85068241 42.89552155
16.73885461 42.9127298
16.69637658 42.93371044
16.6663009 42.95991039
16.65069461 42.99660065
NaN  NaN
17.21985884 43.02590119
17.7236007 42.85066641
17.66758345 42.89712352
17.74024051 42.91546865
17.80199385 42.90223949
17.84126794 42.84505952
17.91883426 42.80741324
18.04451135 42.7412674
18.12388635 42.69057282
18.30397871 42.5994156
18.34661177 42.58665152
18.43637373 42.5597281
18.43807905 42.52296031
18.47668135 42.4811024
18.51745405 42.43291413
18.33296919 42.52786957
18.16067997 42.63401297
17.82385298 42.79741385
17.58500451 42.83715302
17.25820275 42.968437
17.0453992 43.01489411
17.12642785 43.02559113
17.21985884 43.02590119
NaN  NaN
17.19402062 43.12579173
17.12415409 43.11540477
16.67922 43.12315624
16.54982222 43.14387849
16.40585168 43.19736359
16.37649946 43.21374502
16.52140018 43.22924795
16.65596561 43.21374502
16.69730676 43.17493602
17.06110884 43.14387849
17.19402062 43.12579173
NaN  NaN
16.78526004 43.27064077
16.62744022 43.26808279
16.49029097 43.28616954
16.42311161 43.31722708
16.4281759 43.34340119
16.44894982 43.38706778
16.601602 43.38190013
16.83435265 43.3508426
16.89130008 43.31464326
16.87362674 43.29792593
16.78526004 43.27064077
NaN  NaN
15.37139286 43.97385366
15.43722863 43.89951712
15.37418338 43.9147875
15.30855431 43.96077953
15.2700037 44.01075064
15.37139286 43.97385366
NaN  NaN
15.23103967 44.06232372
15.24664595 44.02705455
15.12189904 44.09330374
15.07456343 44.13782298
15.06577844 44.15766673
15.23103967 44.06232372
NaN  NaN
15.18876834 43.9223581
15.20303104 43.90770783
15.20168745 43.89773428
15.14980431 43.91181611
15.13585168 43.90729442
14.8913188 44.12552399
14.86506717 44.16795034
14.9525037 44.11720409
15.18876834 43.9223581
NaN  NaN
15.18845829 44.33571788
15.16262007 44.30918203
15.09792118 44.35814545
15.03859663 44.39300121
14.99611861 44.43434235
14.9128162 44.48586376
14.88470422 44.54472321
14.76047407 44.66476756
14.74187056 44.69737539
14.80377892 44.64869619
14.855352 44.61825878
14.89803674 44.61081737
15.00645389 44.53420706
15.1130107 44.43573762
15.23992801 44.35021312
15.21357303 44.34757762
15.18845829 44.33571788
NaN  NaN
14.83147749 44.75892202
14.85659224 44.71484203
14.76254113 44.75465872
14.67820519 44.76987743
14.66032515 44.79979808
14.67241743 44.82434439
14.69050418 44.84816722
14.75416955 44.84480825
14.76378137 44.82139883
14.83147749 44.75892202
NaN  NaN
14.48813928 44.66006501
14.48038781 44.62125601
14.41951297 44.67032278
14.38892053 44.75830191
14.31243941 44.9004121
14.30251753 44.94040965
14.34220503 44.97994213
14.34003462 45.01999136
14.28587772 45.14463491
14.33124963 45.16499543
14.35822473 45.16742422
14.36918013 45.08096955
14.39377811 45.03125682
14.46736535 44.97020112
14.45258589 44.86919953
14.46757206 44.72535818
14.48255822 44.69334463
14.48813928 44.66006501
NaN  NaN
14.81029015 44.97704824
14.68699019 44.95562836
14.62828576 44.99394644
14.61298954 45.02544322
14.51170373 45.03539094
14.45041548 45.07921255
14.43790978 45.09864289
14.52462284 45.14680532
14.57113163 45.22473338
14.62993941 45.17801789
14.70114953 45.0900646
14.73918338 45.06549246
14.81029015 44.97704824
NaN  NaN
16.74805301 46.41641775
16.87145633 46.33929068
16.93997928 46.25366283
17.0326868 46.18731029
17.14957889 46.14033641
17.24218306 46.07661937
17.31060265 45.99615917
17.40630741 45.95109732
17.52919396 45.94133047
17.60701867 45.91378693
17.63967818 45.86836335
17.70639245 45.82725475
17.80716149 45.79040945
17.96384444 45.77028148
18.26392948 45.76547557
18.29059452 45.76444204
18.35829064 45.75302155
18.43730391 45.76733592
18.5335771 45.7961197
18.56468631 45.81330211
18.66597212 45.90748241
18.72178267 45.89936921
18.83299035 45.91084138
18.90032474 45.93171865
18.90538903 45.93171865
18.90109989 45.90763744
18.89355513 45.86552115
18.83908817 45.83575552
18.8944853 45.76710338
18.94729862 45.65581818
18.91784305 45.60083446
18.9537065 45.5579947
19.05509566 45.52724722
19.06429406 45.5149999
19.0332882 45.50218415
19.00765669 45.46580394
19.00465946 45.39950308
19.09307783 45.33692292
19.27280847 45.27796011
19.33027266 45.26808991
19.35223514 45.2454298
19.38231083 45.2306245
19.39998417 45.21248607
19.40101769 45.18907665
19.38809859 45.17300528
19.30303918 45.16726919
19.20599084 45.16778596
19.13695112 45.19623383
19.13074995 45.17548574
19.12971642 45.15171459
19.06284712 45.13719351
19.10005415 44.97379263
19.08527469 44.92676708
19.06052168 44.91100576
19.03757735 44.91751699
19.00951704 44.91937735
18.99546105 44.90402945
19.00713993 44.86919953
18.94130415 44.86516877
18.83640099 44.88325552
18.78834191 44.9148815
18.78017704 44.94720511
18.77940189 44.97722911
18.74607059 45.02650259
18.66256148 45.07745555
18.48830855 45.08585297
18.42391971 45.10200186
18.35756717 45.1205537
18.28496179 45.13429963
18.21793745 45.1329302
18.13721887 45.11936514
17.99629723 45.14181855
17.94859989 45.11187206
17.87439253 45.07724885
17.81279422 45.07810151
17.69011437 45.15838085
17.65347578 45.16349681
17.54624719 45.12256908
17.50263228 45.12034699
17.46914595 45.13331778
17.32414188 45.1639619
17.25871952 45.17057648
17.21066043 45.15605541
17.12539432 45.17176504
16.91868859 45.27656485
16.79078942 45.19685395
16.53070194 45.21672354
16.45349735 45.1619982
16.3650273 45.05833527
16.29340376 45.00882925
16.23103031 45.02660594
16.15728804 45.07223623
16.02835534 45.18959341
15.96319136 45.21080659
15.88826053 45.21574169
15.82288985 45.2027709
15.78811161 45.17894807
15.76149824 45.0075115
15.73798547 44.85640961
15.73664188 44.76579499
15.88004398 44.68194998
16.04907759 44.53759186
16.1034412 44.52100373
16.13031294 44.47371979
16.16984541 44.3520218
16.21423547 44.21513093
16.3001217 44.12449046
16.37753299 44.05963654
16.47204919 44.00258576
16.59049157 43.91318553
16.68769494 43.81505199
16.7134298 43.77882681
16.90189375 43.64901561
17.08462162 43.51656892
17.24807417 43.47021516
17.27380903 43.4457722
17.27525598 43.34386628
17.29303267 43.30562572
17.40222497 43.19891389
17.62479536 43.04274771
17.65053023 43.00657421
17.65776493 42.9800642
17.64345056 42.95975536
17.58510786 42.93836131
17.53735884 42.96223583
17.32992964 43.11491385
17.12942508 43.21110952
16.90308231 43.39241629
16.60025842 43.46406566
16.3939661 43.54333731
16.26890913 43.53124502
16.13103641 43.50628531
16.045977 43.50551016
15.98551558 43.51977285
15.94262414 43.56896882
15.94913537 43.60700267
15.94148726 43.65663789
15.82056441 43.73593537
15.65561323 43.81127961
15.49944706 43.9087672
15.18587446 44.17213614
15.12293257 44.25678213
15.18463423 44.27290518
15.23134973 44.27145824
15.28426639 44.28882152
15.36973921 44.28926077
15.47102502 44.271975
15.38131473 44.32827648
15.26979699 44.38349274
14.98133915 44.60293671
14.89524621 44.7065738
14.88522098 44.81824657
14.90651167 44.97136384
14.85462853 45.08102123
14.63200646 45.22289887
14.55046105 45.29772635
14.38613 45.3421164
14.31264611 45.33780142
14.26851444 45.28253347
14.2363717 45.15967276
14.09064416 44.99761546
14.04196496 44.92718049
13.9657939 44.83566153
13.89975142 44.829357
13.86078739 44.83741852
13.74244836 44.99151765
13.62927697 45.10817719
13.61346398 45.16344514
13.6033354 45.23139964
13.51713911 45.4817978
13.5779106 45.51688609
13.61522098 45.47675935
13.87866743 45.4283902
13.93561486 45.44978425
13.97013472 45.48259878
13.97034142 45.50334687
13.99282067 45.50944469
14.08557987 45.47784455
14.16123417 45.48513093
14.28298384 45.48662954
14.3699036 45.4814619
14.42736779 45.50574982
14.5051925 45.59520173
14.53402795 45.64527619
14.56885786 45.65721345
14.5918022 45.65127066
14.60854536 45.61008454
14.6494731 45.57148225
14.73360233 45.50848867
14.7930819 45.47820629
14.84708377 45.46735423
14.90000044 45.49267569
14.95457075 45.49991039
15.11047855 45.45079194
15.24209842 45.44141267
15.33945682 45.46704418
15.32669274 45.5022875
15.29119103 45.54153575
15.28354292 45.57967296
15.29010583 45.61266836
15.35697513 45.6454829
15.35371952 45.65992646
15.27294925 45.71772655
15.27703169 45.73260936
15.45407515 45.79761831
15.6247624 45.83402436
15.65220259 45.86216218
15.66806725 45.90445934
15.67561201 45.98370515
15.6662069 46.04850739
15.59690881 46.1092272
15.59256799 46.13997468
15.60900109 46.17193655
15.63597619 46.20072032
15.70424076 46.21325186
15.78428755 46.23397411
15.84759118 46.25787446
15.93332238 46.27764069
16.00070845 46.30539094
16.06649255 46.37133006
16.10643843 46.38220795
16.22741296 46.37282868
16.25330285 46.38910676
16.23676639 46.48382966
16.25841882 46.50788504
16.3012069 46.52139842
16.32120568 46.53462759
16.42765913 46.52439566
16.51618086 46.49990103
16.56997603 46.48499238
16.74805301 46.41641775
NaN  NaN
32.71271162 35.17105764
32.72020471 35.14537446
32.78407678 35.1157897
32.86944624 35.08938304
32.91957238 35.08783275
32.98592492 35.11640982
33.07749556 35.14617544
33.190977 35.1731247
33.24833784 35.15692414
33.32554243 35.15361685
33.38383345 35.1627119
33.42424442 35.14093028
33.45592207 35.10142365
33.46382857 35.00494375
33.4758175 35.00034455
33.52568526 35.03868846
33.61441369 35.02274628
33.67539188 35.01786286
33.7257764 35.03731904
33.75693729 35.03972199
33.79228397 35.04819693
33.83197147 35.06716218
33.86643965 35.09359467
33.90328495 35.08545563
33.96571008 35.05677521
34.0044674 35.06525015
34.02358768 35.04556143
34.05014937 34.98835562
33.93656457 34.97145742
33.82246301 34.96590221
33.75900435 34.9732661
33.69936974 34.96988129
33.51447147 34.80645458
33.41494266 34.75087657
33.29660363 34.71772614
33.17609419 34.69803742
33.11552941 34.69555695
33.06230269 34.67478303
33.02488895 34.6369042
33.02395877 34.60000723
33.00793908 34.56956981
32.94179325 34.57587434
32.91419803 34.6354831
32.86717248 34.66114045
32.75007368 34.64780793
32.6930229 34.64938406
32.50554081 34.70625397
32.44900679 34.72945669
32.41376346 34.77803254
32.31723189 34.95329316
32.30100549 35.08297517
32.39092248 35.0497989
32.47505171 35.09000316
32.555977 35.15578726
32.65230187 35.18268484
32.71271162 35.17105764
NaN  NaN
14.80941166 50.85896312
14.89576297 50.86139191
14.98288944 50.88655834
14.98996911 50.92722769
14.98443973 51.00339875
14.99374149 51.01437999
15.1259298 50.99285676
15.25863488 50.95854361
15.27703169 50.8830185
15.31258508 50.84573395
15.35439131 50.81178254
15.39464725 50.79627961
15.46399702 50.79385082
15.64393436 50.74886648
15.73054406 50.73971975
15.81922082 50.70868806
15.89389326 50.67690705
15.94851525 50.67024079
15.9738367 50.63546255
16.00721968 50.61163972
16.06644087 50.62993317
16.28224165 50.65561636
16.35996301 50.62140656
16.41251794 50.58518138
16.41970096 50.57365754
16.39231245 50.54166983
16.37908329 50.51691682
16.35660404 50.50048371
16.28255171 50.48299124
16.2406938 50.45467255
16.21030806 50.42371837
16.23072025 50.39408194
16.2913367 50.37186107
16.33412479 50.36690013
16.35045454 50.34519603
16.48760379 50.24840607
16.59664107 50.12190217
16.63911909 50.10216177
16.67911665 50.09748505
16.72531538 50.11606273
16.77864546 50.15704214
16.84174238 50.18670441
16.89533084 50.20194896
16.98969201 50.23693391
16.99341271 50.25969737
16.91476118 50.34519603
16.86918257 50.41449413
16.88003462 50.42702566
16.98080366 50.4160961
17.15195601 50.37832062
17.41519575 50.25476227
17.46232466 50.25476227
17.55461877 50.26406403
17.65466434 50.28421784
17.70225834 50.30716218
17.7200867 50.29863557
17.73548628 50.23078441
17.70928633 50.19355154
17.58934533 50.15745555
17.59626997 50.13952383
17.62706913 50.11642447
17.681071 50.10076651
17.74654504 50.05678986
17.79171024 50.00661205
17.83129439 49.98330598
17.87475427 49.97224722
17.98384321 49.99906729
18.01464237 50.02028046
18.02828495 50.03524079
18.04947228 50.0319335
18.08766117 50.00728384
18.09918501 49.9927886
18.20527673 49.96475414
18.26630659 49.93028596
18.3053223 49.91405956
18.34847212 49.92984671
18.51621382 49.90238068
18.56241255 49.87933299
18.57719201 49.84111827
18.56882043 49.81794139
18.59465864 49.75779003
18.80689375 49.61371613
18.82926965 49.54012889
18.8322152 49.51077668
18.80704878 49.50922639
18.74973962 49.49400768
18.67620405 49.48845246
18.596519 49.49144969
18.53455895 49.4646813
18.47611291 49.42111807
18.41585819 49.39091319
18.38309533 49.3639381
18.36480187 49.33623953
18.16093835 49.25735546
18.13261966 49.22456676
18.10998539 49.17978913
18.10042525 49.1193277
18.08595584 49.06511913
18.05086755 49.03654206
17.94074507 49.01194408
17.91330488 48.99874075
17.89268599 48.9711197
17.83088098 48.92858999
17.75853397 48.88812735
17.62541548 48.84182526
17.48258182 48.82776927
17.29685672 48.84283295
17.18843957 48.86094554
17.13562625 48.84105012
17.06333093 48.78074372
16.98524784 48.67689993
16.9531051 48.59884268
16.92830041 48.62090852
16.88365197 48.70369416
16.83321577 48.71428783
16.76448612 48.72203929
16.71270633 48.73423493
16.60098189 48.7818806
16.54351769 48.79624665
16.47788862 48.80012238
16.41484338 48.77208792
16.36730106 48.73898916
16.21929976 48.73940257
16.05724247 48.75480215
15.82521528 48.86445954
15.76501224 48.86544139
15.70077844 48.86042878
15.59944095 48.88639619
15.40291548 48.95737377
15.31093143 48.97401358
15.25274377 48.963885
15.1996204 48.94812368
15.16168989 48.94626333
15.13977909 48.96933686
15.06681196 48.99783641
14.99343143 49.00111787
14.97214074 48.98393545
14.94733605 48.82774344
14.92253137 48.77139029
14.82186568 48.77399995
14.78595056 48.74736074
14.70667891 48.67191315
14.69133101 48.59920441
14.5538717 48.61331208
14.48870772 48.62555939
14.43108849 48.61625764
14.36762984 48.5762084
14.18986291 48.57858552
14.04914798 48.60251171
13.98873823 48.6924287
13.9243494 48.72803376
13.84311405 48.75986644
13.81474369 48.76694611
13.76988854 48.81598705
13.68498417 48.87670685
13.54762821 48.95967337
13.44076135 48.95559093
13.4011772 48.97760509
13.38371056 49.00809418
13.3391138 49.06077831
13.28878096 49.09744274
13.22785445 49.11167959
13.14052127 49.15834341
13.02373254 49.26009431
12.91665897 49.33047761
12.81340946 49.32936656
12.74788374 49.36618602
12.68111779 49.41450349
12.63202518 49.46121898
12.55575077 49.57485546
12.50030195 49.63970938
12.45704878 49.67981029
12.40821455 49.71319326
12.39048954 49.7396516
12.45022749 49.8001647
12.47182824 49.83008535
12.4975631 49.85305553
12.51254927 49.87742097
12.5120325 49.89579194
12.45756555 49.95550406
12.38413334 49.9986022
12.27643965 50.0423463
12.20781335 50.09751089
12.1824919 50.14805044
12.17499881 50.17585236
12.12786991 50.21342113
12.0897327 50.26855988
12.08983605 50.30173615
12.09924116 50.31098623
12.13484623 50.31093456
12.17479211 50.28840363
12.2311711 50.24489208
12.27731815 50.18143342
12.30563683 50.2056955
12.3585535 50.27326244
12.45265628 50.34979523
12.54903283 50.39341014
12.63553918 50.39705333
12.70643924 50.40911978
12.76545373 50.43097891
12.86828983 50.42221975
12.94270389 50.40645844
12.96683679 50.41619945
12.9970675 50.45604198
13.01644616 50.49038097
13.18113895 50.5104831
13.23767297 50.57675812
13.26950565 50.57642223
13.30609256 50.58631826
13.34102583 50.61140717
13.37461551 50.62171662
13.4011772 50.60931428
13.43616214 50.60109772
13.47259403 50.61693655
13.52654422 50.69282339
13.55672326 50.70465729
13.70141727 50.7164912
13.89851118 50.76129466
13.9984534 50.80111136
14.09653527 50.82276378
14.20180016 50.86123688
14.36907678 50.89875397
14.37703495 50.9140502
14.29941695 50.95260082
14.27337202 50.97688874
14.25585371 51.00184846
14.28324222 51.02946951
14.31972578 51.03781525
14.36731978 51.02629141
14.50736291 51.0098583
14.54570682 50.9939678
14.55965946 50.95492626
14.59521284 50.91859772
14.62384159 50.91474783
14.61360965 50.85555248
14.65815474 50.83260814
14.7233704 50.81467642
14.76646854 50.81831961
14.7974744 50.84232331
14.80941166 50.85896312
NaN  NaN
22.61735884 58.62125418
22.68836226 58.59704377
22.75378462 58.60469188
22.82013716 58.6215384
22.96421105 58.60572541
23.29287316 58.48351065
23.3232589 58.45085114
23.12709517 58.43596833
23.08265344 58.39847708
23.03542118 58.37230296
22.97992069 58.36387971
22.88514611 58.3112731
22.75698856 58.26088858
22.73032352 58.2306837
22.49839969 58.23623892
22.37168908 58.21714448
22.26936974 58.16073965
22.22730513 58.05180573
22.15247765 57.966798
22.07630659 57.93605052
21.99682824 57.93132213
21.97801802 57.963284
21.98556278 57.99516836
22.15289107 58.11531607
22.18772098 58.15433177
22.10441857 58.17166922
22.03455204 58.21339794
21.88210656 58.26233552
21.85451135 58.30163544
21.89099491 58.30460684
21.92437788 58.3158723
21.96499556 58.34884186
21.98411584 58.38666901
21.86226281 58.49715323
21.92437788 58.51425812
22.00189253 58.51027904
22.08137088 58.4781363
22.1686007 58.51580842
22.20560103 58.52138947
22.26657922 58.5079536
22.32817752 58.58084321
22.47442183 58.60489859
22.54697554 58.62737783
22.61735884 58.62125418
NaN  NaN
23.34351607 58.55032827
23.26031701 58.53999299
23.0634298 58.61109976
23.10911177 58.65921052
23.16543908 58.67812409
23.33276737 58.64856517
23.35643517 58.57554637
23.34351607 58.55032827
NaN  NaN
22.92369673 58.82690054
22.84173791 58.77744619
22.792852 58.79721243
22.76732385 58.82090607
22.66138716 58.70915579
22.54222131 58.69000967
22.47266483 58.71207551
22.478866 58.75383006
22.41106652 58.8633841
22.3074036 58.89547517
22.16188277 58.8984724
22.05625614 58.94358592
22.4626396 58.9743334
22.50460086 59.02644908
22.5871798 59.08120026
22.64939823 59.08709138
22.70221154 59.07443065
22.71223677 59.0320043
22.72546594 59.01510611
22.90984745 58.99120576
22.98167769 58.91981477
23.00865278 58.83392853
22.92369673 58.82690054
NaN  NaN
25.50927534 59.63899567
25.61572879 59.62752351
25.79370243 59.63465485
26.46084517 59.55388459
26.62496952 59.55388459
26.85203576 59.47177074
26.97471561 59.45063508
27.33583052 59.45050589
27.8925924 59.41420319
28.00183638 59.46980703
28.0125334 59.48427643
28.0658118 59.45316722
28.13299116 59.40309276
28.15107792 59.37443818
28.12828861 59.35756582
28.06136763 59.34325145
28.04612308 59.32785187
28.01646081 59.30172944
27.93817101 59.29700104
27.89765669 59.27762238
27.84949426 59.19266633
27.75766524 59.05200308
27.62175622 58.94495535
27.51308068 58.88627676
27.46440148 58.84131826
27.43417077 58.78726472
27.42703942 58.73305614
27.53137414 58.43524486
27.5301339 58.38147553
27.50553592 58.32625926
27.48781091 58.27008698
27.50243534 58.22135611
27.57111332 58.13810537
27.64408044 58.01392691
27.67338098 57.93460358
27.72195682 57.90548391
27.76877567 57.88414155
27.77849084 57.87067984
27.77694055 57.8567272
27.75285933 57.84101756
27.54212284 57.79941804
27.51473433 57.76422639
27.4919967 57.7249523
27.40001265 57.66681631
27.37179732 57.61255606
27.35427901 57.55028596
27.35195357 57.52811677
27.32658044 57.52548127
27.18710575 57.5383487
27.03342004 57.57875967
26.96603397 57.60914541
26.89978478 57.60878368
26.81973799 57.58873322
26.53267541 57.53101065
26.4620854 57.54447236
26.29806441 57.60108389
26.21507206 57.66273387
26.03038049 57.78556875
26.01518762 57.81476594
25.9911064 57.8382012
25.79380578 57.8685611
25.72089033 57.91382966
25.66017053 57.92018586
25.57128706 57.94276846
25.33998335 58.03942923
25.28262251 58.04849844
25.26866987 58.03222036
25.27270064 58.00937938
25.25828291 57.99615021
25.22872399 57.99656363
25.17513553 58.03211701
25.11105676 58.06343293
24.91127567 58.00457347
24.83903202 57.98873465
24.77578006 57.98524649
24.45890018 57.90786103
24.36247196 57.86618399
24.32252608 57.87060232
24.33198286 57.90974722
24.46386112 58.10596263
24.48752892 58.26161205
24.53569136 58.28300609
24.54974735 58.304581
24.52907678 58.35424205
24.39223758 58.38610057
24.3369438 58.38139802
24.28723107 58.32801626
24.23565799 58.289569
24.11483849 58.2661079
24.01096887 58.30662222
23.76757287 58.3608308
23.70607792 58.43299693
23.69150516 58.50562816
23.56283084 58.57583059
23.50929406 58.65853872
23.5306881 58.7162613
23.64747684 58.75414012
23.68075646 58.78713553
23.53358198 58.78191621
23.50360965 58.78984854
23.49720178 58.81951081
23.43198612 58.92064159
23.48965702 58.96050996
23.51508182 58.99924144
23.46774621 59.03218517
23.48014855 59.06967642
23.51704553 59.10755524
23.49441125 59.19566356
23.6405522 59.24232738
23.78255903 59.27514191
24.08341922 59.29188508
24.0536536 59.37229361
24.17540327 59.37591096
24.380352 59.47264924
24.58354374 59.45564769
24.87758264 59.52205191
25.44374963 59.52112173
25.52095422 59.55946564
25.50741499 59.59801626
25.50927534 59.63899567
NaN  NaN
22.13185876 48.40531444
22.22709842 48.41342764
22.23112918 48.41213573
22.25376346 48.4073815
22.2694731 48.36089855
22.27216027 48.35800467
22.29510461 48.32728303
22.31670536 48.28663951
22.35019168 48.25604706
22.4238306 48.24330882
22.52015547 48.20537832
22.58242557 48.13401317
22.67632165 48.10440257
22.68314294 48.10362743
22.70153975 48.10701223
22.7691842 48.10962189
22.78220666 48.09520417
22.83620853 48.06029674
22.85724084 48.02954926
22.84649214 47.99704479
22.85610396 47.96030284
22.8766195 47.94725454
22.85176314 47.92257905
22.67678674 47.79904654
22.60836714 47.76630952
22.56294356 47.75956574
22.4913717 47.77256236
22.4174744 47.76266633
22.35143192 47.73620799
22.29066043 47.72783641
22.24461673 47.69636546
22.18508548 47.62903107
22.11196333 47.57203197
22.03796268 47.53660777
21.99972212 47.50503347
21.99527795 47.39571198
21.95424686 47.36424103
21.89926314 47.33256338
21.86929081 47.30460643
21.78547163 47.13815664
21.72180627 47.08482657
21.6614482 47.04389883
21.65142297 47.00653677
21.6526632 46.96377452
21.58414025 46.87837922
21.49442997 46.7897283
21.47706668 46.75337393
21.49711714 46.70428132
21.4110242 46.64785065
21.36131148 46.6207722
21.32017704 46.60780142
21.29454553 46.57245474
21.25222253 46.4863618
21.26322961 46.44773367
21.2645732 46.41230948
21.19181278 46.39153555
21.17041874 46.35267487
21.15191857 46.30435741
21.12163618 46.2824466
21.03988407 46.24224234
20.83700239 46.25970897
20.76021122 46.24622142
20.73737023 46.21748933
20.73271935 46.19444164
20.7073979 46.17281505
20.66099247 46.14565908
20.61365685 46.13351512
20.5080819 46.16692394
20.28096398 46.13299836
20.24184492 46.10860708
20.21016727 46.12602204
20.16138472 46.14188671
19.93411177 46.16147207
19.84440148 46.14589163
19.72451216 46.15191193
19.61345951 46.16917186
19.53072554 46.15519339
19.45755171 46.08736807
19.42127486 46.06444957
19.39290449 46.0497993
19.33022098 46.02850861
19.27813114 46.0028771
19.20841963 45.98442862
19.14625288 45.98701244
19.08734175 46.01618378
19.06625777 46.00951752
19.04765425 45.98267162
19.01571821 45.95972728
18.92786828 45.93138276
18.90538903 45.93171865
18.90032474 45.93171865
18.83299035 45.91084138
18.72178267 45.89936921
18.66597212 45.90748241
18.56468631 45.81330211
18.5335771 45.7961197
18.43730391 45.76733592
18.35829064 45.75302155
18.29059452 45.76444204
18.26392948 45.76547557
17.96384444 45.77028148
17.80716149 45.79040945
17.70639245 45.82725475
17.63967818 45.86836335
17.60701867 45.91378693
17.52919396 45.94133047
17.40630741 45.95109732
17.31060265 45.99615917
17.24218306 46.07661937
17.14957889 46.14033641
17.0326868 46.18731029
16.93997928 46.25366283
16.87145633 46.33929068
16.74805301 46.41641775
16.56997603 46.48499238
16.51618086 46.49990103
16.50569055 46.52207022
16.41846073 46.60723298
16.3812537 46.63865225
16.38456099 46.68082022
16.36719771 46.70479808
16.33546838 46.72161876
16.31841515 46.78251944
16.30849328 46.8279947
16.28358524 46.8572694
16.09305423 46.8632897
16.25257938 46.97191356
16.33185103 47.00219595
16.42388675 46.99695079
16.453394 47.00676931
16.46124881 47.02247895
16.47695845 47.05785147
16.48481327 47.09126028
16.49266808 47.12267955
16.48284956 47.14037873
16.43835615 47.14590811
16.41685876 47.22342276
16.43975142 47.25274913
16.4625924 47.27313548
16.43432539 47.36744497
16.44290368 47.39953604
16.5147856 47.40454865
16.5744202 47.42465078
16.62299605 47.44756928
16.63663862 47.47661144
16.67653283 47.5360135
16.63973921 47.60887726
16.43210331 47.65631623
16.42130293 47.67445466
16.4696204 47.69507355
16.5211418 47.72447744
16.55101078 47.7473701
16.59095666 47.7505482
16.64749068 47.73899852
16.74758792 47.68626272
16.78598351 47.67864045
16.82308719 47.69398835
16.86267134 47.6972698
16.97341393 47.69533194
17.06663822 47.70755341
17.04560591 47.76375153
17.04586429 47.80452424
17.03010298 47.83713207
17.0399215 47.87294383
17.07774865 47.90090078
17.08906579 47.96363597
17.14735681 48.00595897
17.17459028 48.01205679
17.27727136 48.00433116
17.3015076 47.99334992
17.31732059 47.99089529
17.48061812 47.88761994
17.63528568 47.80989859
17.76189294 47.77015941
17.94797977 47.76690379
18.14559045 47.76341564
18.47626794 47.7769807
18.72421146 47.78716096
18.74059289 47.80651378
18.77800663 47.85289338
18.74834435 47.89268423
18.75010135 47.9394514
18.79185591 48.00027456
18.91412235 48.05081411
19.26510868 48.07303498
19.46695682 48.1107071
19.49749759 48.16212515
19.56421187 48.21281973
19.62539676 48.22310334
19.70921594 48.19979727
19.81008833 48.15501964
19.89861006 48.131326
19.95038985 48.14662222
20.12862186 48.22201813
20.3337773 48.2955537
20.47495731 48.49510224
20.48999515 48.52690908
20.64311242 48.54969839
20.86661299 48.54566763
20.98117964 48.51967438
21.06732425 48.50592845
21.1963603 48.51060517
21.38239546 48.55347077
21.45133182 48.55223054
21.5046619 48.52189647
21.56315962 48.49572236
21.60264042 48.46365713
21.63250939 48.41849193
21.64858076 48.40149038
21.67462569 48.37836518
21.72149621 48.34655834
21.76697147 48.33810924
22.11134321 48.39337718
22.13185876 48.40531444
NaN  NaN
27.35195357 57.52811677
27.46967248 57.52403433
27.51111698 57.50816966
27.53871219 57.42980235
27.67276086 57.36812653
27.79688765 57.31694103
27.82861698 57.29329906
27.83822879 57.24769461
27.83021895 57.19446788
27.81456099 57.16689851
27.7627812 57.1351175
27.7174093 57.05463146
27.71110477 56.97807282
27.63948124 56.84565196
27.65570764 56.84322317
27.80608605 56.86707185
27.84866743 56.85342927
27.88153364 56.82418041
27.89207564 56.7410847
27.94137495 56.70372264
27.99160445 56.64532827
28.00752079 56.59985301
28.10317386 56.54572195
28.11087365 56.51068533
28.16926802 56.3868686
28.19169559 56.31555512
28.20203088 56.26039053
28.17335046 56.19034313
28.14792565 56.14293
28.11790165 56.14582388
28.03201542 56.13329234
27.8963131 56.07616405
27.69420658 55.94154694
27.64227176 55.91172964
27.58945845 55.8092036
27.57674605 55.7987908
27.45913049 55.80349335
27.4270911 55.80594798
27.30921716 55.80390677
27.05254032 55.83054597
26.95306319 55.8129243
26.82247684 55.7092097
26.77183394 55.69401683
26.62021528 55.67965078
26.59355025 55.66750682
26.54285567 55.67241608
26.40110721 55.70378368
26.28121789 55.7504475
26.20959435 55.81212332
26.08551924 55.89689851
26.00423221 55.94015168
25.87633304 55.99436026
25.66321944 56.10484447
25.58575646 56.13016592
25.20696821 56.17840587
25.06987064 56.20039419
24.94383182 56.32560619
24.90305912 56.39821157
24.84099572 56.41118236
24.77319624 56.39588614
24.69950565 56.38128754
24.52897342 56.29630565
24.47367964 56.28405834
24.36789798 56.28302481
24.12067793 56.26426626
24.00817834 56.29527212
23.81273807 56.32924938
23.70674971 56.33459789
23.61264693 56.33382274
23.1958765 56.36715404
23.11986047 56.33067048
23.04296594 56.32405589
22.96829349 56.38043488
22.8755343 56.39645458
22.77321496 56.37728262
22.58692142 56.37511221
22.36590132 56.3928889
22.08457482 56.40676402
22.04287194 56.4007954
21.73053959 56.32599376
21.65349002 56.31454743
21.31469933 56.18814688
21.04608524 56.07006623
21.01497603 56.25894359
21.03140913 56.63659496
21.07130334 56.82371532
21.25744185 56.93275259
21.35076948 57.01765697
21.40502974 57.13098338
21.42146284 57.23583487
21.45918664 57.32244457
21.72873091 57.57100821
21.94236128 57.59782827
22.23143924 57.66681631
22.55462365 57.72425467
22.61694543 57.65115835
22.64867476 57.59534781
23.03779829 57.3921044
23.13681034 57.32383983
23.28729211 57.08974559
23.6477869 56.97104483
23.93118045 57.00851024
24.05432539 57.06612946
24.28123661 57.17232453
24.38262577 57.25004588
24.40319299 57.32500255
24.36298872 57.64531892
24.30159712 57.78412181
24.32252608 57.87060232
24.36247196 57.86618399
24.45890018 57.90786103
24.77578006 57.98524649
24.83903202 57.98873465
24.91127567 58.00457347
25.11105676 58.06343293
25.17513553 58.03211701
25.22872399 57.99656363
25.25828291 57.99615021
25.27270064 58.00937938
25.26866987 58.03222036
25.28262251 58.04849844
25.33998335 58.03942923
25.57128706 57.94276846
25.66017053 57.92018586
25.72089033 57.91382966
25.79380578 57.8685611
25.9911064 57.8382012
26.01518762 57.81476594
26.03038049 57.78556875
26.21507206 57.66273387
26.29806441 57.60108389
26.4620854 57.54447236
26.53267541 57.53101065
26.81973799 57.58873322
26.89978478 57.60878368
26.96603397 57.60914541
27.03342004 57.57875967
27.18710575 57.5383487
27.32658044 57.52548127
27.35195357 57.52811677
NaN  NaN
21.03171919 55.35047191
20.95777022 55.27890005
20.89978926 55.28665152
21.01404585 55.40194164
21.05766076 55.47679495
21.08794315 55.58309337
21.11481489 55.61650218
21.11574507 55.56818472
21.10385949 55.48772451
21.03171919 55.35047191
NaN  NaN
24.94383182 56.32560619
25.06987064 56.20039419
25.20696821 56.17840587
25.58575646 56.13016592
25.66321944 56.10484447
25.87633304 55.99436026
26.00423221 55.94015168
26.08551924 55.89689851
26.20959435 55.81212332
26.28121789 55.7504475
26.40110721 55.70378368
26.54285567 55.67241608
26.59355025 55.66750682
26.59086307 55.62265168
26.56657515 55.54648062
26.51923954 55.44814037
26.46957848 55.37194347
26.45764123 55.34246206
26.49531335 55.31801911
26.68129683 55.30644359
26.76020674 55.29334361
26.77570967 55.27311229
26.7344202 55.24675731
26.67504398 55.22489818
26.64843062 55.20420177
26.60119836 55.13020112
26.29175988 55.13958039
26.25078047 55.12449087
26.23129846 55.09015188
26.2158472 55.05038687
26.17517785 55.0032838
26.09301232 54.96230439
25.96444136 54.94716319
25.85927982 54.91928376
25.780835 54.83326834
25.7224923 54.71787486
25.72393924 54.6360194
25.73169071 54.59036327
25.72476607 54.56424083
25.68518192 54.53579296
25.620328 54.46039704
25.56761804 54.37706879
25.54736087 54.33182608
25.55754113 54.31069042
25.61686568 54.31009614
25.70259688 54.29299124
25.74812381 54.25968578
25.76507368 54.22118684
25.76517704 54.17979401
25.7492607 54.15697887
25.68053104 54.14046825
25.57304406 54.13987397
25.51041223 54.15961437
25.49738976 54.17524649
25.52736209 54.21514069
25.50560632 54.26495677
25.46116459 54.29278453
25.3705758 54.25121084
25.28365604 54.25126252
25.17952803 54.21426219
25.11141849 54.15493765
25.0460478 54.13307852
24.86952111 54.1451708
24.82564782 54.11899669
24.78921594 53.99822887
24.76818363 53.97463858
24.62075077 53.97983206
24.47853723 53.93185049
24.31792687 53.89298981
24.23658817 53.91996491
24.19131961 53.95045401
24.10393477 53.94502798
24.0084884 53.93164379
23.9444613 53.93898184
23.8725277 53.93570039
23.73367313 53.91226512
23.55911014 53.91980988
23.4846444 53.93980866
23.47766808 53.95895478
23.48299076 54.00595449
23.48138879 54.07902497
23.45363854 54.14346548
23.37007775 54.20046459
23.28233117 54.24030712
23.17029667 54.28144156
23.08751102 54.29945079
23.04219079 54.30417919
23.03195886 54.32787283
23.01552575 54.34836254
22.97671675 54.36634593
22.89393111 54.3905305
22.82375451 54.39577566
22.76623864 54.35678579
22.72432905 54.40559418
22.67983565 54.49300487
22.68443485 54.56292308
22.70965295 54.63260875
22.83119592 54.83846182
22.82468469 54.87127635
22.73657637 54.9288439
22.62743574 54.97070181
22.56728438 55.05912018
22.34636763 55.06423615
22.13785322 55.05937857
22.07237918 55.06366771
21.87394168 55.10071971
21.68273889 55.16035432
21.55468469 55.19528758
21.44709435 55.23440664
21.38921675 55.27554108
21.29759444 55.26445649
21.23573775 55.26412059
21.23635786 55.27120026
21.20111454 55.34380565
21.23790816 55.45501333
21.17114221 55.61774242
21.06189823 55.81344107
21.0538367 56.02293732
21.04608524 56.07006623
21.31469933 56.18814688
21.65349002 56.31454743
21.73053959 56.32599376
22.04287194 56.4007954
22.08457482 56.40676402
22.36590132 56.3928889
22.58692142 56.37511221
22.77321496 56.37728262
22.8755343 56.39645458
22.96829349 56.38043488
23.04296594 56.32405589
23.11986047 56.33067048
23.1958765 56.36715404
23.61264693 56.33382274
23.70674971 56.33459789
23.81273807 56.32924938
24.00817834 56.29527212
24.12067793 56.26426626
24.36789798 56.28302481
24.47367964 56.28405834
24.52897342 56.29630565
24.69950565 56.38128754
24.77319624 56.39588614
24.84099572 56.41118236
24.90305912 56.39821157
24.94383182 56.32560619
NaN  NaN
19.19436364 43.53331208
19.19162479 43.52103893
19.1964307 43.48499462
19.21875492 43.44995799
19.29828495 43.41393952
19.41466027 43.34283275
19.55155114 43.21224641
19.61444136 43.1734374
19.67102705 43.16395478
19.78114953 43.10977204
19.85804406 43.09654287
19.94403364 43.08166006
20.16789595 42.96848867
20.26845829 42.93546743
20.33997847 42.89288605
20.34762658 42.85278514
20.34437097 42.82795462
20.21512821 42.79883495
20.19259728 42.7546516
20.13001712 42.75976756
20.05425947 42.76007762
20.02950646 42.73201732
20.06567997 42.68581859
20.08924442 42.63155834
20.07033084 42.5570926
20.06397464 42.54727407
20.04573286 42.54990957
19.93907271 42.50670808
19.85980106 42.48634756
19.78828088 42.4761673
19.75448449 42.49694123
19.737793 42.52515656
19.74073856 42.60690868
19.72781945 42.63452973
19.7033765 42.6479656
19.65443892 42.62858694
19.59743981 42.56543834
19.54457482 42.49195445
19.46509647 42.41536998
19.39957075 42.34191193
19.32898075 42.24925609
19.28071496 42.17256826
19.3308411 42.12928925
19.36143355 42.06911205
19.35213179 42.02402436
19.36112349 41.99774689
19.34546553 41.91886282
19.34241662 41.86907258
19.18645715 41.94862844
19.12227502 42.06048208
18.8942786 42.2494628
18.6328992 42.37808544
18.61904992 42.39836844
18.63341597 42.42314728
18.64592167 42.44273265
18.59155806 42.44420543
18.5535242 42.4284958
18.51745405 42.43291413
18.47668135 42.4811024
18.43807905 42.52296031
18.43637373 42.5597281
18.45394372 42.56448233
18.48004032 42.57918427
18.53492069 42.62013784
18.54592777 42.64158356
18.54329227 42.67419139
18.466036 42.7772342
18.45502892 42.8441035
18.44386681 42.968437
18.46014489 42.99789256
18.48846358 43.01215526
18.62359745 43.02768403
18.62184045 43.12460318
18.63000532 43.15364533
18.65687707 43.19392711
18.67424035 43.23082408
18.74922285 43.28353404
18.8510771 43.34634675
18.89562219 43.3482071
18.93468957 43.33944794
18.97866621 43.28542023
19.02667362 43.29244823
19.03669885 43.35730215
18.9738603 43.4423874
18.94021895 43.49672517
18.95070926 43.52667166
18.97417036 43.54235546
19.02832726 43.53251109
19.08005537 43.5177058
19.11276655 43.52775686
19.16433963 43.53543081
19.19436364 43.53331208
NaN  NaN
19.60436445 54.45915681
19.64420698 54.44709036
19.92434492 54.43399038
20.20820357 54.42076122
20.66471317 54.40662771
21.14054976 54.39182241
21.63416304 54.37647451
22.16849735 54.35988638
22.73182214 54.35011953
22.76623864 54.35678579
22.82375451 54.39577566
22.89393111 54.3905305
22.97671675 54.36634593
23.01552575 54.34836254
23.03195886 54.32787283
23.04219079 54.30417919
23.08751102 54.29945079
23.17029667 54.28144156
23.28233117 54.24030712
23.37007775 54.20046459
23.45363854 54.14346548
23.48138879 54.07902497
23.48299076 54.00595449
23.47766808 53.95895478
23.4846444 53.93980866
23.59890099 53.5992093
23.78922529 53.2709606
23.85914351 53.11210725
23.88710046 53.0275646
23.909373 52.90488475
23.91629764 52.81874014
23.91547082 52.77024181
23.9012598 52.70360505
23.84472578 52.66422761
23.47958011 52.55157298
23.41090213 52.5162263
23.3033118 52.42837637
23.20409305 52.33789094
23.18125207 52.30698843
23.17510257 52.28660208
23.1969617 52.25691397
23.32713464 52.20844147
23.45844445 52.16952912
23.50112918 52.14038361
23.59797082 52.10307323
23.63326582 52.0695869
23.65243778 52.04038972
23.65109419 51.97297781
23.60742761 51.87977936
23.62572106 51.80934439
23.58133101 51.76239635
23.54484745 51.71022899
23.53962813 51.61891673
23.6052572 51.51791515
23.65884566 51.44895295
23.67972293 51.3948994
23.6576571 51.35249889
23.66442671 51.3100467
23.71217573 51.26511404
23.86343265 51.12623363
23.9381051 50.9925467
23.98569909 50.94043102
24.09582157 50.87276073
24.10574344 50.84498465
24.06161177 50.819534
24.02595503 50.8161492
23.99711958 50.80935375
23.97841271 50.78558259
24.00729984 50.76013194
24.04631555 50.72279572
24.09473636 50.6170399
24.08993045 50.53045604
24.05262007 50.50844188
24.0049744 50.45702383
23.97262495 50.41004995
23.71176232 50.37733877
23.64897546 50.32703177
23.50619348 50.22985423
23.40862837 50.1739145
23.2645028 50.07286123
23.03629968 49.89907339
22.95222212 49.82636465
22.89072717 49.76626496
22.70613895 49.60622305
22.6494499 49.53901785
22.66061201 49.48367239
22.71988488 49.35380952
22.73244225 49.2951826
22.72195194 49.24094819
22.70231489 49.19270824
22.70562219 49.17121084
22.7601925 49.1362259
22.84706058 49.08126801
22.8520732 49.06274201
22.8397742 49.03889334
22.80980187 49.02072907
22.70128137 49.0399527
22.5799451 49.07718557
22.53865563 49.07271556
22.47307824 49.08129385
22.20255212 49.15322744
22.02008264 49.20950308
22.00220259 49.24608999
21.96768273 49.29908417
21.89011641 49.34344839
21.71214278 49.3819215
21.63964074 49.4119455
21.35045943 49.42876618
21.22498905 49.42943797
21.13615726 49.41706147
21.07941654 49.41827587
21.00112674 49.33983104
20.9472799 49.31709341
20.86847334 49.31469046
20.7994853 49.32866893
20.72899865 49.36990672
20.61613732 49.39171418
20.53459191 49.38119803
20.4745439 49.39016389
20.42266076 49.3923343
20.40467736 49.38406607
20.36302616 49.38525463
20.30256473 49.36551423
20.23652225 49.33766063
20.16371016 49.31639578
20.10764123 49.27073965
20.05761844 49.18128775
19.91612837 49.22138866
19.86899946 49.20399954
19.80223351 49.1923465
19.7566549 49.20438711
19.76735192 49.2352121
19.78797082 49.2699645
19.78704064 49.31854035
19.77391483 49.37218049
19.73004154 49.38959545
19.66415409 49.396055
19.63025435 49.40662283
19.62668867 49.42437368
19.59304732 49.44711131
19.5347563 49.50478221
19.4797209 49.57637991
19.44163537 49.59769644
19.38623823 49.56364167
19.30236738 49.52483267
19.25017419 49.51144847
19.14945682 49.39998241
18.96833093 49.39623587
18.95722049 49.44829987
18.93815189 49.49827098
18.8322152 49.51077668
18.82926965 49.54012889
18.80689375 49.61371613
18.59465864 49.75779003
18.56882043 49.81794139
18.57719201 49.84111827
18.56241255 49.87933299
18.51621382 49.90238068
18.34847212 49.92984671
18.3053223 49.91405956
18.26630659 49.93028596
18.20527673 49.96475414
18.09918501 49.9927886
18.08766117 50.00728384
18.04947228 50.0319335
18.02828495 50.03524079
18.01464237 50.02028046
17.98384321 49.99906729
17.87475427 49.97224722
17.83129439 49.98330598
17.79171024 50.00661205
17.74654504 50.05678986
17.681071 50.10076651
17.62706913 50.11642447
17.59626997 50.13952383
17.58934533 50.15745555
17.70928633 50.19355154
17.73548628 50.23078441
17.7200867 50.29863557
17.70225834 50.30716218
17.65466434 50.28421784
17.55461877 50.26406403
17.46232466 50.25476227
17.41519575 50.25476227
17.15195601 50.37832062
16.98080366 50.4160961
16.88003462 50.42702566
16.86918257 50.41449413
16.91476118 50.34519603
16.99341271 50.25969737
16.98969201 50.23693391
16.89533084 50.20194896
16.84174238 50.18670441
16.77864546 50.15704214
16.72531538 50.11606273
16.67911665 50.09748505
16.63911909 50.10216177
16.59664107 50.12190217
16.48760379 50.24840607
16.35045454 50.34519603
16.33412479 50.36690013
16.2913367 50.37186107
16.23072025 50.39408194
16.21030806 50.42371837
16.2406938 50.45467255
16.28255171 50.48299124
16.35660404 50.50048371
16.37908329 50.51691682
16.39231245 50.54166983
16.41970096 50.57365754
16.41251794 50.58518138
16.35996301 50.62140656
16.28224165 50.65561636
16.06644087 50.62993317
16.00721968 50.61163972
15.9738367 50.63546255
15.94851525 50.67024079
15.89389326 50.67690705
15.81922082 50.70868806
15.73054406 50.73971975
15.64393436 50.74886648
15.46399702 50.79385082
15.39464725 50.79627961
15.35439131 50.81178254
15.31258508 50.84573395
15.27703169 50.8830185
15.25863488 50.95854361
15.1259298 50.99285676
14.99374149 51.01437999
14.98443973 51.00339875
14.98996911 50.92722769
14.98288944 50.88655834
14.89576297 50.86139191
14.80941166 50.85896312
14.81421756 50.87164969
14.91746708 51.00872142
14.96382084 51.09512442
15.01663415 51.25273754
14.95307214 51.37712271
14.93555383 51.43536205
14.90599491 51.463319
14.72471398 51.52388378
14.71091638 51.54491608
14.73866662 51.62713329
14.72486901 51.66170482
14.68130578 51.69818838
14.62394494 51.77079377
14.60162072 51.83239208
14.6748979 51.9048166
14.69298465 51.95801748
14.72476566 52.03088125
14.74812341 52.0708013
14.75256758 52.08183421
14.70461185 52.11020458
14.69236454 52.15004711
14.705387 52.20745962
14.67985884 52.24998933
14.61567671 52.27763622
14.57392215 52.31417145
14.55459517 52.35964671
14.56968469 52.43108938
14.61939741 52.52849946
14.51402917 52.64562409
14.2536833 52.78251496
14.12862634 52.87821971
14.13885827 52.93286754
14.19368696 52.98234772
14.29321577 53.02673778
14.36856001 53.10554434
14.41093469 53.199027
14.41232995 53.21675202
14.41455204 53.28351797
14.29869348 53.55642121
14.27988325 53.62473745
14.26608565 53.70710969
14.25890262 53.72964061
14.48762251 53.6718922
14.58353397 53.63933605
14.57154504 53.67589712
14.5521147 53.70731639
14.56493045 53.75351512
14.55841922 53.82317495
14.35088667 53.85872834
14.21368574 53.87074311
14.19823449 53.91906057
14.21141198 53.95035065
14.24929081 53.93192801
14.38416629 53.92471914
14.71572228 54.01830516
15.28840051 54.13989981
15.90004276 54.25397553
16.04277306 54.26635204
16.18633019 54.29038158
16.23935021 54.33306631
16.29226688 54.36161754
16.37556929 54.43688426
16.55974409 54.55380219
16.88540897 54.59640941
17.00705529 54.65185822
17.26192346 54.7295279
17.84297326 54.81670604
18.08564579 54.83585216
18.32346073 54.8381776
18.53512739 54.76942211
18.75929976 54.6845694
18.79960737 54.63335806
18.67837446 54.66529409
18.50153771 54.74149099
18.4362187 54.74474661
18.58711389 54.5129003
18.66958947 54.4308898
18.83640099 54.36960155
18.97623742 54.34893098
19.40711551 54.38608633
19.56018111 54.43463634
19.60436445 54.45915681
NaN  NaN
28.21246952 45.45045604
28.31768273 45.34712901
28.45126631 45.29219697
28.76070479 45.2341385
28.7883 45.24095978
28.79134891 45.25191519
28.76985152 45.26690135
28.76664758 45.28622834
28.78173709 45.30984447
28.82431848 45.3110847
28.89428836 45.28994904
29.02740685 45.32054149
29.22357059 45.40291372
29.40366296 45.41965689
29.56768395 45.37082266
29.65196821 45.31390107
29.70591841 45.2598992
29.68907189 45.19321076
29.67863325 45.15163707
29.6353284 44.97963207
29.60545943 44.91547578
29.5575037 44.84341299
29.04828413 44.75757844
29.08104699 44.79881623
29.06916141 44.8711374
29.04776737 44.92568187
29.09530969 44.97503286
28.98069136 44.99291291
28.93056522 44.96580862
28.89149784 44.91865388
28.92612105 44.81003002
28.87041385 44.74993032
28.84901981 44.71628897
28.84653934 44.63686229
28.81356978 44.60249746
28.80705855 44.56503205
28.88819055 44.57474722
28.85170698 44.50609508
28.69915816 44.37424266
28.64541467 44.29564281
28.65864383 43.98385305
28.590741 43.79743032
28.58531498 43.7422399
28.42346439 43.7404829
28.3751986 43.74479788
28.22197798 43.77283234
28.04999881 43.82239004
27.94891971 43.91861156
27.8842725 43.98734121
27.73859663 43.95630952
27.71079471 43.96460358
27.67090051 43.99777985
27.56103641 44.0200524
27.4253341 44.02051748
27.12064986 44.14614289
27.08690514 44.16740774
26.84774662 44.14619457
26.48921553 44.08397614
26.21579553 44.00728832
25.9334355 43.87055248
25.81881717 43.76683788
25.68611209 43.7117508
25.49707971 43.67079723
25.1596326 43.686326
24.80818119 43.73841584
24.4305815 43.79438142
24.22676965 43.76347891
23.95076582 43.78665579
23.53456384 43.85357677
23.2246086 43.87388561
22.91904585 43.83445649
22.86767948 43.86455801
22.85641402 43.89902619
22.86829959 43.94788626
22.91129439 43.98718618
22.98539839 44.01700349
23.02446577 44.0472342
23.02849653 44.07798168
22.94540083 44.12728099
22.77517866 44.1952355
22.70510542 44.23779104
22.68784549 44.2483072
22.68329797 44.28647024
22.64795129 44.31646841
22.58180545 44.33832754
22.53064579 44.37796337
22.49457564 44.43542756
22.5023271 44.48958446
22.55400353 44.54033072
22.62014937 44.56234488
22.7007646 44.55552359
22.73435428 44.56991547
22.72091841 44.60552053
22.64206017 44.65096996
22.49767622 44.70626374
22.35070845 44.67613638
22.20095015 44.56069123
22.09304976 44.54193268
22.02690392 44.61986074
21.90928836 44.66611115
21.74020308 44.68068391
21.63612674 44.71044953
21.59705936 44.75540803
21.52316206 44.79008291
21.36007124 44.82666983
21.35790083 44.8618098
21.38435917 44.87007803
21.44223677 44.87338532
21.51995812 44.88082673
21.53236047 44.90067048
21.53318729 44.91886058
21.47200239 44.94201162
21.40999068 44.95772126
21.37774458 44.97343089
21.35707401 44.99079418
21.35293989 45.00898428
21.37113 45.02138662
21.39593469 45.02221345
21.42073937 45.03296214
21.4344853 45.07515595
21.46786828 45.10985668
21.49184614 45.12225902
21.4901925 45.14789053
21.46538781 45.17186839
21.43148807 45.19253897
21.38177534 45.20509634
21.22643599 45.24132152
21.14788781 45.29175772
21.09993208 45.29354055
21.02386437 45.32152334
20.9418022 45.36531912
20.87079878 45.42756338
20.7940076 45.467871
20.77416385 45.48440746
20.77251021 45.50011709
20.7865662 45.51748037
20.78604943 45.5364973
20.76579227 45.59744965
20.77927982 45.66199352
20.7758175 45.72253246
20.77499068 45.74981761
20.76010786 45.75808584
20.7468787 45.74899079
20.72786177 45.73741527
20.70925825 45.73524486
20.65272424 45.77940237
20.58115238 45.86950023
20.53257653 45.89952424
20.43795698 45.94076203
20.35858198 45.97548859
20.3013245 46.0506778
20.24184492 46.10860708
20.28096398 46.13299836
20.5080819 46.16692394
20.61365685 46.13351512
20.66099247 46.14565908
20.7073979 46.17281505
20.73271935 46.19444164
20.73737023 46.21748933
20.76021122 46.24622142
20.83700239 46.25970897
21.03988407 46.24224234
21.12163618 46.2824466
21.15191857 46.30435741
21.17041874 46.35267487
21.19181278 46.39153555
21.2645732 46.41230948
21.26322961 46.44773367
21.25222253 46.4863618
21.29454553 46.57245474
21.32017704 46.60780142
21.36131148 46.6207722
21.4110242 46.64785065
21.49711714 46.70428132
21.47706668 46.75337393
21.49442997 46.7897283
21.58414025 46.87837922
21.6526632 46.96377452
21.65142297 47.00653677
21.6614482 47.04389883
21.72180627 47.08482657
21.78547163 47.13815664
21.86929081 47.30460643
21.89926314 47.33256338
21.95424686 47.36424103
21.99527795 47.39571198
21.99972212 47.50503347
22.03796268 47.53660777
22.11196333 47.57203197
22.18508548 47.62903107
22.24461673 47.69636546
22.29066043 47.72783641
22.35143192 47.73620799
22.4174744 47.76266633
22.4913717 47.77256236
22.56294356 47.75956574
22.60836714 47.76630952
22.67678674 47.79904654
22.85176314 47.92257905
22.8766195 47.94725454
22.91284468 47.96428193
23.05479984 48.00655325
23.09076664 48.04913463
23.13949751 48.08740103
23.20264611 48.08450715
23.40816328 47.98999095
23.62866662 47.99583039
23.66907759 47.99231639
23.6819967 47.99037853
23.70902347 47.98260122
24.00182214 47.93578238
24.04734907 47.94102753
24.05975142 47.94477407
24.17772871 47.90606843
24.28196008 47.91118439
24.38097212 47.9380303
24.4840666 47.94709951
24.57889286 47.93107982
24.6509298 47.87650951
24.83789514 47.76085765
24.89334395 47.71775951
24.97912682 47.72414155
25.07384973 47.74571646
25.16965783 47.82307608
25.46431685 47.91077098
25.68931603 47.93247508
25.90868249 47.96756338
26.16267215 47.9925231
26.23625939 48.06435334
26.27692875 48.11323924
26.30560917 48.20377635
26.442345 48.2299763
26.57241459 48.24847647
26.61897505 48.25984528
26.7138013 48.26346263
26.78728519 48.25581452
26.90097334 48.21111441
26.98076175 48.15504548
27.0122327 48.11050039
27.08034224 48.04766185
27.15206913 47.95929515
27.23082401 47.84173127
27.24813561 47.7822517
27.27795292 47.71796621
27.33686405 47.63975393
27.44926029 47.55311839
27.46481489 47.53668529
27.51587121 47.47562958
27.61410811 47.34054739
27.69617028 47.28641633
27.76794885 47.22758271
27.80236535 47.16830984
27.85383508 47.11448884
27.97418949 47.04322704
28.07180627 46.97842479
28.14994103 46.79207958
28.20471805 46.70640005
28.23949629 46.64082266
28.2225981 46.5080659
28.24435388 46.45127351
28.19965376 46.34755891
28.11919356 46.13868277
28.09971154 45.97259471
28.11356083 45.88303946
28.11552453 45.82552359
28.13495487 45.78885916
28.15629723 45.71307567
28.15981123 45.64713654
28.13082075 45.62827464
28.09030643 45.61274588
28.07470015 45.59897411
28.11195886 45.56915681
28.16255008 45.51375967
28.21246952 45.45045604
NaN  NaN
20.24184492 46.10860708
20.3013245 46.0506778
20.35858198 45.97548859
20.43795698 45.94076203
20.53257653 45.89952424
20.58115238 45.86950023
20.65272424 45.77940237
20.70925825 45.73524486
20.72786177 45.73741527
20.7468787 45.74899079
20.76010786 45.75808584
20.77499068 45.74981761
20.7758175 45.72253246
20.77927982 45.66199352
20.76579227 45.59744965
20.78604943 45.5364973
20.7865662 45.51748037
20.77251021 45.50011709
20.77416385 45.48440746
20.7940076 45.467871
20.87079878 45.42756338
20.9418022 45.36531912
21.02386437 45.32152334
21.09993208 45.29354055
21.14788781 45.29175772
21.22643599 45.24132152
21.38177534 45.20509634
21.43148807 45.19253897
21.46538781 45.17186839
21.4901925 45.14789053
21.49184614 45.12225902
21.46786828 45.10985668
21.4344853 45.07515595
21.42073937 45.03296214
21.39593469 45.02221345
21.37113 45.02138662
21.35293989 45.00898428
21.35707401 44.99079418
21.37774458 44.97343089
21.40999068 44.95772126
21.47200239 44.94201162
21.53318729 44.91886058
21.53236047 44.90067048
21.51995812 44.88082673
21.44223677 44.87338532
21.38435917 44.87007803
21.35790083 44.8618098
21.36007124 44.82666983
21.52316206 44.79008291
21.59705936 44.75540803
21.63612674 44.71044953
21.74020308 44.68068391
21.90928836 44.66611115
22.02690392 44.61986074
22.09304976 44.54193268
22.20095015 44.56069123
22.35070845 44.67613638
22.49767622 44.70626374
22.64206017 44.65096996
22.72091841 44.60552053
22.73435428 44.56991547
22.7007646 44.55552359
22.62014937 44.56234488
22.55400353 44.54033072
22.5023271 44.48958446
22.49457564 44.43542756
22.53064579 44.37796337
22.58180545 44.33832754
22.64795129 44.31646841
22.68329797 44.28647024
22.68784549 44.2483072
22.70510542 44.23779104
22.66748498 44.22019522
22.62655724 44.19409862
22.6034062 44.14857168
22.59741174 44.0752945
22.46904748 44.01803701
22.42083337 44.00744335
22.39907759 43.96953868
22.36538456 43.86210338
22.36962202 43.78128144
22.38688195 43.74012116
22.39484012 43.70663483
22.43628462 43.66550039
22.47411177 43.60224844
22.49912316 43.51884268
22.55462365 43.45450552
22.69694055 43.39104686
22.76753055 43.35414989
22.81967207 43.30071646
22.85961795 43.25234732
22.9768201 43.18801016
22.96798343 43.14201813
22.94230025 43.09705964
22.9152218 43.07597565
22.8568791 43.01825308
22.79988 42.9857486
22.70619063 42.88392019
22.55808597 42.87846833
22.52279097 42.87030345
22.46677372 42.84250153
22.43923018 42.79165192
22.46563683 42.75077587
22.46325972 42.7094864
22.43623294 42.62910371
22.47204471 42.54329499
22.52423791 42.50389171
22.53240278 42.48117992
22.52351444 42.44097565
22.44568973 42.35912018
22.4220736 42.32886363
22.34404219 42.31395498
22.31742883 42.32170645
22.27706953 42.34984427
22.23970747 42.35813833
22.14668989 42.32501374
22.05201867 42.30465323
21.97750125 42.3200528
21.90412072 42.32206818
21.85306441 42.30837393
21.81461714 42.30310293
21.7392729 42.26770458
21.6182467 42.24212474
21.56248783 42.24752493
21.54155887 42.28083039
21.51892459 42.32842438
21.52998335 42.35002513
21.60987512 42.38743887
21.61907352 42.42325064
21.73064294 42.59546235
21.75219201 42.65150544
21.75291548 42.6697989
21.72387333 42.6819687
21.66248172 42.68150361
21.39066369 42.75142182
21.40306603 42.83152029
21.32317427 42.87469595
21.23708133 42.91322073
21.22261193 42.95621552
21.12701053 43.04300609
21.05704064 43.09168529
20.96769209 43.11602489
20.89074588 43.15165579
20.8444438 43.1734374
20.82377323 43.21395173
20.82377323 43.23792959
20.80062219 43.26108063
20.76341515 43.25860017
20.70057661 43.22635407
20.62316532 43.19862967
20.60962609 43.17839834
20.63763472 43.13039094
20.65758182 43.09985017
20.64853845 43.07096304
20.62399214 43.03416942
20.47506066 42.95303742
20.45842085 42.92456371
20.48684289 42.87906261
20.46885949 42.85790111
20.34437097 42.82795462
20.34762658 42.85278514
20.33997847 42.89288605
20.26845829 42.93546743
20.16789595 42.96848867
19.94403364 43.08166006
19.85804406 43.09654287
19.78114953 43.10977204
19.67102705 43.16395478
19.61444136 43.1734374
19.55155114 43.21224641
19.41466027 43.34283275
19.29828495 43.41393952
19.21875492 43.44995799
19.1964307 43.48499462
19.19162479 43.52103893
19.19436364 43.53331208
19.25446333 43.58436839
19.30076542 43.5918098
19.36029667 43.59346345
19.39962243 43.56757355
19.45124719 43.56204418
19.47997928 43.59516877
19.4950688 43.64286612
19.48814416 43.70356009
19.36401737 43.84476594
19.25725386 43.94331289
19.24505822 43.96501699
19.26810591 43.98346548
19.30531294 43.99336152
19.34520715 43.98509329
19.44938683 43.97801362
19.54953576 43.98713451
19.58369388 44.01108653
19.58374556 44.04346182
19.54715864 44.07348583
19.43021488 44.15451447
19.33890262 44.22582795
19.231519 44.28055329
19.15183394 44.30251577
19.12837284 44.33026602
19.11845096 44.35997997
19.12733931 44.41457612
19.1324036 44.4837967
19.15131717 44.52733409
19.22314741 44.6095513
19.29187707 44.69675528
19.33451013 44.7806778
19.35688602 44.85855419
19.34861779 44.88093008
19.31270267 44.8974407
19.23678999 44.91426138
19.1315251 44.89958527
19.0420732 44.87131826
19.00713993 44.86919953
18.99546105 44.90402945
19.00951704 44.91937735
19.03757735 44.91751699
19.06052168 44.91100576
19.08527469 44.92676708
19.10005415 44.97379263
19.06284712 45.13719351
19.12971642 45.15171459
19.13074995 45.17548574
19.13695112 45.19623383
19.20599084 45.16778596
19.30303918 45.16726919
19.38809859 45.17300528
19.40101769 45.18907665
19.39998417 45.21248607
19.38231083 45.2306245
19.35223514 45.2454298
19.33027266 45.26808991
19.27280847 45.27796011
19.09307783 45.33692292
19.00465946 45.39950308
19.00765669 45.46580394
19.0332882 45.50218415
19.06429406 45.5149999
19.05509566 45.52724722
18.9537065 45.5579947
18.91784305 45.60083446
18.94729862 45.65581818
18.8944853 45.76710338
18.83908817 45.83575552
18.89355513 45.86552115
18.90109989 45.90763744
18.90538903 45.93171865
18.92786828 45.93138276
19.01571821 45.95972728
19.04765425 45.98267162
19.06625777 46.00951752
19.08734175 46.01618378
19.14625288 45.98701244
19.20841963 45.98442862
19.27813114 46.0028771
19.33022098 46.02850861
19.39290449 46.0497993
19.42127486 46.06444957
19.45755171 46.08736807
19.53072554 46.15519339
19.61345951 46.16917186
19.72451216 46.15191193
19.84440148 46.14589163
19.93411177 46.16147207
20.16138472 46.14188671
20.21016727 46.12602204
20.24184492 46.10860708
NaN  NaN
22.53865563 49.07271556
22.52413456 49.03137442
22.48320682 48.98326366
22.43204715 48.93355093
22.38946577 48.87347708
22.33257002 48.74508698
22.29520796 48.68581411
22.14286584 48.56850861
22.13185876 48.40531444
22.11134321 48.39337718
21.76697147 48.33810924
21.72149621 48.34655834
21.67462569 48.37836518
21.64858076 48.40149038
21.63250939 48.41849193
21.60264042 48.46365713
21.56315962 48.49572236
21.5046619 48.52189647
21.45133182 48.55223054
21.38239546 48.55347077
21.1963603 48.51060517
21.06732425 48.50592845
20.98117964 48.51967438
20.86661299 48.54566763
20.64311242 48.54969839
20.48999515 48.52690908
20.47495731 48.49510224
20.3337773 48.2955537
20.12862186 48.22201813
19.95038985 48.14662222
19.89861006 48.131326
19.81008833 48.15501964
19.70921594 48.19979727
19.62539676 48.22310334
19.56421187 48.21281973
19.49749759 48.16212515
19.46695682 48.1107071
19.26510868 48.07303498
18.91412235 48.05081411
18.79185591 48.00027456
18.75010135 47.9394514
18.74834435 47.89268423
18.77800663 47.85289338
18.74059289 47.80651378
18.72421146 47.78716096
18.47626794 47.7769807
18.14559045 47.76341564
17.94797977 47.76690379
17.76189294 47.77015941
17.63528568 47.80989859
17.48061812 47.88761994
17.31732059 47.99089529
17.3015076 47.99334992
17.27727136 48.00433116
17.17459028 48.01205679
17.14735681 48.00595897
17.0859652 48.03957449
17.06787845 48.08326691
16.97263879 48.19809195
16.86546187 48.38691763
16.86267134 48.44141043
16.90447757 48.5035255
16.94338993 48.55093863
16.94886763 48.58855907
16.9531051 48.59884268
16.98524784 48.67689993
17.06333093 48.78074372
17.13562625 48.84105012
17.18843957 48.86094554
17.29685672 48.84283295
17.48258182 48.82776927
17.62541548 48.84182526
17.75853397 48.88812735
17.83088098 48.92858999
17.89268599 48.9711197
17.91330488 48.99874075
17.94074507 49.01194408
18.05086755 49.03654206
18.08595584 49.06511913
18.10042525 49.1193277
18.10998539 49.17978913
18.13261966 49.22456676
18.16093835 49.25735546
18.36480187 49.33623953
18.38309533 49.3639381
18.41585819 49.39091319
18.47611291 49.42111807
18.53455895 49.4646813
18.596519 49.49144969
18.67620405 49.48845246
18.74973962 49.49400768
18.80704878 49.50922639
18.8322152 49.51077668
18.93815189 49.49827098
18.95722049 49.44829987
18.96833093 49.39623587
19.14945682 49.39998241
19.25017419 49.51144847
19.30236738 49.52483267
19.38623823 49.56364167
19.44163537 49.59769644
19.4797209 49.57637991
19.5347563 49.50478221
19.59304732 49.44711131
19.62668867 49.42437368
19.63025435 49.40662283
19.66415409 49.396055
19.73004154 49.38959545
19.77391483 49.37218049
19.78704064 49.31854035
19.78797082 49.2699645
19.76735192 49.2352121
19.7566549 49.20438711
19.80223351 49.1923465
19.86899946 49.20399954
19.91612837 49.22138866
20.05761844 49.18128775
20.10764123 49.27073965
20.16371016 49.31639578
20.23652225 49.33766063
20.30256473 49.36551423
20.36302616 49.38525463
20.40467736 49.38406607
20.42266076 49.3923343
20.4745439 49.39016389
20.53459191 49.38119803
20.61613732 49.39171418
20.72899865 49.36990672
20.7994853 49.32866893
20.86847334 49.31469046
20.9472799 49.31709341
21.00112674 49.33983104
21.07941654 49.41827587
21.13615726 49.41706147
21.22498905 49.42943797
21.35045943 49.42876618
21.63964074 49.4119455
21.71214278 49.3819215
21.89011641 49.34344839
21.96768273 49.29908417
22.00220259 49.24608999
22.02008264 49.20950308
22.20255212 49.15322744
22.47307824 49.08129385
22.53865563 49.07271556
NaN  NaN
16.51618086 46.49990103
16.42765913 46.52439566
16.32120568 46.53462759
16.3012069 46.52139842
16.25841882 46.50788504
16.23676639 46.48382966
16.25330285 46.38910676
16.22741296 46.37282868
16.10643843 46.38220795
16.06649255 46.37133006
16.00070845 46.30539094
15.93332238 46.27764069
15.84759118 46.25787446
15.78428755 46.23397411
15.70424076 46.21325186
15.63597619 46.20072032
15.60900109 46.17193655
15.59256799 46.13997468
15.59690881 46.1092272
15.6662069 46.04850739
15.67561201 45.98370515
15.66806725 45.90445934
15.65220259 45.86216218
15.6247624 45.83402436
15.45407515 45.79761831
15.27703169 45.73260936
15.27294925 45.71772655
15.35371952 45.65992646
15.35697513 45.6454829
15.29010583 45.61266836
15.28354292 45.57967296
15.29119103 45.54153575
15.32669274 45.5022875
15.33945682 45.46704418
15.24209842 45.44141267
15.11047855 45.45079194
14.95457075 45.49991039
14.90000044 45.49267569
14.84708377 45.46735423
14.7930819 45.47820629
14.73360233 45.50848867
14.6494731 45.57148225
14.60854536 45.61008454
14.5918022 45.65127066
14.56885786 45.65721345
14.53402795 45.64527619
14.5051925 45.59520173
14.42736779 45.50574982
14.3699036 45.4814619
14.28298384 45.48662954
14.16123417 45.48513093
14.08557987 45.47784455
13.99282067 45.50944469
13.97034142 45.50334687
13.97013472 45.48259878
13.93561486 45.44978425
13.87866743 45.4283902
13.61522098 45.47675935
13.5779106 45.51688609
13.63733849 45.5359547
13.71986576 45.58757945
13.77593469 45.58197256
13.84476769 45.59285045
13.87474002 45.61483877
13.83117679 45.68041616
13.72167443 45.76126394
13.66348677 45.79198558
13.58343998 45.81237193
13.56964237 45.83412771
13.61398075 45.96169099
13.60054487 45.97977774
13.50918094 45.97378327
13.48768355 45.98708995
13.48029382 46.0092333
13.48644331 46.03954153
13.54804162 46.08912507
13.61656457 46.13310171
13.63496138 46.15775137
13.63248091 46.17702668
13.54468265 46.19656037
13.49176598 46.21661083
13.44975305 46.22350963
13.42102095 46.21229584
13.39962691 46.22495657
13.37818119 46.26159516
13.39952355 46.3175349
13.47848514 46.36921133
13.56323449 46.4151
13.63713179 46.44853465
13.67971317 46.4629007
13.69997033 46.52026154
13.74399865 46.51431875
13.8313835 46.51121817
13.92879357 46.49819571
14.01964074 46.48217601
14.0995325 46.46191885
14.2672742 46.44073151
14.41992639 46.42791576
14.46591841 46.41610769
14.50353885 46.41706371
14.54984094 46.39970043
14.57712609 46.41292959
14.59696984 46.43608063
14.6801689 46.46344331
14.75675337 46.49912588
14.81060021 46.54460114
14.84057254 46.58049042
14.8932825 46.60591523
14.94945479 46.61322744
15.00066613 46.62599152
15.21703535 46.64299307
15.43929569 46.62966055
15.54533573 46.65462027
15.6326689 46.69844188
15.76025801 46.71076671
15.76692427 46.71125764
15.95766198 46.67761628
15.97228641 46.69720165
15.98045129 46.70585745
15.97683394 46.80138133
16.03719201 46.84484121
16.09305423 46.8632897
16.28358524 46.8572694
16.30849328 46.8279947
16.31841515 46.78251944
16.33546838 46.72161876
16.36719771 46.70479808
16.38456099 46.68082022
16.3812537 46.63865225
16.41846073 46.60723298
16.50569055 46.52207022
16.51618086 46.49990103
NaN  NaN
22.34404219 42.31395498
22.49824466 42.16510102
22.58273563 42.10482046
22.68231612 42.0591385
22.79605594 42.02570384
22.83677697 41.99361278
22.90917565 41.83519868
22.94395389 41.77509899
22.9919613 41.7571931
23.00364017 41.73982982
23.00565555 41.716963
22.95149865 41.60562613
22.9296912 41.35608063
22.91599694 41.33628856
22.85925622 41.33737377
22.7838603 41.33199942
22.75512821 41.31272411
22.72479414 41.17852041
22.60361291 41.14020234
22.49354211 41.11852407
22.40078291 41.1234075
22.23769209 41.15516267
22.18446537 41.15862499
22.13883508 41.14053824
21.99331424 41.1309781
21.92944217 41.10741364
21.77947717 40.95044648
21.62749678 40.89631542
21.57576867 40.86892691
21.4597034 40.90360179
21.40415124 40.90719331
21.32369103 40.86714407
21.14757775 40.86313915
21.10003543 40.85616283
20.96428145 40.84990998
20.95854536 40.87151073
20.93348229 40.90313671
20.87017866 40.91791616
20.74078088 40.90525544
20.70930993 40.9283548
20.65603153 41.06168
20.61448368 41.08307404
20.56787153 41.12782583
20.48896162 41.2726232
20.48704959 41.33608185
20.49242394 41.39142731
20.44860233 41.52126435
20.47557743 41.55410472
20.5161951 41.5747753
20.51660851 41.62707185
20.50513635 41.70649852
20.55314375 41.86235464
20.56616621 41.87369762
20.57851688 41.86623037
20.69489221 41.85380219
20.72496789 41.87351675
20.74419152 41.9043159
20.75039269 42.01836579
20.77809126 42.07102407
21.05972782 42.17127635
21.14251346 42.17499706
21.20607547 42.12895336
21.25630497 42.09949779
21.28663903 42.10040213
21.29754276 42.13009024
21.33170088 42.18716686
21.38952681 42.21980052
21.56083418 42.24767996
21.56248783 42.24752493
21.6182467 42.24212474
21.7392729 42.26770458
21.81461714 42.30310293
21.85306441 42.30837393
21.90412072 42.32206818
21.97750125 42.3200528
22.05201867 42.30465323
22.14668989 42.32501374
22.23970747 42.35813833
22.27706953 42.34984427
22.31742883 42.32170645
22.34404219 42.31395498
NaN  NaN
25.97002241 40.13631013
25.740269 40.1054593
25.66895552 40.13589671
25.74088911 40.19630646
25.87483443 40.23366852
25.91834598 40.23800935
25.97705041 40.1778063
25.97002241 40.13631013
NaN  NaN
35.11406376 41.95697419
35.12212528 41.89111258
35.20914839 41.79440013
35.2977218 41.72851268
35.55796431 41.63404816
35.91980269 41.71373322
35.9780937 41.70484488
36.0517843 41.68257233
36.17921838 41.42656729
36.27843713 41.33613353
36.40535445 41.2745869
36.50963749 41.26252045
36.58704878 41.32665091
36.6470968 41.35251496
36.77773482 41.36347036
36.9919853 41.27541372
37.06619266 41.18441153
37.43092492 41.11413158
37.76568485 41.07888825
37.9100688 41.00189037
38.3810478 40.92453075
38.55695438 40.93654552
38.85213016 41.01765168
39.42635868 41.10645763
39.80793745 40.98253754
39.91108361 40.96644033
40.00017378 40.97713736
40.12843469 40.94303091
40.26527388 40.96132437
40.68747033 41.10741364
40.81955529 41.19022512
40.95949507 41.21164501
41.08362186 41.2612027
41.41435103 41.42364757
41.51005578 41.51749197
41.57651167 41.49731232
41.70172367 41.47157746
41.77939334 41.44051992
41.82352502 41.43235505
41.925741 41.49565868
42.07777306 41.49410838
42.21114994 41.48671865
42.27998294 41.4749881
42.36437056 41.45400747
42.46637984 41.43984813
42.50792769 41.47005301
42.56735558 41.5592982
42.59045495 41.5707187
42.60683638 41.57880606
42.68238732 41.5857307
42.75411421 41.57890941
42.78785892 41.56371654
42.82170698 41.49240306
42.90676639 41.46684907
43.05714481 41.35285086
43.14897383 41.30714305
43.17124637 41.28794526
43.14096398 41.26484589
43.15284956 41.23642386
43.20550785 41.19916515
43.27930179 41.18521251
43.35893517 41.19012177
43.40239505 41.17655671
43.43340091 41.1555244
43.44156579 41.12599132
43.43944706 41.10710358
43.45526004 41.06467723
43.51747847 41.00483592
43.59168583 40.96819733
43.63168338 40.9290266
43.69648563 40.79412527
43.7226339 40.71953034
43.71286706 40.64777761
43.66785689 40.57406118
43.56936161 40.48238719
43.59375288 40.44404328
43.61576704 40.39332286
43.60842899 40.35660676
43.67808882 40.23930126
43.70986983 40.16648916
43.68330814 40.14964265
43.66625492 40.12636241
43.79167362 40.07024181
43.94205204 40.02316458
44.00535567 40.0141212
44.1780583 40.03574779
44.28921431 40.04039867
44.39959517 39.99575023
44.5604639 39.88759146
44.73383833 39.74646312
44.76825484 39.70352001
44.78334435 39.68465811
44.81714074 39.65042247
44.78210412 39.65106843
44.72505334 39.68171255
44.58712894 39.76852896
44.51669396 39.73127025
44.45592248 39.66672639
44.38936323 39.42214183
44.33541304 39.39604523
44.24048343 39.39679454
44.12405643 39.40524364
44.04390628 39.39294465
44.02318404 39.37744172
44.03382938 39.35103506
44.05754886 39.3108308
44.0743437 39.25998119
44.07909793 39.21832998
44.1212659 39.18060619
44.1780583 39.1448461
44.18059045 39.10807831
44.17185713 39.05627269
44.15878299 39.01674022
44.1445203 38.99436433
44.1708236 38.93436799
44.23247359 38.86320954
44.27164432 38.83605358
44.25707157 38.70063548
44.28017093 38.64069082
44.29784427 38.55780183
44.29086795 38.42010997
44.29851607 38.38628775
44.31960005 38.37471223
44.37577233 38.36957042
44.43085941 38.3567805
44.44987634 38.33424958
44.44961795 38.3177648
44.3808883 38.2546162
44.37272342 38.20973522
44.34895226 38.1465091
44.32941857 38.10925039
44.26792362 38.03881542
44.22890791 37.96719188
44.21128625 37.90807404
44.22296512 37.88016877
44.33623986 37.87177135
44.39778649 37.82924164
44.56123905 37.74462149
44.58997114 37.71036001
44.54527103 37.65816682
44.54604618 37.63630768
44.56723351 37.60863496
44.57720707 37.5601883
44.57312463 37.50639313
44.5740548 37.43541555
44.60413049 37.42371084
44.71513146 37.3571516
44.7941964 37.29038565
44.79678023 37.26976675
44.75833296 37.21710847
44.76670454 37.15633698
44.76515425 37.14243602
44.73094445 37.165277
44.66934614 37.17359691
44.60593916 37.1760257
44.56604496 37.15824901
44.49602339 37.11052582
44.40192061 37.05848766
44.32559452 37.01076447
44.28187626 36.97800161
44.24570275 36.98332429
44.21748742 37.01184968
44.20167443 37.0518214
44.20839237 37.20263907
44.19175256 37.24984549
44.15625085 37.28294424
44.11439294 37.30185782
44.06462853 37.31245148
44.01315881 37.31353669
43.93998498 37.26930166
43.83642541 37.22351634
43.67581506 37.22726289
43.56801802 37.23586701
43.5158765 37.24454865
43.30674198 37.31462189
43.26312707 37.31648225
43.18509566 37.34485261
43.09249149 37.36738353
42.93663537 37.32477631
42.86909427 37.33493073
42.77457808 37.37187938
42.74109175 37.36190583
42.63546512 37.24927705
42.45588952 37.12869009
42.35899621 37.10858796
42.31284916 37.22961416
42.26851078 37.27658804
42.24753015 37.28224661
42.202675 37.29725861
42.16789676 37.28862865
42.05989302 37.20604971
41.88682865 37.15638866
41.7435299 37.12610627
41.51553348 37.08918346
41.33957523 37.07078665
41.26459273 37.06931387
41.1021737 37.085902
40.95887495 37.1091564
40.81557621 37.10817455
40.70571211 37.09771007
40.45037886 37.00887828
40.01640018 36.82604706
39.68649784 36.73863638
39.50144453 36.70223033
39.35659549 36.6815856
39.10844527 36.68055207
38.90649377 36.69465974
38.76665734 36.69313528
38.68888431 36.71507193
38.57803836 36.78912425
38.44378299 36.86224641
38.38394168 36.87924795
38.30591027 36.89338146
38.19170536 36.90154633
37.90665816 36.79465363
37.8179814 36.7655598
37.72036462 36.74370067
37.52352909 36.67832998
37.43635095 36.6433192
37.32705529 36.64660065
37.18742557 36.65590241
37.06619266 36.6526468
36.98531904 36.7024112
36.94175581 36.75840261
36.77659793 36.79268993
36.65856896 36.80256013
36.62838993 36.77770376
36.5968673 36.70135183
36.54663781 36.50635082
36.53743941 36.45741324
36.64146406 36.26352326
36.63676151 36.23396434
36.56239912 36.22393911
36.47708133 36.2206835
36.42147749 36.20344941
36.37543379 36.17125499
36.34752852 36.00353913
36.24887821 35.9726883
36.20195601 35.93754833
36.15358687 35.83385956
36.12733524 35.83145661
35.96755171 35.91005646
35.89267256 35.91656769
35.95690637 35.99816478
35.88714318 36.15908519
35.81097212 36.30987702
35.88280236 36.40635692
36.03173384 36.52270641
36.18841678 36.65897716
36.18821008 36.74305471
36.1800452 36.80721101
36.13519006 36.8516269
36.04889042 36.91061555
35.90460982 36.84759614
35.80156701 36.7780655
35.7342843 36.76395783
35.66111047 36.72432201
35.62555708 36.65277599
35.53739709 36.59701712
35.39311649 36.57520966
35.17617883 36.63484427
34.94322147 36.7256656
34.81123986 36.79925283
34.70364953 36.81682282
34.60133019 36.78444754
34.29964318 36.60420014
34.02338098 36.34077953
33.95485803 36.29522675
33.69471887 36.18200369
33.5227397 36.14399567
33.44181441 36.15283234
33.09950972 36.10296459
32.92949426 36.09567821
32.79482547 36.03588858
32.53375614 36.1007425
32.37769331 36.1836315
32.28384891 36.26786408
32.13057661 36.44914501
32.02195275 36.53531546
31.77793664 36.61277843
31.35253625 36.80106151
31.2406051 36.82173208
30.9502869 36.84868134
30.64405236 36.86565705
30.58204064 36.79718578
30.55847619 36.52583283
30.50607629 36.45110871
30.48364872 36.31041962
30.44613163 36.26987946
30.38732385 36.2432661
30.29544315 36.28768199
30.23167443 36.30734488
30.08325972 36.24936392
29.78922082 36.16807689
29.68907189 36.15668224
29.3483175 36.25882071
29.22367394 36.32444977
29.14326542 36.39721019
29.11608361 36.52012259
29.06554406 36.59006664
29.05810265 36.63812572
29.0382589 36.69347118
28.9696326 36.71533031
28.89583866 36.67357575
28.81687707 36.67528107
28.71765832 36.70088675
28.48356408 36.80380036
28.3037301 36.81196524
28.195623 36.68633983
28.11149377 36.64639395
28.01940637 36.63448253
28.01413537 36.67021678
28.08400191 36.75147797
27.80381229 36.73649181
27.65581099 36.67460928
27.54046919 36.68424693
27.45396284 36.71215221
27.46688195 36.74633617
27.55462853 36.75889354
27.63079959 36.78666962
27.93445031 36.80925222
28.00535038 36.83196402
28.08296838 36.92027904
28.2243551 36.99639842
28.24244185 37.02903209
28.13371463 37.02949718
27.66842004 37.00743134
27.34895633 37.01960114
27.31102583 36.98190318
27.26296675 36.97658051
27.24973758 37.07913239
27.30017378 37.12688142
27.36817997 37.1224114
27.53509484 37.1638559
27.52010868 37.24909618
27.40063277 37.3067154
27.37624149 37.34071849
27.28952844 37.34867666
27.21924849 37.38916515
27.20384891 37.49140697
27.14793501 37.60362234
27.06793989 37.65790843
27.07786177 37.68767406
27.22441613 37.72544953
27.25480187 37.88233918
27.2323743 37.97866405
27.15868371 37.9868806
26.9438131 38.06289663
26.87859745 38.05480927
26.80738732 38.13831839
26.68284712 38.19834056
26.62114546 38.17635224
26.58238814 38.14927379
26.52471724 38.16227041
26.42797896 38.21436026
26.33289432 38.24247224
26.29072635 38.2771988
26.34364302 38.37008719
26.41640344 38.3678651
26.4296326 38.44062552
26.37227176 38.5619101
26.37785282 38.62415436
26.44131148 38.64120759
26.51355513 38.62947704
26.58652225 38.55702668
26.61039676 38.4869276
26.59499719 38.41858552
26.64129927 38.35243968
26.67426883 38.3357482
26.69638635 38.40535635
26.72728885 38.41858552
26.76987023 38.38819977
26.86144087 38.37295523
27.0986357 38.41571747
27.14421431 38.45194265
26.97037479 38.44783438
26.90681278 38.48173412
26.83777306 38.55756928
26.79529504 38.62642813
26.78764693 38.66022451
26.76366906 38.70962718
26.79012739 38.73608552
26.90918989 38.77577302
27.01367964 38.88687735
26.97006473 38.91904593
26.920352 38.9342388
26.8661951 38.9229475
26.81493208 38.96098135
26.8083175 39.01389802
26.84934859 39.05673778
26.85358605 39.11562307
26.71933068 39.26062714
26.68181359 39.29225312
26.71075239 39.33966625
26.81327844 39.41904125
26.91094689 39.51735566
26.89926802 39.54967927
26.82702437 39.5628826
26.48409956 39.52071463
26.35077437 39.48410187
26.11306278 39.46735871
26.09600956 39.52079214
26.1013839 39.56895458
26.15471398 39.65664948
26.14975305 39.87286367
26.18137902 39.99006582
26.31336063 40.02499909
26.47541792 40.19728832
26.73803755 40.40022167
27.01212935 40.3963201
27.12168338 40.45236319
27.2845675 40.4556188
27.31412642 40.41489777
27.33262658 40.37593374
27.47556359 40.31991649
27.72805464 40.32880484
27.78934289 40.35087067
27.84856408 40.3817215
27.7318787 40.48150869
27.76908573 40.50962067
27.87491906 40.51292796
27.98953739 40.48946686
27.99480838 40.46662588
27.96431929 40.43530996
27.92886926 40.38042959
27.96256229 40.3698876
28.28905399 40.40303803
28.6302218 40.37647635
28.73884566 40.39086823
29.00714969 40.38973135
29.05520877 40.42417369
28.97397342 40.46737519
28.89459842 40.48241303
28.84116499 40.50347118
28.78783491 40.53403779
28.95805708 40.63054352
29.05407189 40.64909536
29.50758426 40.70841991
29.84492801 40.73810802
29.84926883 40.76009634
29.80058963 40.76017386
29.3647506 40.8092923
29.25974409 40.84732616
29.1139132 40.93786327
29.08218387 40.9634431
29.04549361 41.00757477
29.06740441 41.10167756
29.09427616 41.1772285
29.148123 41.22102428
29.32227258 41.22774221
29.91934208 41.15082185
30.34494917 41.19694306
30.81003706 41.08488272
31.25486779 41.10762035
31.34664514 41.15790152
31.45805952 41.32003632
32.08644494 41.58921886
32.30648319 41.72959789
32.54223107 41.80638907
32.94665083 41.89175853
33.28471805 42.00456818
33.38135298 42.01759064
34.19298303 41.96366629
34.75046838 41.95681916
35.00647342 42.06329845
35.15488814 42.0275642
35.14103885 41.9895045
35.11406376 41.95697419
NaN  NaN
27.36290897 42.02503205
27.47484012 41.94689728
27.53483646 41.92077485
27.57984663 41.93289297
27.66118534 41.96131501
27.73890669 41.96152171
27.80164188 41.95653494
27.83192427 41.98128795
27.8792082 41.98663646
28.01444543 41.96906647
27.98726362 41.85486156
28.05030887 41.7291328
28.19789676 41.55446646
28.34641483 41.46635814
28.94679162 41.24838695
29.05717248 41.2297576
29.03216109 41.14048656
28.99598758 41.06111156
28.95630008 41.00819489
28.78039351 40.97416596
28.2949451 41.07149852
28.1721619 41.08069693
28.0855522 41.06131826
27.92514855 40.99057323
27.74738163 41.01325918
27.4994381 40.97315827
27.43019168 40.83993643
27.25800581 40.68736176
26.97461226 40.56401012
26.77204064 40.49807099
26.46797652 40.26149628
26.33000044 40.12339102
26.27181278 40.09659679
26.20277306 40.07540945
26.22592411 40.14171031
26.2601339 40.20237844
26.25238244 40.24816376
26.25382938 40.31469717
26.35521854 40.39022228
26.44751265 40.44499929
26.72026086 40.54421804
26.7920911 40.62661612
26.57815067 40.62465241
26.36090295 40.60635895
26.22427046 40.6180895
26.10541467 40.61131989
26.06779422 40.68340851
26.03895877 40.72676504
26.06975793 40.74030427
26.10918705 40.7496577
26.17889855 40.82650056
26.24122033 40.88321544
26.33108565 40.95450308
26.35413334 40.99708446
26.35408166 41.03677196
26.33258426 41.0643155
26.32845015 41.09702668
26.32565962 41.14327709
26.33062056 41.23877513
26.53639611 41.34313569
26.60238692 41.35414277
26.62486616 41.4017626
26.60977665 41.51214346
26.58135461 41.60128531
26.54450931 41.6072281
26.49505497 41.63324718
26.46249881 41.66340038
26.41051232 41.69631826
26.32090539 41.71657543
26.31801151 41.7446874
26.32720991 41.77279938
26.36038618 41.80158316
26.51143639 41.82636201
26.52931644 41.84667084
26.54972863 41.89671947
26.57970096 41.94795665
26.6153577 41.96488068
26.67922977 41.96333039
26.80035933 41.97516429
26.88485029 41.99185578
26.96872114 42.02684073
27.01171594 42.05864757
27.1933586 42.07709606
27.24436323 42.09324494
27.29490278 42.07955069
27.36290897 42.02503205
NaN  NaN
21.56248783 42.24752493
21.56083418 42.24767996
21.38952681 42.21980052
21.33170088 42.18716686
21.29754276 42.13009024
21.28663903 42.10040213
21.25630497 42.09949779
21.20607547 42.12895336
21.14251346 42.17499706
21.05972782 42.17127635
20.77809126 42.07102407
20.75039269 42.01836579
20.74419152 41.9043159
20.72496789 41.87351675
20.69489221 41.85380219
20.57851688 41.86623037
20.56616621 41.87369762
20.58141076 41.91744172
20.57541629 42.01309479
20.52280969 42.17148306
20.48544763 42.2233662
20.40829471 42.27496511
20.3482467 42.30881318
20.24050134 42.33896638
20.18577599 42.42588614
20.10355879 42.52466564
20.06397464 42.54727407
20.07033084 42.5570926
20.08924442 42.63155834
20.06567997 42.68581859
20.02950646 42.73201732
20.05425947 42.76007762
20.13001712 42.75976756
20.19259728 42.7546516
20.21512821 42.79883495
20.34437097 42.82795462
20.46885949 42.85790111
20.48684289 42.87906261
20.45842085 42.92456371
20.47506066 42.95303742
20.62399214 43.03416942
20.64853845 43.07096304
20.65758182 43.09985017
20.63763472 43.13039094
20.60962609 43.17839834
20.62316532 43.19862967
20.70057661 43.22635407
20.76341515 43.25860017
20.80062219 43.26108063
20.82377323 43.23792959
20.82377323 43.21395173
20.8444438 43.1734374
20.89074588 43.15165579
20.96769209 43.11602489
21.05704064 43.09168529
21.12701053 43.04300609
21.22261193 42.95621552
21.23708133 42.91322073
21.32317427 42.87469595
21.40306603 42.83152029
21.39066369 42.75142182
21.66248172 42.68150361
21.72387333 42.6819687
21.75291548 42.6697989
21.75219201 42.65150544
21.73064294 42.59546235
21.61907352 42.42325064
21.60987512 42.38743887
21.52998335 42.35002513
21.51892459 42.32842438
21.54155887 42.28083039
21.56248783 42.24752493
NaN  NaN
