# IPBES West_Africa
# Benin
# from http://www.rjruss.info/2010/12/free-countries-of-world-in-polygon-kml.html
3.59541914 11.69628897
3.55392297 11.63190013
3.49056766 11.49919505
3.48782881 11.39542878
3.63887902 11.17683747
3.6562423 11.15459077
3.69536136 11.12032929
3.71639367 11.07960826
3.73417036 10.97191458
3.74486738 10.85044912
3.75680464 10.76872285
3.82972009 10.65376862
3.83447432 10.6074407
3.78383141 10.43590078
3.77179081 10.41760733
3.75845829 10.41269807
3.68022017 10.42778758
3.64657881 10.4090032
3.60415246 10.35068635
3.57790083 10.29249868
3.57655724 10.26833995
3.64590702 10.1601295
3.6020854 10.0045576
3.55723026 9.90730256
3.47671838 9.85190542
3.40478478 9.83862458
3.35445194 9.8128122
3.32520308 9.77847321
3.3295439 9.66703299
3.22340051 9.56564383
3.16469608 9.49466625
3.13617069 9.45161978
3.14805627 9.32059418
3.11043583 9.18827668
3.04496179 9.08383861
2.89809736 9.06135936
2.77484907 9.04854361
2.73288781 8.78253917
2.73464481 8.61402233
2.72358605 8.44191397
2.70307051 8.37184073
2.71149377 8.27300955
2.70234704 8.04981904
2.68601729 7.87375743
2.70772139 7.82660269
2.72043379 7.72309479
2.71934859 7.61625377
2.75102624 7.54191722
2.78513268 7.47685659
2.78394413 7.4433961
2.7658057 7.42251883
2.75050947 7.3950528
2.75061283 7.14323355
2.75676232 7.06791515
2.74771895 7.01983023
2.72141564 6.98027192
2.73175093 6.85283784
2.75293827 6.77162832
2.77464237 6.71173534
2.75366174 6.66176423
2.73567834 6.59572175
2.70803145 6.42766999
2.70648115 6.36924978
2.2869202 6.3280895
1.81811161 6.26065176
1.62261966 6.21677847
1.61088911 6.25083324
1.77790734 6.29465485
1.7431291 6.42624889
1.63931115 6.5815624
1.59853845 6.61021699
1.57755781 6.68739574
1.60293094 6.73809032
1.59078698 6.77227428
1.58200199 6.87699657
1.53094567 6.99244172
1.62468672 6.9972993
1.62468672 7.36918875
1.62458337 7.72588532
1.62458337 8.03020783
1.62458337 8.27099417
1.60659997 8.55927115
1.60380944 8.77101533
1.60019209 9.05004222
1.56629235 9.1372462
1.42428552 9.28501496
1.3857349 9.36165111
1.37891361 9.46298859
1.34708093 9.56753002
1.34506555 9.7502062
1.34284346 9.96295808
1.3300277 9.99698701
1.17618696 10.098402
0.95831913 10.24203665
0.7921794 10.35153901
0.77998376 10.35957469
0.76334395 10.38665314
0.78747684 10.7102768
0.82184167 10.7525998
0.87475833 10.88574413
0.9004932 10.99325694
0.92462609 10.99281769
0.95800907 11.02780264
0.98503584 11.07901398
1.01381961 11.06811026
1.06229211 11.05818838
1.08456465 11.07637849
1.08151574 11.11601431
1.09753543 11.1563736
1.13556929 11.174357
1.14549116 11.21040131
1.14580122 11.25192333
1.17866743 11.2627237
1.23468469 11.26101838
1.28047 11.27398916
1.31736698 11.29527985
1.36480594 11.37889232
1.39152266 11.40798615
1.39973921 11.4287084
1.42671431 11.44710521
1.50133508 11.45558015
1.56138309 11.44914643
1.60003706 11.4006481
1.85764408 11.44333283
1.9803756 11.41842479
2.23085127 11.62916128
2.28723026 11.69127635
2.36324629 11.84010448
2.38918786 11.89705191
2.41264896 11.99931957
2.36329797 12.18842947
2.36598514 12.22194164
2.46933801 12.26281769
2.59842573 12.29434032
2.64844852 12.29676911
2.68136641 12.31281464
2.72854699 12.35363902
2.80523482 12.3838439
2.85019331 12.37366364
2.87815026 12.36772085
3.14955488 12.11807201
3.26737715 11.99187816
3.29910648 11.92712759
3.35992964 11.88046377
3.44984663 11.85193838
3.5317021 11.78744619
3.59541914 11.69628897


# Burkina Faso
# from http://www.rjruss.info/2010/12/free-countries-of-world-in-polygon-kml.html
0.21748579 14.91149323
0.20381738 14.86506196
0.20278385 14.78279308
0.18505883 14.65295604
0.16381982 14.49720327
0.25061039 14.39643423
0.35458337 14.28801708
0.38248864 14.24582327
0.35484175 14.13903392
0.37406538 14.07635041
0.42920414 13.97211905
0.52232507 13.83972403
0.61818485 13.7034016
0.68453739 13.68539236
0.74778934 13.67451447
0.7860299 13.65004568
0.84225386 13.62640371
0.89790938 13.61092662
0.94658858 13.58113516
0.97774946 13.55193797
1.01785038 13.46786042
1.12595747 13.41235993
1.20119836 13.35753124
1.17091597 13.32957429
1.07686486 13.34078807
0.98844649 13.36484345
0.97671594 13.32451
0.97309859 13.1703592
0.98725793 13.04189159
1.00787682 13.02481253
1.09681196 13.00111888
1.30868534 12.83425568
1.50050825 12.6764617
1.56494876 12.63540477
1.67104048 12.61979849
1.78979292 12.61326142
1.84095259 12.62786001
1.95619103 12.70744172
2.01737593 12.71622671
2.07380659 12.71395295
2.10460575 12.70129222
2.1597445 12.6364383
2.21157596 12.53840811
2.22625207 12.4660611
2.22139448 12.42722626
2.2038245 12.412576
2.10935998 12.39386913
2.0685356 12.37914134
2.05840702 12.35795401
2.07297977 12.30935232
2.09137658 12.27795889
2.19441939 12.13646882
2.34335086 11.94598949
2.38918786 11.89705191
2.36324629 11.84010448
2.28723026 11.69127635
2.23085127 11.62916128
1.9803756 11.41842479
1.85764408 11.44333283
1.60003706 11.4006481
1.56138309 11.44914643
1.50133508 11.45558015
1.42671431 11.44710521
1.39973921 11.4287084
1.39152266 11.40798615
1.36480594 11.37889232
1.31736698 11.29527985
1.28047 11.27398916
1.23468469 11.26101838
1.17866743 11.2627237
1.14580122 11.25192333
1.14549116 11.21040131
1.13556929 11.174357
1.09753543 11.1563736
1.08151574 11.11601431
1.08456465 11.07637849
1.06229211 11.05818838
1.01381961 11.06811026
0.98503584 11.07901398
0.95800907 11.02780264
0.92462609 10.99281769
0.9004932 10.99325694
0.64298954 10.98305085
0.54914514 10.95540396
0.49271447 10.95499055
0.49069909 10.97819326
0.48413618 10.99196503
0.15927229 11.06960887
-0.06862077 11.1156009
-0.2994594 11.16688976
-0.31255937 11.11888235
-0.34573564 11.08792817
-0.3956034 11.08570608
-0.43032996 11.09327668
-0.45353268 11.05630219
-0.49172156 11.00759715
-0.54523251 10.98367097
-0.59765825 10.9536728
-0.62716549 10.92739533
-0.6485337 10.92677521
-0.70142453 10.98894196
-0.77160112 10.99527233
-0.90291094 10.98470449
-0.96182207 11.00170604
-1.04248898 11.01005178
-1.23260657 10.99723603
-1.53677405 11.022635
-1.58648678 11.00888906
-1.59966427 10.99764944
-1.90062781 10.99467805
-2.23195126 10.99142243
-2.50916948 10.98873526
-2.75168698 10.98635814
-2.75210039 10.99697765
-2.8299251 10.99837291
-2.83855506 10.97746979
-2.90733639 10.72797598
-2.91488115 10.59232534
-2.87839759 10.50793773
-2.83721147 10.45465933
-2.79116777 10.43243846
-2.78662025 10.40189769
-2.82346554 10.36293366
-2.82031328 10.32283275
-2.77711178 10.28159496
-2.76651811 10.23816092
-2.7884806 10.1925823
-2.7832096 10.08307994
-2.75073096 9.90965384
-2.74982663 9.79723176
-2.78052243 9.74583955
-2.76594967 9.65806712
-2.70618588 9.53394033
-2.69585059 9.48133373
-2.71719296 9.45714916
-2.76662147 9.42472219
-2.81674761 9.42583324
-2.87514197 9.50094493
-2.90087684 9.53461213
-2.94813493 9.61073151
-2.98826168 9.68734182
-3.04262529 9.72087983
-3.09582618 9.75211823
-3.16070594 9.84916657
-3.22354448 9.89546865
-3.28969031 9.88223949
-3.38627357 9.90027456
-3.58114539 9.9243041
-3.79064165 9.91719859
-3.87766476 9.89490021
-3.96347348 9.85963105
-4.18116045 9.78175467
-4.26717587 9.74325572
-4.33221066 9.64571646
-4.40621131 9.64801606
-4.48026364 9.67922862
-4.5266174 9.72348949
-4.62583615 9.71356761
-4.72174761 9.7565624
-4.81448096 9.84115672
-4.88271969 9.86893281
-4.96989783 9.93006603
-4.99403073 10.04649303
-5.04932451 10.12832266
-5.09986406 10.24162324
-5.17531165 10.29262788
-5.26228309 10.31968049
-5.38227576 10.31399608
-5.46128903 10.35954886
-5.52355913 10.42600475
-5.50702267 10.4834431
-5.47901404 10.56509186
-5.47565508 10.6439501
-5.4570774 10.77141002
-5.46857541 10.93103852
-5.49048621 11.04237539
-5.42423703 11.08872915
-5.34739417 11.130277
-5.29985185 11.2059313
-5.25024248 11.3757659
-5.2293652 11.52247529
-5.24476478 11.57676138
-5.27029293 11.61985952
-5.2905501 11.68331818
-5.30199643 11.7604711
-5.2881213 11.82790884
-5.23019202 11.89028229
-5.15753496 11.94237214
-5.1059102 11.96753856
-4.9689935 11.99329926
-4.79797034 12.03210826
-4.69934587 12.07618826
-4.62723141 12.12019074
-4.58692379 12.15502066
-4.54604774 12.22646332
-4.4799019 12.28178295
-4.42869056 12.33759349
-4.42155921 12.49308788
-4.42192095 12.58158377
-4.45985145 12.63039216
-4.48062537 12.67222423
-4.2271008 12.79371552
-4.22524044 12.87947256
-4.2606388 12.97533234
-4.31024818 13.05248526
-4.32869666 13.1190445
-4.2586751 13.1973343
-4.19619829 13.25616791
-4.15103309 13.30621654
-4.05119422 13.38243928
-3.94729875 13.40217967
-3.85348019 13.37355093
-3.57577104 13.19420787
-3.52760861 13.18270987
-3.46993771 13.19640412
-3.39671221 13.24371389
-3.30173092 13.28074006
-3.26674598 13.40075857
-3.27018246 13.57746613
-3.24860755 13.65833975
-3.19842973 13.67286083
-3.03869788 13.63909028
-2.99722755 13.63710073
-2.95084795 13.64844371
-2.91710324 13.67947541
-2.9184985 13.73637116
-2.92588823 13.78675568
-2.87395342 13.950725
-2.77884294 14.07371491
-2.58673581 14.22758149
-2.5268945 14.25830313
-2.45723467 14.27411612
-2.11322466 14.16843781
-2.05715573 14.19463776
-1.9730265 14.45653392
-1.87977637 14.48149364
-1.76779354 14.48604116
-1.69505897 14.50846874
-1.65733517 14.52678803
-1.49367591 14.62605846
-1.20495968 14.76152823
-1.04956865 14.81950918
-1.01918291 14.84134247
-0.90797523 14.93740896
-0.76043901 15.04776398
-0.66646542 15.06977814
-0.53655087 15.07786551
-0.45446286 15.05964956
-0.43229367 15.02854035
-0.40542192 15.01252066
-0.23587155 15.05941702
0.00731774 14.98482209
0.21748579 14.91149323


# Cape Verde
# from http://www.rjruss.info/2010/12/free-countries-of-world-in-polygon-kml.html
-24.30825233 14.8563028
-24.38610287 14.81821727
-24.44054399 14.83480541
-24.49216875 14.87423452
-24.51710263 14.93123363
-24.49689714 14.98027456
-24.39196815 15.0383072
-24.3294655 15.01949698
-24.29577247 14.92952831
-24.30825233 14.8563028

-23.18214535 15.1367508
-23.20994727 15.13308177
-23.25180518 15.17814362
-23.24247759 15.24054291
-23.2471543 15.25700186
-23.21025733 15.3235611
-23.1377553 15.31772167
-23.11930681 15.26842235
-23.11587033 15.16667145
-23.18214535 15.1367508

-23.44424822 15.00797313
-23.50465797 14.91609243
-23.63720801 14.92348216
-23.70536923 14.96130931
-23.78500261 15.07690949
-23.78252214 15.16610301
-23.75446184 15.24356599
-23.7593711 15.31079702
-23.74810564 15.32852204
-23.70720374 15.31689484
-23.70064084 15.27162629
-23.5800022 15.16088369
-23.53525041 15.13928295
-23.44424822 15.00797313

-22.91771705 16.2372521
-22.83431129 16.21898448
-22.80263363 16.22552155
-22.74943275 16.22154247
-22.69261451 16.16903921
-22.68189165 16.11328034
-22.71010698 16.04336213
-22.82051368 15.98605296
-22.88407569 15.99271922
-22.9592649 16.04511913
-22.91614092 16.14842032
-22.91771705 16.2372521

-24.08772315 16.6224999
-24.04638201 16.59307018
-24.03273943 16.57201203
-24.09413103 16.56105663
-24.24303667 16.59940054
-24.28280168 16.57593944
-24.32233415 16.49310212
-24.3980918 16.61841747
-24.39292416 16.66446117
-24.37669776 16.67779369
-24.27107113 16.6448758
-24.08772315 16.6224999

-22.88831316 16.65908682
-22.92024919 16.60792715
-22.95941993 16.68303885
-22.98060727 16.70089305
-22.99089088 16.80884512
-22.93288408 16.8410137
-22.90474626 16.84372671
-22.90391944 16.73210562
-22.88831316 16.65908682

-24.88705421 16.8180952
-24.96916806 16.79416901
-25.01996599 16.79721792
-25.09303646 16.83251293
-25.07009213 16.87070181
-24.99102719 16.91323151
-24.93645688 16.92211986
-24.89191179 16.8464914
-24.88705421 16.8180952

-25.16982764 16.94651114
-25.26723772 16.92594392
-25.30832048 16.93586579
-25.32191138 17.01539582
-25.34154843 17.06774405
-25.33710425 17.09099844
-25.11344866 17.19367951
-25.0346421 17.17647126
-24.97965837 17.09471914
-25.01707211 17.04929556
-25.16982764 16.94651114


# Ivory Coast
# from http://www.rjruss.info/2010/12/free-countries-of-world-in-polygon-kml.html
-3.08673113 5.12831778
-3.11401628 5.08865611
-3.2464113 5.11408092
-3.21488868 5.14723135
-3.08673113 5.12831778

-6.23064775 10.59749299
-6.23971697 10.55811555
-6.21778032 10.47628592
-6.19067603 10.40026988
-6.19263974 10.36944489
-6.21498979 10.32236766
-6.2412931 10.27921784
-6.23837338 10.26164785
-6.19685137 10.23214061
-6.11721798 10.20188406
-6.03456153 10.19480439
-5.9886987 10.23911693
-5.94069129 10.27508373
-5.9075667 10.30722647
-5.89619788 10.35471711
-5.84384966 10.38954702
-5.69429806 10.43321361
-5.55660621 10.43993155
-5.52355913 10.42600475
-5.46128903 10.35954886
-5.38227576 10.31399608
-5.26228309 10.31968049
-5.17531165 10.29262788
-5.09986406 10.24162324
-5.04932451 10.12832266
-4.99403073 10.04649303
-4.96989783 9.93006603
-4.88271969 9.86893281
-4.81448096 9.84115672
-4.72174761 9.7565624
-4.62583615 9.71356761
-4.5266174 9.72348949
-4.48026364 9.67922862
-4.40621131 9.64801606
-4.33221066 9.64571646
-4.26717587 9.74325572
-4.18116045 9.78175467
-3.96347348 9.85963105
-3.87766476 9.89490021
-3.79064165 9.91719859
-3.58114539 9.9243041
-3.38627357 9.90027456
-3.28969031 9.88223949
-3.22354448 9.89546865
-3.16070594 9.84916657
-3.09582618 9.75211823
-3.04262529 9.72087983
-2.98826168 9.68734182
-2.94813493 9.61073151
-2.90087684 9.53461213
-2.87514197 9.50094493
-2.81674761 9.42583324
-2.76662147 9.42472219
-2.71719296 9.45714916
-2.69585059 9.48133373
-2.68610958 9.43172435
-2.70574663 9.35139334
-2.70179338 9.30168061
-2.67422401 9.28261201
-2.68921017 9.21861074
-2.74667436 9.10962515
-2.74693275 9.04513296
-2.68988196 9.02508251
-2.64921261 8.95661123
-2.62492469 8.83961579
-2.60040422 8.80044505
-2.59800127 8.77636384
-2.55686683 8.49302196
-2.50586219 8.2087499
-2.53826331 8.17164623
-2.58275672 8.16079418
-2.61169552 8.14756501
-2.61996375 8.12110668
-2.60094682 8.082246
-2.61334917 8.04669261
-2.66884966 8.02219798
-2.78977251 7.93191926
-2.79814409 7.89600414
-2.8301318 7.81905793
-2.85690019 7.77208405
-2.89635515 7.68500926
-2.95909034 7.45453238
-2.98231889 7.26363963
-2.98578122 7.20485769
-3.01017249 7.16374909
-3.03771603 7.10460541
-3.16889665 6.94097199
-3.2357918 6.80723338
-3.22716183 6.7490974
-3.22411292 6.69075471
-3.243905 6.64869009
-3.24028764 6.53562206
-3.22403541 6.44105419
-3.20060014 6.34826915
-3.10559302 6.08562368
-3.05616452 5.92627941
-3.02531369 5.79776012
-2.99828691 5.71130545
-2.97281043 5.67629466
-2.96226844 5.64301504
-2.82119178 5.61919221
-2.79364824 5.60007193
-2.75499427 5.43253693
-2.76191891 5.35693431
-2.78961748 5.32820222
-2.7886873 5.26412344
-2.79519853 5.18454173
-2.8156624 5.15301911
-2.8947015 5.14904003
-2.94836748 5.11886099
-3.01913835 5.13082408
-3.02585629 5.15053864
-3.06396766 5.15772167
-3.16868995 5.20301606
-3.15143002 5.34830435
-3.19995419 5.35447968
-3.23762631 5.33538524
-3.31198869 5.16079641
-3.34754208 5.13064322
-3.87058509 5.22071524
-3.98419573 5.29313976
-4.12015642 5.30972789
-4.35727373 5.30143382
-4.55284319 5.27988475
-4.60891212 5.23590811
-4.11516964 5.26164297
-4.06207211 5.2566562
-4.03721575 5.23014619
-4.66154456 5.1725528
-4.8996954 5.138343
-4.97013038 5.14774811
-5.023693 5.20361034
-5.28238522 5.21025076
-5.33543108 5.19200898
-5.36752214 5.15079702
-5.26577125 5.15973705
-5.10490251 5.16216584
-5.06180437 5.13066905
-5.56474525 5.0894571
-5.91374203 5.0109606
-6.0617175 4.95282461
-6.54843197 4.76177684
-6.84515805 4.67149811
-6.92290524 4.63832184
-7.0579616 4.54473583
-7.2313877 4.48597972
-7.4261045 4.37601227
-7.54496029 4.35131094
-7.57159949 4.38642508
-7.5746484 4.5723052
-7.59118486 4.82154064
-7.58503537 4.91675446
-7.56932573 5.00646475
-7.56891232 5.08067211
-7.50979448 5.10847403
-7.49413652 5.13981578
-7.4851965 5.23642487
-7.4298252 5.32450735
-7.42892086 5.477883
-7.41243608 5.50989655
-7.39993039 5.55059174
-7.42370154 5.65133495
-7.45439735 5.84129751
-7.46943519 5.85372569
-7.48279354 5.84553498
-7.5139286 5.84202098
-7.63614336 5.90770173
-7.73037533 5.9190447
-7.796547 5.9750878
-7.8009395 6.03893403
-7.83323727 6.0763736
-7.85550981 6.15016755
-7.88863441 6.23486522
-7.98160031 6.28615408
-8.06895932 6.29840139
-8.13099687 6.28754934
-8.20386064 6.29072744
-8.28711138 6.31904613
-8.34485979 6.35129222
-8.39930091 6.41317475
-8.44989214 6.4624999
-8.49035478 6.45637625
-8.53955075 6.46808096
-8.58786821 6.49050853
-8.60357785 6.50782014
-8.40121294 6.70512075
-8.33258664 6.80154898
-8.32511939 6.86040843
-8.32449927 6.92004304
-8.30235592 6.98094371
-8.29661984 7.0740388
-8.4087577 7.41179597
-8.4371539 7.51638906
-8.46725542 7.54703319
-8.48642737 7.55850536
-8.42997087 7.60186188
-8.35175859 7.59057058
-8.23186927 7.55674836
-8.20595354 7.59023469
-8.11544227 7.76074108
-8.11781938 7.82401887
-8.12683692 7.86773713
-8.07384274 7.98442251
-8.03175229 8.02971691
-8.00986732 8.07849946
-8.01674028 8.14492951
-8.04857296 8.1697342
-8.09053423 8.16516083
-8.14060869 8.18146475
-8.21714149 8.21967947
-8.25610552 8.2537084
-8.24414242 8.40793671
-8.2369594 8.4556599
-8.20993262 8.48325511
-8.16779049 8.49067068
-8.0491414 8.49529572
-7.95312659 8.47772573
-7.86876482 8.46754548
-7.82357378 8.46764883
-7.78740028 8.42196686
-7.73895362 8.37525137
-7.69611386 8.3756131
-7.68120521 8.41033967
-7.69097205 8.56247508
-7.71957496 8.6430128
-7.78404131 8.7206308
-7.95095618 8.78680248
-7.95496111 8.87943248
-7.93816627 8.97976227
-7.90209612 9.01707266
-7.77799516 9.08084138
-7.79980262 9.11505117
-7.83938677 9.15161225
-7.91808997 9.18850922
-7.90002906 9.30868277
-7.896205 9.41585969
-7.96268673 9.40387075
-8.03100298 9.39764374
-8.08867388 9.43066498
-8.1369655 9.49569977
-8.14603472 9.67481029
-8.14585385 9.88172272
-8.15518144 9.97319001
-8.1366296 10.02207591
-8.07782182 10.06711192
-8.01353634 10.12527375
-7.99064368 10.16250662
-7.96092973 10.16346263
-7.88406104 10.18576101
-7.81422034 10.23658478
-7.7490822 10.34228893
-7.66115475 10.42745169
-7.56211687 10.42122468
-7.53284217 10.43683096
-7.49796058 10.43977652
-7.45656776 10.38391429
-7.41478736 10.34130707
-7.38504757 10.34011852
-7.3631626 10.25934825
-7.18232093 10.22568106
-7.10490963 10.20353771
-7.03974565 10.14475576
-7.01711138 10.14325715
-6.98946448 10.15565949
-6.96817379 10.17622671
-6.96383297 10.19870596
-6.99173825 10.25188101
-6.97949093 10.29957836
-6.95034542 10.34231476
-6.90383664 10.34505362
-6.83366004 10.35699087
-6.75319984 10.3571459
-6.69328101 10.34944611
-6.66932899 10.39218252
-6.69196326 10.51202017
-6.68612383 10.57801097
-6.67635698 10.63376984
-6.65413611 10.6564558
-6.5646067 10.58643423
-6.4825962 10.56121613
-6.42391761 10.55914907
-6.40753618 10.5723524
-6.43259925 10.64875601
-6.42585548 10.6718037
-6.40415137 10.68511038
-6.36565243 10.69283601
-6.26113685 10.72407441
-6.25023312 10.71792491
-6.23064775 10.59749299


# Gambia
# from http://www.rjruss.info/2010/12/free-countries-of-world-in-polygon-kml.html
-16.76333818 13.06413829
-16.76930681 13.14850007
-16.8248073 13.34104645
-16.75041907 13.42538239
-16.66936459 13.47499177
-16.61479428 13.43530427
-16.59836117 13.35685944
-16.55642575 13.30321931
-16.41335954 13.26970714
-16.27166277 13.2938142
-16.1850789 13.28270376
-16.18789527 13.32616364
-16.15838803 13.38404125
-15.98640886 13.40884593
-15.80450782 13.42538239
-15.61764584 13.46010895
-15.47129818 13.45866201
-15.42750241 13.46837718
-15.43814775 13.48318248
-15.56956092 13.49984813
-15.84990556 13.45995393
-16.13544369 13.44822337
-16.35181291 13.34337189
-16.44054135 13.35319042
-16.5300966 13.45793854
-16.56229102 13.58731049
-16.30874061 13.59687063
-16.00162757 13.59276236
-15.6671777 13.58829234
-15.50966793 13.58622529
-15.42688229 13.72699189
-15.26952755 13.78910696
-15.10834876 13.81212881
-15.02445207 13.80600515
-14.93580115 13.78520539
-14.7659924 13.66908845
-14.66015906 13.64263011
-14.57086219 13.61617178
-14.50699012 13.55971528
-14.40549761 13.50372386
-14.32555417 13.48858267
-14.27803769 13.49718679
-14.19899858 13.5187617
-14.14696042 13.53615082
-13.9773842 13.5434372
-13.85281816 13.47855744
-13.82672156 13.4078124
-13.84749549 13.33531037
-14.01490129 13.29639802
-14.24674761 13.23583324
-14.43857052 13.26890615
-14.67191545 13.35171764
-14.80826372 13.4111197
-14.86505612 13.43483918
-14.95027056 13.47258881
-15.02458126 13.51330984
-15.09641151 13.53963898
-15.15113685 13.55651134
-15.19159949 13.53527233
-15.21211504 13.48506867
-15.24451616 13.42912893
-15.28621904 13.3959785
-15.48181434 13.37634146
-15.6573075 13.35580008
-15.75156531 13.33835928
-15.81440386 13.32513011
-15.83424761 13.15645824
-16.03304684 13.15837027
-16.22833208 13.16028229
-16.43087785 13.15733674
-16.64877153 13.1541328
-16.7045304 13.11971629
-16.76333818 13.06413829


# Ghana
# from http://www.rjruss.info/2010/12/free-countries-of-world-in-polygon-kml.html
-0.06862077 11.1156009
-0.0047487 11.05555288
0.00943648 11.02098135
-0.01389543 10.89135102
-0.06058509 10.8006072
-0.09019569 10.71552196
-0.08631995 10.67304393
-0.05769121 10.63061758
0.03946048 10.56385163
0.08927656 10.52059846
0.14829105 10.45478852
0.21603885 10.39052888
0.33184574 10.30694225
0.38088667 10.29185273
0.37863875 10.2685725
0.36269657 10.23648143
0.35184452 9.92492422
0.34305952 9.84459321
0.33453291 9.80394969
0.32388757 9.68757437
0.31169193 9.67098623
0.28967777 9.67230398
0.26952396 9.66791149
0.26458886 9.64473461
0.27277958 9.62093761
0.3425686 9.60414277
0.32734989 9.58657278
0.27551843 9.5706306
0.25154056 9.53564566
0.26187585 9.49562226
0.23340213 9.46350536
0.24151533 9.44190461
0.25996382 9.42603994
0.28931603 9.4318277
0.3709648 9.48557119
0.40530379 9.49143647
0.44757511 9.48024852
0.52568403 9.39849641
0.52899133 9.35831798
0.49715864 9.22124624
0.46615278 9.11530956
0.46036502 8.9742329
0.49323124 8.89490957
0.48878706 8.85147553
0.45307865 8.81377757
0.37256677 8.75925894
0.37863875 8.72200023
0.41530318 8.65272797
0.48330936 8.57529084
0.61622114 8.47963776
0.68629439 8.35486502
0.68805139 8.30424795
0.64707197 8.25345002
0.59927127 8.20957673
0.58356164 8.14580801
0.60516239 7.72821076
0.49994917 7.54685232
0.49891564 7.49509837
0.50961266 7.43512788
0.53725956 7.39872183
0.59100305 7.38879995
0.63472131 7.35365998
0.61952844 7.22653596
0.59622236 7.09664724
0.59244999 7.03398957
0.5794792 7.00412059
0.53808638 6.97970348
0.52310021 6.93885326
0.5334355 6.88831371
0.52558068 6.85092581
0.54800825 6.80247915
0.59575728 6.74217276
0.67275516 6.59251781
0.70221073 6.58073558
0.71543989 6.54931631
0.70717167 6.51872386
0.73693729 6.45257803
0.82251346 6.38638052
0.91222375 6.32855459
0.98498417 6.32028636
1.00214074 6.26853242
1.04994144 6.20264497
1.0844613 6.17378368
1.13960005 6.15502513
1.18507531 6.1449999
1.18724572 6.0894219
1.10559696 6.05136221
1.05030318 5.99400137
1.00803185 5.90640982
0.94974084 5.81026581
0.74882287 5.76011384
0.67182499 5.75970043
0.25970544 5.75732331
-0.12649838 5.56818757
-0.34870704 5.5008015
-0.48544288 5.3942447
-0.66941098 5.31853872
-0.79769772 5.2267097
-1.06432227 5.18268138
-1.50163408 5.03798737
-1.63844743 4.98083324
-1.77683692 4.88037425
-2.00183611 4.76244864
-2.09020281 4.7640506
-2.26641944 4.87406973
-2.39891781 4.92936351
-2.72305823 5.01369945
-2.96498145 5.04630728
-3.08187354 5.08248078
-3.11401628 5.08865611
-3.08673113 5.12831778
-3.01913835 5.13082408
-2.94836748 5.11886099
-2.8947015 5.14904003
-2.8156624 5.15301911
-2.79519853 5.18454173
-2.7886873 5.26412344
-2.78961748 5.32820222
-2.76191891 5.35693431
-2.75499427 5.43253693
-2.79364824 5.60007193
-2.82119178 5.61919221
-2.96226844 5.64301504
-2.97281043 5.67629466
-2.99828691 5.71130545
-3.02531369 5.79776012
-3.05616452 5.92627941
-3.10559302 6.08562368
-3.20060014 6.34826915
-3.22403541 6.44105419
-3.24028764 6.53562206
-3.243905 6.64869009
-3.22411292 6.69075471
-3.22716183 6.7490974
-3.2357918 6.80723338
-3.16889665 6.94097199
-3.03771603 7.10460541
-3.01017249 7.16374909
-2.98578122 7.20485769
-2.98231889 7.26363963
-2.95909034 7.45453238
-2.89635515 7.68500926
-2.85690019 7.77208405
-2.8301318 7.81905793
-2.79814409 7.89600414
-2.78977251 7.93191926
-2.66884966 8.02219798
-2.61334917 8.04669261
-2.60094682 8.082246
-2.61996375 8.12110668
-2.61169552 8.14756501
-2.58275672 8.16079418
-2.53826331 8.17164623
-2.50586219 8.2087499
-2.55686683 8.49302196
-2.59800127 8.77636384
-2.60040422 8.80044505
-2.62492469 8.83961579
-2.64921261 8.95661123
-2.68988196 9.02508251
-2.74693275 9.04513296
-2.74667436 9.10962515
-2.68921017 9.21861074
-2.67422401 9.28261201
-2.70179338 9.30168061
-2.70574663 9.35139334
-2.68610958 9.43172435
-2.69585059 9.48133373
-2.70618588 9.53394033
-2.76594967 9.65806712
-2.78052243 9.74583955
-2.74982663 9.79723176
-2.75073096 9.90965384
-2.7832096 10.08307994
-2.7884806 10.1925823
-2.76651811 10.23816092
-2.77711178 10.28159496
-2.82031328 10.32283275
-2.82346554 10.36293366
-2.78662025 10.40189769
-2.79116777 10.43243846
-2.83721147 10.45465933
-2.87839759 10.50793773
-2.91488115 10.59232534
-2.90733639 10.72797598
-2.83855506 10.97746979
-2.8299251 10.99837291
-2.75210039 10.99697765
-2.75168698 10.98635814
-2.50916948 10.98873526
-2.23195126 10.99142243
-1.90062781 10.99467805
-1.59966427 10.99764944
-1.58648678 11.00888906
-1.53677405 11.022635
-1.23260657 10.99723603
-1.04248898 11.01005178
-0.96182207 11.00170604
-0.90291094 10.98470449
-0.77160112 10.99527233
-0.70142453 10.98894196
-0.6485337 10.92677521
-0.62716549 10.92739533
-0.59765825 10.9536728
-0.54523251 10.98367097
-0.49172156 11.00759715
-0.45353268 11.05630219
-0.43032996 11.09327668
-0.3956034 11.08570608
-0.34573564 11.08792817
-0.31255937 11.11888235
-0.2994594 11.16688976
-0.06862077 11.1156009


# Guinea
# from http://www.rjruss.info/2010/12/free-countries-of-world-in-polygon-kml.html
-11.38940264 12.40441112
-11.41808306 12.37766857
-11.44756446 12.31924836
-11.4745654 12.24718557
-11.50221229 12.19863557
-11.49244544 12.16695791
-11.41462073 12.10401602
-11.30517005 12.01541677
-11.26067664 12.0040738
-11.209672 12.02487356
-11.12926347 12.09502432
-11.06580482 12.17078197
-11.00454241 12.20749807
-10.93320309 12.20519847
-10.87615231 12.15186839
-10.80649248 12.03430451
-10.74303382 11.92725678
-10.73492062 11.91645641
-10.70923743 11.89870555
-10.67735307 11.89942902
-10.64371172 11.92552562
-10.61901038 11.94123526
-10.58950314 11.99027619
-10.4658156 12.1386909
-10.37277218 12.17954112
-10.33990597 12.19028982
-10.27487118 12.21266572
-10.16709998 12.17744823
-10.01062375 12.1164442
-9.82068702 12.04249523
-9.75402442 12.02991201
-9.71475033 12.04246939
-9.65829383 12.14310924
-9.58772966 12.18248668
-9.48683143 12.22865957
-9.4050018 12.25245657
-9.35810543 12.25542796
-9.34017371 12.2827648
-9.33154375 12.32374421
-9.34084551 12.36604137
-9.39363298 12.44223827
-9.39536414 12.46466584
-9.36518511 12.47929027
-9.30002112 12.49027151
-9.215556 12.48288178
-9.12047136 12.44993806
-9.0430859 12.40234406
-8.99895423 12.3459134
-8.95084347 12.22561066
-8.91384315 12.10856354
-8.81829342 11.92250255
-8.82005042 11.80710908
-8.82201413 11.67326712
-8.7797428 11.64822989
-8.73307899 11.63748119
-8.71142656 11.61779247
-8.66496945 11.51500804
-8.62114783 11.48508739
-8.56872209 11.47805939
-8.47071774 11.41222362
-8.40746579 11.38628205
-8.39852576 11.36654165
-8.40069617 11.33941153
-8.42529416 11.30473664
-8.46353472 11.2807071
-8.52030128 11.23595531
-8.56730099 11.1769925
-8.66391008 11.03586416
-8.66672645 11.00948334
-8.6462109 10.99049226
-8.60621334 10.98697826
-8.56352861 10.99669343
-8.47469682 11.04836986
-8.40446855 11.02992137
-8.33739254 10.99062145
-8.31274289 10.94977123
-8.30636085 10.89607941
-8.32170875 10.82693635
-8.3241117 10.74952505
-8.30158078 10.61756928
-8.26664751 10.48600108
-8.23150753 10.43799368
-8.00728349 10.32187674
-7.98568275 10.27844269
-7.97446896 10.22953095
-7.99064368 10.16250662
-8.01353634 10.12527375
-8.07782182 10.06711192
-8.1366296 10.02207591
-8.15518144 9.97319001
-8.14585385 9.88172272
-8.14603472 9.67481029
-8.1369655 9.49569977
-8.08867388 9.43066498
-8.03100298 9.39764374
-7.96268673 9.40387075
-7.896205 9.41585969
-7.90002906 9.30868277
-7.91808997 9.18850922
-7.83938677 9.15161225
-7.79980262 9.11505117
-7.77799516 9.08084138
-7.90209612 9.01707266
-7.93816627 8.97976227
-7.95496111 8.87943248
-7.95095618 8.78680248
-7.78404131 8.7206308
-7.71957496 8.6430128
-7.69097205 8.56247508
-7.68120521 8.41033967
-7.69611386 8.3756131
-7.73895362 8.37525137
-7.78740028 8.42196686
-7.82357378 8.46764883
-7.86876482 8.46754548
-7.95312659 8.47772573
-8.0491414 8.49529572
-8.16779049 8.49067068
-8.20993262 8.48325511
-8.2369594 8.4556599
-8.24414242 8.40793671
-8.25610552 8.2537084
-8.21714149 8.21967947
-8.14060869 8.18146475
-8.09053423 8.16516083
-8.04857296 8.1697342
-8.01674028 8.14492951
-8.00986732 8.07849946
-8.03175229 8.02971691
-8.07384274 7.98442251
-8.12683692 7.86773713
-8.11781938 7.82401887
-8.11544227 7.76074108
-8.20595354 7.59023469
-8.23186927 7.55674836
-8.35175859 7.59057058
-8.42997087 7.60186188
-8.48642737 7.55850536
-8.52229082 7.58555797
-8.56440711 7.62511628
-8.57885067 7.67705109
-8.60729855 7.68795482
-8.65975013 7.68836823
-8.70832597 7.65891267
-8.72946164 7.60527253
-8.73263974 7.54354503
-8.74023617 7.49571849
-8.76914914 7.46677969
-8.82795692 7.39195222
-8.85552629 7.32280915
-8.88963274 7.26270946
-8.93844113 7.26614594
-8.96097205 7.27459504
-8.97657833 7.2588854
-9.05233598 7.22547659
-9.11760332 7.21589061
-9.13481157 7.25059134
-9.17284542 7.27844493
-9.21516842 7.3333253
-9.26327918 7.37771536
-9.35531491 7.40869538
-9.39164344 7.39489777
-9.43510332 7.39841177
-9.46383542 7.4158784
-9.45975298 7.44254344
-9.41148719 7.50998119
-9.38399533 7.57188955
-9.36893165 7.639534
-9.36911251 7.70381948
-9.39495073 7.79461498
-9.43634355 7.8667036
-9.44636878 7.90850983
-9.44156287 7.96791189
-9.45112301 8.02323151
-9.46455889 8.0520928
-9.47114763 8.10699901
-9.48411841 8.15699596
-9.50848385 8.17624543
-9.52222978 8.26001293
-9.5182507 8.34610586
-9.55390744 8.37863618
-9.61018307 8.40232982
-9.64320431 8.43604869
-9.66356483 8.47353994
-9.6838995 8.48444367
-9.70118527 8.48216991
-9.7168949 8.45886384
-9.73560177 8.45395458
-9.76828712 8.53456981
-9.78198137 8.5376704
-9.80474484 8.51919607
-10.0643414 8.42987336
-10.07571021 8.46459992
-10.09764686 8.50583771
-10.14741126 8.51973867
-10.23306495 8.48881033
-10.28321693 8.4851413
-10.36003394 8.49552827
-10.39442461 8.48098135
-10.49643389 8.36212556
-10.55772213 8.31569428
-10.60399838 8.31946666
-10.65265174 8.33029287
-10.68696489 8.32166291
-10.71207964 8.33525381
-10.70215776 8.36419261
-10.67735307 8.40057282
-10.62846717 8.52999645
-10.50315182 8.66029857
-10.50054216 8.68755789
-10.55177934 8.76375479
-10.60562619 8.86759858
-10.60575538 8.9788321
-10.61596147 9.05918895
-10.7268591 9.08169404
-10.74701291 9.09528494
-10.74995846 9.12236339
-10.72122637 9.19447785
-10.68763668 9.26114045
-10.68270159 9.28935578
-10.69053056 9.31426382
-10.75858843 9.38534475
-10.86478349 9.51644786
-10.96307207 9.6616328
-11.04745968 9.78630219
-11.11567257 9.84314627
-11.18088823 9.92533763
-11.20564124 9.97773754
-11.27364743 9.99652192
-11.4719299 9.99546255
-11.71002906 9.99417064
-11.91107622 9.99303376
-11.92275509 9.92272797
-12.14232825 9.87539236
-12.27772051 9.92978181
-12.42799557 9.89812999
-12.50147946 9.86216319
-12.52437212 9.78720653
-12.55785845 9.70496349
-12.58984616 9.67114126
-12.60359209 9.63424429
-12.62214393 9.60065461
-12.65165117 9.56189728
-12.68441403 9.48417593
-12.75588253 9.37358837
-12.83109758 9.30222321
-12.95881588 9.26331086
-12.99860674 9.14693553
-13.02801063 9.10357901
-13.0772841 9.06962759
-13.12989071 9.04756175
-13.17836321 9.06086844
-13.23422543 9.07014435
-13.29269731 9.0492154
-13.30264503 9.07836091
-13.26946876 9.17055166
-13.29592709 9.21850739
-13.39607602 9.3143155
-13.40558448 9.36061758
-13.43628028 9.4203297
-13.56828773 9.54342296
-13.69135515 9.53577485
-13.65714535 9.63910187
-13.65866981 9.77635448
-13.70050188 9.85128531
-13.68980486 9.92779226
-13.71264584 9.92296052
-13.7537286 9.87025056
-13.82010698 9.88720043
-13.95462073 9.96869416
-14.02187761 10.04783662
-14.02993913 10.11514517
-14.04502865 10.14124177
-14.08626645 10.12723745
-14.17039568 10.12863272
-14.42691749 10.24836701
-14.609542 10.54984732
-14.61362444 10.61780183
-14.58742449 10.73490062
-14.5935223 10.76668163
-14.67731564 10.68896027
-14.69336117 10.74102428
-14.75738827 10.86207632
-14.77594011 10.9316328
-14.8374609 10.96256114
-14.88673438 10.96806468
-14.92479407 10.94491364
-14.97502357 10.80342357
-15.01241146 10.80435375
-15.05122047 10.83458446
-15.04302975 10.94015941
-14.99905311 10.99219758
-14.94443112 11.07214102
-14.77927324 11.40550568
-14.72025875 11.48190929
-14.68294837 11.50849681
-14.60481361 11.5115974
-14.45247148 11.55619416
-14.32782793 11.6297814
-14.26558367 11.65990876
-14.12231076 11.65195059
-13.95322547 11.66461131
-13.73277381 11.73602814
-13.72856218 11.83413585
-13.73065508 11.95983877
-13.73799313 12.00965485
-13.81628292 12.05451
-13.86188738 12.093319
-13.9011873 12.1428767
-13.94888465 12.1781717
-13.94730852 12.2152237
-13.88749305 12.24690135
-13.84945919 12.26299856
-13.75974891 12.26235261
-13.73008664 12.28080109
-13.70789161 12.31268545
-13.68238929 12.39340404
-13.67355262 12.47848928
-13.73261878 12.59282339
-13.72925981 12.67390371
-13.40573951 12.66227652
-13.37258908 12.65359488
-13.22807593 12.63959056
-13.13849484 12.63971975
-13.08291684 12.63354442
-13.05976579 12.61501842
-13.06439084 12.581067
-13.07984209 12.53628937
-13.06129025 12.48998729
-13.01193926 12.47763662
-12.98566179 12.49164094
-12.96052121 12.51435273
-12.9307039 12.53225861
-12.8881742 12.52003714
-12.79730119 12.45190176
-12.71304277 12.43314322
-12.6207745 12.39619457
-12.53421648 12.37580821
-12.45737362 12.3783662
-12.39905677 12.34007396
-12.29118222 12.32803335
-12.15194007 12.3766092
-12.0423602 12.39805492
-11.88854529 12.40332591
-11.80808509 12.38730622
-11.57368079 12.42632193
-11.45673703 12.41756277
-11.38940264 12.40441112


# Guinea Bissau
# from http://www.rjruss.info/2010/12/free-countries-of-world-in-polygon-kml.html
-15.89589759 11.0824763
-15.90517351 11.05472606
-15.96398129 11.05896353
-15.95064877 11.08712718
-15.96346452 11.09529206
-15.94651466 11.17973135
-15.93770382 11.19275381
-15.90912676 11.16133454
-15.90527686 11.14836376
-15.89589759 11.0824763

-16.1144889 11.05940278
-16.19456153 11.04459748
-16.23101925 11.09423269
-16.23641944 11.11343049
-16.19461321 11.13014781
-16.17585466 11.13079377
-16.14402198 11.16686392
-16.10479957 11.19099681
-16.08743629 11.19879995
-16.06733415 11.19719798
-16.05278724 11.11751293
-16.07221758 11.08410411
-16.1144889 11.05940278

-15.72513282 11.21549144
-15.72513282 11.17451203
-15.76750749 11.1822635
-15.77980648 11.19451081
-15.75471758 11.26871817
-15.71748471 11.30173941
-15.67190609 11.29646841
-15.65836687 11.28649486
-15.66720354 11.25786612
-15.68709896 11.2343275
-15.72513282 11.21549144

-15.90181454 11.46581208
-15.94873674 11.43444448
-15.99720924 11.44917227
-16.02317664 11.47712922
-16.01935259 11.52730703
-15.96452389 11.59831045
-15.91530209 11.58911205
-15.90181454 11.46581208

-15.55341203 11.5370222
-15.56276547 11.51376781
-15.61960954 11.53350821
-15.53656552 11.61763744
-15.48246029 11.63231354
-15.484424 11.5675113
-15.52620439 11.55386872
-15.55341203 11.5370222

-15.98640886 11.88201406
-16.03834368 11.75969595
-16.10242245 11.7731835
-16.14738095 11.84602143
-16.1524194 11.87679475
-16.02188473 11.88666494
-15.98640886 11.88201406

-13.67355262 12.47848928
-13.68238929 12.39340404
-13.70789161 12.31268545
-13.73008664 12.28080109
-13.75974891 12.26235261
-13.84945919 12.26299856
-13.88749305 12.24690135
-13.94730852 12.2152237
-13.94888465 12.1781717
-13.9011873 12.1428767
-13.86188738 12.093319
-13.81628292 12.05451
-13.73799313 12.00965485
-13.73065508 11.95983877
-13.72856218 11.83413585
-13.73277381 11.73602814
-13.95322547 11.66461131
-14.12231076 11.65195059
-14.26558367 11.65990876
-14.32782793 11.6297814
-14.45247148 11.55619416
-14.60481361 11.5115974
-14.68294837 11.50849681
-14.72025875 11.48190929
-14.77927324 11.40550568
-14.94443112 11.07214102
-14.99905311 10.99219758
-15.04302975 10.94015941
-15.09375017 11.01105948
-15.05457943 11.14195588
-15.09677324 11.14004385
-15.18108334 11.03421052
-15.22211443 11.03092906
-15.2166884 11.15624441
-15.26337806 11.16089529
-15.31750912 11.15200694
-15.39311174 11.21724844
-15.40057899 11.2662377
-15.39450701 11.33447643
-15.34841163 11.3780655
-15.35471615 11.39635895
-15.39918372 11.40147492
-15.44897396 11.38974437
-15.47951474 11.41031159
-15.42913021 11.498885
-15.25260352 11.57329906
-15.1637459 11.58094717
-15.07266618 11.59779369
-15.12240475 11.6615624
-15.23038266 11.68675467
-15.3166823 11.66921052
-15.35967709 11.62290843
-15.41300717 11.61526032
-15.50189063 11.72378083
-15.50023699 11.77835114
-15.46718991 11.84284333
-15.41569434 11.87178213
-15.21084896 11.87095531
-15.13312761 11.90733552
-15.10170834 11.9139501
-15.07194271 11.94702302
-15.07827308 11.9689855
-15.11152686 11.97027741
-15.18811133 11.92728262
-15.43476295 11.9435607
-15.51346615 11.91756745
-15.65066708 11.8183487
-15.81939063 11.76346833
-15.94176042 11.78661937
-15.90274472 11.91968618
-15.92023719 11.93777294
-15.95881365 11.95960623
-16.13841509 11.91728323
-16.27429827 11.97813223
-16.32806759 12.05161612
-16.31884335 12.14375519
-16.25473874 12.20607697
-16.24458432 12.23708283
-16.31233212 12.24302562
-16.43682064 12.20416494
-16.71179094 12.35485342
-16.65693641 12.36436188
-16.52133745 12.34865225
-16.41633094 12.36766918
-16.34230445 12.39950186
-16.24150957 12.44332347
-16.14420285 12.45743114
-15.83954444 12.43787161
-15.57478024 12.4904007
-15.37794471 12.58894766
-15.19609534 12.67994986
-14.96060584 12.678968
-14.70816647 12.67796031
-14.34922197 12.67643586
-14.06484656 12.67527314
-13.72925981 12.67390371
-13.73261878 12.59282339
-13.67355262 12.47848928


# Liberia
# from http://www.rjruss.info/2010/12/free-countries-of-world-in-polygon-kml.html
-8.48642737 7.55850536
-8.46725542 7.54703319
-8.4371539 7.51638906
-8.4087577 7.41179597
-8.29661984 7.0740388
-8.30235592 6.98094371
-8.32449927 6.92004304
-8.32511939 6.86040843
-8.33258664 6.80154898
-8.40121294 6.70512075
-8.60357785 6.50782014
-8.58786821 6.49050853
-8.53955075 6.46808096
-8.49035478 6.45637625
-8.44989214 6.4624999
-8.39930091 6.41317475
-8.34485979 6.35129222
-8.28711138 6.31904613
-8.20386064 6.29072744
-8.13099687 6.28754934
-8.06895932 6.29840139
-7.98160031 6.28615408
-7.88863441 6.23486522
-7.85550981 6.15016755
-7.83323727 6.0763736
-7.8009395 6.03893403
-7.796547 5.9750878
-7.73037533 5.9190447
-7.63614336 5.90770173
-7.5139286 5.84202098
-7.48279354 5.84553498
-7.46943519 5.85372569
-7.45439735 5.84129751
-7.42370154 5.65133495
-7.39993039 5.55059174
-7.41243608 5.50989655
-7.42892086 5.477883
-7.4298252 5.32450735
-7.4851965 5.23642487
-7.49413652 5.13981578
-7.50979448 5.10847403
-7.56891232 5.08067211
-7.56932573 5.00646475
-7.58503537 4.91675446
-7.59118486 4.82154064
-7.5746484 4.5723052
-7.57159949 4.38642508
-7.54496029 4.35131094
-7.65999203 4.36681387
-7.99826596 4.50871735
-8.25905107 4.59000438
-9.13217607 5.05462718
-9.37474525 5.24107575
-9.65439226 5.51868155
-10.2763698 6.07761384
-10.41816993 6.16732412
-10.59709958 6.21093903
-10.70760963 6.25848135
-10.78558936 6.31015778
-10.84904802 6.46508373
-11.00454241 6.55737783
-11.29160499 6.68822256
-11.50753496 6.90652965
-11.45454078 6.95122976
-11.37669023 7.0946577
-11.26765296 7.23263378
-11.16613461 7.31441173
-11.08539018 7.3985668
-11.00022742 7.46303315
-10.87806434 7.53822236
-10.69127987 7.73642731
-10.6474841 7.75937165
-10.61758928 7.89641755
-10.57084795 8.0711614
-10.51674272 8.12526663
-10.38956702 8.15759024
-10.3598014 8.1879243
-10.3146362 8.31086254
-10.28574907 8.45410961
-10.28321693 8.4851413
-10.23306495 8.48881033
-10.14741126 8.51973867
-10.09764686 8.50583771
-10.07571021 8.46459992
-10.0643414 8.42987336
-9.80474484 8.51919607
-9.78198137 8.5376704
-9.76828712 8.53456981
-9.73560177 8.45395458
-9.7168949 8.45886384
-9.70118527 8.48216991
-9.6838995 8.48444367
-9.66356483 8.47353994
-9.64320431 8.43604869
-9.61018307 8.40232982
-9.55390744 8.37863618
-9.5182507 8.34610586
-9.52222978 8.26001293
-9.50848385 8.17624543
-9.48411841 8.15699596
-9.47114763 8.10699901
-9.46455889 8.0520928
-9.45112301 8.02323151
-9.44156287 7.96791189
-9.44636878 7.90850983
-9.43634355 7.8667036
-9.39495073 7.79461498
-9.36911251 7.70381948
-9.36893165 7.639534
-9.38399533 7.57188955
-9.41148719 7.50998119
-9.45975298 7.44254344
-9.46383542 7.4158784
-9.43510332 7.39841177
-9.39164344 7.39489777
-9.35531491 7.40869538
-9.26327918 7.37771536
-9.21516842 7.3333253
-9.17284542 7.27844493
-9.13481157 7.25059134
-9.11760332 7.21589061
-9.05233598 7.22547659
-8.97657833 7.2588854
-8.96097205 7.27459504
-8.93844113 7.26614594
-8.88963274 7.26270946
-8.85552629 7.32280915
-8.82795692 7.39195222
-8.76914914 7.46677969
-8.74023617 7.49571849
-8.73263974 7.54354503
-8.72946164 7.60527253
-8.70832597 7.65891267
-8.65975013 7.68836823
-8.60729855 7.68795482
-8.57885067 7.67705109
-8.56440711 7.62511628
-8.52229082 7.58555797
-8.48642737 7.55850536


# Mali
# from http://www.rjruss.info/2010/12/free-countries-of-world-in-polygon-kml.html
4.22762861 19.14275951
4.22819706 18.96804149
4.22902388 18.70436249
4.23000573 18.41060782
4.23088423 18.13946157
4.23191776 17.83051402
4.23274458 17.58218293
4.23367476 17.28842825
4.23465661 16.99637889
4.20297896 16.9627117
4.19119673 16.79819977
4.18215335 16.58177888
4.12127852 16.35770987
4.01487674 16.19273286
3.97622277 16.03555899
3.94707726 15.94564199
3.90718306 15.89680777
3.89798465 15.83799999
3.87690067 15.75529186
3.84300093 15.7017034
3.8165426 15.67403067
3.70957238 15.64168122
3.52053999 15.48308625
3.50426192 15.35632396
3.28908125 15.3911022
3.06010298 15.42719819
3.02940718 15.42484691
3.01049361 15.40831045
3.00103682 15.34095022
2.68968631 15.32989147
2.42081384 15.320383
2.08817264 15.30935008
1.85940108 15.30172781
1.56913456 15.28645742
1.3002104 15.27227224
1.12130659 15.12610545
0.96007612 14.98694082
0.9474154 14.98210908
0.71864383 14.95490143
0.43302819 14.97900849
0.28624129 14.98019705
0.22869958 14.96368643
0.21748579 14.91149323
0.00731774 14.98482209
-0.23587155 15.05941702
-0.40542192 15.01252066
-0.43229367 15.02854035
-0.45446286 15.05964956
-0.53655087 15.07786551
-0.66646542 15.06977814
-0.76043901 15.04776398
-0.90797523 14.93740896
-1.01918291 14.84134247
-1.04956865 14.81950918
-1.20495968 14.76152823
-1.49367591 14.62605846
-1.65733517 14.52678803
-1.69505897 14.50846874
-1.76779354 14.48604116
-1.87977637 14.48149364
-1.9730265 14.45653392
-2.05715573 14.19463776
-2.11322466 14.16843781
-2.45723467 14.27411612
-2.5268945 14.25830313
-2.58673581 14.22758149
-2.77884294 14.07371491
-2.87395342 13.950725
-2.92588823 13.78675568
-2.9184985 13.73637116
-2.91710324 13.67947541
-2.95084795 13.64844371
-2.99722755 13.63710073
-3.03869788 13.63909028
-3.19842973 13.67286083
-3.24860755 13.65833975
-3.27018246 13.57746613
-3.26674598 13.40075857
-3.30173092 13.28074006
-3.39671221 13.24371389
-3.46993771 13.19640412
-3.52760861 13.18270987
-3.57577104 13.19420787
-3.85348019 13.37355093
-3.94729875 13.40217967
-4.05119422 13.38243928
-4.15103309 13.30621654
-4.19619829 13.25616791
-4.2586751 13.1973343
-4.32869666 13.1190445
-4.31024818 13.05248526
-4.2606388 12.97533234
-4.22524044 12.87947256
-4.2271008 12.79371552
-4.48062537 12.67222423
-4.45985145 12.63039216
-4.42192095 12.58158377
-4.42155921 12.49308788
-4.42869056 12.33759349
-4.4799019 12.28178295
-4.54604774 12.22646332
-4.58692379 12.15502066
-4.62723141 12.12019074
-4.69934587 12.07618826
-4.79797034 12.03210826
-4.9689935 11.99329926
-5.1059102 11.96753856
-5.15753496 11.94237214
-5.23019202 11.89028229
-5.2881213 11.82790884
-5.30199643 11.7604711
-5.2905501 11.68331818
-5.27029293 11.61985952
-5.24476478 11.57676138
-5.2293652 11.52247529
-5.25024248 11.3757659
-5.29985185 11.2059313
-5.34739417 11.130277
-5.42423703 11.08872915
-5.49048621 11.04237539
-5.46857541 10.93103852
-5.4570774 10.77141002
-5.47565508 10.6439501
-5.47901404 10.56509186
-5.50702267 10.4834431
-5.52355913 10.42600475
-5.55660621 10.43993155
-5.69429806 10.43321361
-5.84384966 10.38954702
-5.89619788 10.35471711
-5.9075667 10.30722647
-5.94069129 10.27508373
-5.9886987 10.23911693
-6.03456153 10.19480439
-6.11721798 10.20188406
-6.19685137 10.23214061
-6.23837338 10.26164785
-6.2412931 10.27921784
-6.21498979 10.32236766
-6.19263974 10.36944489
-6.19067603 10.40026988
-6.21778032 10.47628592
-6.23971697 10.55811555
-6.23064775 10.59749299
-6.25023312 10.71792491
-6.26113685 10.72407441
-6.36565243 10.69283601
-6.40415137 10.68511038
-6.42585548 10.6718037
-6.43259925 10.64875601
-6.40753618 10.5723524
-6.42391761 10.55914907
-6.4825962 10.56121613
-6.5646067 10.58643423
-6.65413611 10.6564558
-6.67635698 10.63376984
-6.68612383 10.57801097
-6.69196326 10.51202017
-6.66932899 10.39218252
-6.69328101 10.34944611
-6.75319984 10.3571459
-6.83366004 10.35699087
-6.90383664 10.34505362
-6.95034542 10.34231476
-6.97949093 10.29957836
-6.99173825 10.25188101
-6.96383297 10.19870596
-6.96817379 10.17622671
-6.98946448 10.15565949
-7.01711138 10.14325715
-7.03974565 10.14475576
-7.10490963 10.20353771
-7.18232093 10.22568106
-7.3631626 10.25934825
-7.38504757 10.34011852
-7.41478736 10.34130707
-7.45656776 10.38391429
-7.49796058 10.43977652
-7.53284217 10.43683096
-7.56211687 10.42122468
-7.66115475 10.42745169
-7.7490822 10.34228893
-7.81422034 10.23658478
-7.88406104 10.18576101
-7.96092973 10.16346263
-7.99064368 10.16250662
-7.97446896 10.22953095
-7.98568275 10.27844269
-8.00728349 10.32187674
-8.23150753 10.43799368
-8.26664751 10.48600108
-8.30158078 10.61756928
-8.3241117 10.74952505
-8.32170875 10.82693635
-8.30636085 10.89607941
-8.31274289 10.94977123
-8.33739254 10.99062145
-8.40446855 11.02992137
-8.47469682 11.04836986
-8.56352861 10.99669343
-8.60621334 10.98697826
-8.6462109 10.99049226
-8.66672645 11.00948334
-8.66391008 11.03586416
-8.56730099 11.1769925
-8.52030128 11.23595531
-8.46353472 11.2807071
-8.42529416 11.30473664
-8.40069617 11.33941153
-8.39852576 11.36654165
-8.40746579 11.38628205
-8.47071774 11.41222362
-8.56872209 11.47805939
-8.62114783 11.48508739
-8.66496945 11.51500804
-8.71142656 11.61779247
-8.73307899 11.63748119
-8.7797428 11.64822989
-8.82201413 11.67326712
-8.82005042 11.80710908
-8.81829342 11.92250255
-8.91384315 12.10856354
-8.95084347 12.22561066
-8.99895423 12.3459134
-9.0430859 12.40234406
-9.12047136 12.44993806
-9.215556 12.48288178
-9.30002112 12.49027151
-9.36518511 12.47929027
-9.39536414 12.46466584
-9.39363298 12.44223827
-9.34084551 12.36604137
-9.33154375 12.32374421
-9.34017371 12.2827648
-9.35810543 12.25542796
-9.4050018 12.25245657
-9.48683143 12.22865957
-9.58772966 12.18248668
-9.65829383 12.14310924
-9.71475033 12.04246939
-9.75402442 12.02991201
-9.82068702 12.04249523
-10.01062375 12.1164442
-10.16709998 12.17744823
-10.27487118 12.21266572
-10.33990597 12.19028982
-10.37277218 12.17954112
-10.4658156 12.1386909
-10.58950314 11.99027619
-10.61901038 11.94123526
-10.64371172 11.92552562
-10.67735307 11.89942902
-10.70923743 11.89870555
-10.73492062 11.91645641
-10.74303382 11.92725678
-10.80649248 12.03430451
-10.87615231 12.15186839
-10.93320309 12.20519847
-11.00454241 12.20749807
-11.06580482 12.17078197
-11.12926347 12.09502432
-11.209672 12.02487356
-11.26067664 12.0040738
-11.30517005 12.01541677
-11.41462073 12.10401602
-11.49244544 12.16695791
-11.50221229 12.19863557
-11.4745654 12.24718557
-11.44756446 12.31924836
-11.41808306 12.37766857
-11.38940264 12.40441112
-11.38242632 12.47923859
-11.44877886 12.53194855
-11.45056169 12.55770926
-11.4440763 12.62760163
-11.41436235 12.77549958
-11.4174371 12.83187857
-11.39038449 12.94200104
-11.43394772 12.99161042
-11.44412798 13.02824901
-11.49280718 13.08695344
-11.54877275 13.17025585
-11.56166602 13.23697012
-11.5813289 13.29001598
-11.63496904 13.36985607
-11.67444984 13.3823876
-11.75826901 13.39453156
-11.77222165 13.36706554
-11.8033567 13.32730052
-11.83167538 13.31580252
-11.87777076 13.36453339
-11.89521155 13.40631379
-11.89459144 13.444451
-11.95706824 13.51090689
-12.05421994 13.63306997
-12.04414303 13.73386485
-11.98419837 13.78809927
-11.96637 13.82897533
-11.9608923 13.87527741
-11.98809994 13.9307779
-12.02011349 13.97467703
-12.01117347 14.07182872
-12.01918332 14.2064975
-12.06837928 14.27421947
-12.11289853 14.32331208
-12.17524614 14.376668
-12.22839535 14.45860098
-12.20682044 14.57112641
-12.18653744 14.64815013
-12.28061439 14.8090447
-12.10470781 14.7453535
-12.08155677 14.76635997
-12.02156043 14.80493643
-11.9409452 14.88692109
-11.87283566 14.99515738
-11.84224321 15.12941275
-11.82875566 15.2448579
-11.79844743 15.34273306
-11.76018104 15.42554454
-11.67589678 15.51205089
-11.59672848 15.57326162
-11.50267737 15.63682364
-11.45523841 15.62540314
-11.36563148 15.53675222
-11.16931271 15.3586494
-11.00741045 15.22292125
-10.94824093 15.15114269
-10.89558265 15.15047089
-10.8150966 15.28175487
-10.73197506 15.39492626
-10.69657671 15.4226765
-10.58655758 15.4348463
-10.49315243 15.43980724
-10.41178789 15.43792105
-10.26208126 15.41603608
-10.19373918 15.39606314
-10.12955705 15.38371247
-9.941429 15.37379059
-9.75508379 15.40148916
-9.57783362 15.43724925
-9.44693722 15.45822989
-9.44032264 15.51166332
-9.44771237 15.57486359
-9.42657671 15.62305187
-9.38533891 15.66762279
-9.35056068 15.67738963
-9.33547116 15.52566763
-9.2937166 15.50282665
-9.17682451 15.49610871
-8.98704281 15.49610871
-8.78310177 15.49610871
-8.57913489 15.49613455
-8.37519385 15.49616039
-8.17125281 15.49616039
-7.96731177 15.49616039
-7.76337073 15.49616039
-7.55940386 15.49616039
-7.35548865 15.49618622
-7.15152178 15.49621206
-6.9475549 15.49621206
-6.74361386 15.49621206
-6.53967282 15.49621206
-6.33573178 15.49621206
-6.13179074 15.4962379
-5.92782386 15.49626374
-5.72388282 15.49626374
-5.51250037 15.49626374
-5.45560462 15.7893983
-5.40356645 16.05788321
-5.35989987 16.28288239
-5.50960649 16.4420458
-5.62866899 16.56865306
-5.65626421 16.80956859
-5.68473792 17.05823558
-5.71321164 17.30690257
-5.74168535 17.55556957
-5.77015906 17.80423656
-5.79863278 18.05290355
-5.82710649 18.30157054
-5.85558021 18.55023754
-5.88405392 18.79887869
-5.91252764 19.04751984
-5.94100135 19.29618684
-5.96947506 19.54485383
-5.99794878 19.79352082
-6.02642249 20.04218781
-6.05489621 20.2908548
-6.08336992 20.5395218
-6.11184363 20.78818879
-6.14031735 21.03685578
-6.16879106 21.28552277
-6.19726478 21.53418976
-6.22573849 21.78285676
-6.25421221 22.03152375
-6.28268592 22.28019074
-6.31115963 22.52885773
-6.33963335 22.77749889
-6.36810706 23.02614004
-6.39658078 23.27480703
-6.42505449 23.52347403
-6.4535282 23.77214102
-6.48200192 24.02080801
-6.51047563 24.269475
-6.53894935 24.51814199
-6.56739722 24.76680899
-6.5940881 24.99465038
-6.28718177 24.99480541
-5.95981157 24.99496044
-5.64078712 24.99516714
-5.17288286 24.99542552
-4.82262 24.99558055
-4.51700558 24.80450694
-4.24030412 24.62356192
-3.91280473 24.40946646
-3.58533118 24.19534516
-3.25785763 23.98122386
-2.93038408 23.7671284
-2.60291053 23.55300711
-2.27541114 23.33888581
-1.94791175 23.12479035
-1.6204382 22.91066905
-1.29296465 22.69654776
-0.9654911 22.4824523
-0.63801754 22.268331
-0.31054399 22.0542097
0.01698124 21.84011424
0.34445479 21.62599295
0.67192834 21.41187165
0.99940189 21.19777619
1.14554284 21.10222647
1.15913374 21.06248729
1.17277632 20.98197541
1.16409468 20.89133495
1.16574833 20.81743765
1.20884647 20.76731151
1.29023685 20.71359386
1.61063073 20.55559317
1.63600386 20.52435476
1.64737267 20.45885489
1.68540653 20.37836884
1.75320601 20.33160167
1.8323743 20.29684927
1.92880252 20.27269054
2.21932743 20.24780834
2.28082238 20.21031708
2.40618941 20.06386608
2.47419559 20.03503063
2.66777551 19.99291433
2.80792199 19.96945323
2.86569624 19.95593985
2.99251021 19.91658824
3.13027958 19.85020987
3.20366011 19.78969676
3.20340173 19.77075735
3.20272993 19.71830577
3.20164473 19.56040843
3.22706953 19.47356619
3.25585331 19.41093435
3.25440637 19.37261628
3.21962813 19.3453828
3.19234297 19.31207734
3.17725345 19.26817821
3.13787601 19.21216096
3.106095 19.15009756
3.11968591 19.10317536
3.17420454 19.07289297
3.25595666 19.01325837
3.32344608 18.988402
3.35646732 18.98664501
3.40085737 18.98842784
3.4387362 18.99615347
3.68347578 19.04162873
3.91018029 19.08374502
4.22762861 19.14275951


# Niger
# from http://www.rjruss.info/2010/12/free-countries-of-world-in-polygon-kml.html
14.97896203 22.99616771
15.08892948 22.41834768
15.17228356 21.92207307
15.17786462 21.6058133
15.1818437 21.52338939
15.2158468 21.46744965
15.2936715 21.41153575
15.60734745 20.95440603
15.54032311 20.874876
15.58714196 20.73330842
15.66848067 20.6723819
15.9293433 20.3998404
15.96319136 20.34617442
15.94882531 20.30317963
15.76625248 19.98255321
15.73503991 19.90405671
15.6986597 19.49519278
15.67292484 19.20678661
15.63762984 18.81084178
15.59551354 18.33707225
15.56156213 17.9372517
15.51670698 17.4084726
15.47433231 16.90837393
15.21212609 16.63389456
14.74672814 16.14661164
14.36799157 15.75015005
14.17818403 15.4847399
13.80709557 14.96608938
13.64240278 14.63078685
13.51362512 14.45550039
13.44820275 14.38064708
13.5057703 14.13443472
13.60633264 13.70461599
13.42691206 13.70177379
13.32386926 13.67084545
13.19385135 13.57307364
13.04843387 13.53452302
12.8716488 13.44899852
12.75997603 13.38037222
12.65476281 13.32655122
12.51012048 13.19433706
12.46319828 13.09377473
12.31907271 13.07367259
12.11799971 13.09041576
11.98999719 13.19180492
11.69337446 13.29768993
11.50103478 13.34052969
11.41194461 13.35360383
10.95884566 13.37153555
10.47587772 13.33022024
10.22958784 13.28102428
10.18462935 13.27009471
10.04515466 13.20617097
9.92924442 13.13524506
9.61587853 12.81063955
9.2015369 12.8214916
8.95762414 12.8574584
8.75060835 12.90815298
8.45600101 13.05966828
8.09504113 13.2911787
7.95572147 13.322753
7.83050947 13.34091726
7.78870324 13.33789419
7.35782515 13.10715892
7.27472945 13.11227489
7.17303023 13.08633332
7.10605757 13.02907583
7.05675825 13.00018871
7.00503014 12.99553783
6.93717899 13.00819855
6.87056807 13.04328685
6.80426721 13.10764985
6.62655195 13.36424917
6.58991336 13.40913015
6.51405236 13.48540457
6.3863599 13.60361441
6.29980187 13.65880484
6.24714359 13.67299002
6.18425337 13.66366242
5.8381763 13.76536164
5.49199588 13.87284862
5.41577315 13.8591802
5.36161625 13.83688182
5.24193363 13.75724844
5.10085697 13.74272736
4.92169478 13.74913524
4.82335453 13.75978059
4.66481123 13.7332189
4.55944299 13.70179963
4.42141524 13.64751354
4.24214969 13.50106253
4.19078332 13.48212311
4.14753014 13.45773184
4.08737878 13.05548249
4.03875125 12.93466299
3.94790409 12.77503449
3.76920698 12.6221756
3.64668216 12.52998485
3.64383996 12.40526378
3.63417647 12.20160696
3.63252282 12.06156383
3.64063602 11.97038076
3.6200688 11.92697256
3.61180057 11.88728506
3.61841515 11.82775381
3.64735396 11.79964183
3.66471724 11.7624348
3.65314172 11.73184235
3.59541914 11.69628897
3.5317021 11.78744619
3.44984663 11.85193838
3.35992964 11.88046377
3.29910648 11.92712759
3.26737715 11.99187816
3.14955488 12.11807201
2.87815026 12.36772085
2.85019331 12.37366364
2.80523482 12.3838439
2.72854699 12.35363902
2.68136641 12.31281464
2.64844852 12.29676911
2.59842573 12.29434032
2.46933801 12.26281769
2.36598514 12.22194164
2.36329797 12.18842947
2.41264896 11.99931957
2.38918786 11.89705191
2.34335086 11.94598949
2.19441939 12.13646882
2.09137658 12.27795889
2.07297977 12.30935232
2.05840702 12.35795401
2.0685356 12.37914134
2.10935998 12.39386913
2.2038245 12.412576
2.22139448 12.42722626
2.22625207 12.4660611
2.21157596 12.53840811
2.1597445 12.6364383
2.10460575 12.70129222
2.07380659 12.71395295
2.01737593 12.71622671
1.95619103 12.70744172
1.84095259 12.62786001
1.78979292 12.61326142
1.67104048 12.61979849
1.56494876 12.63540477
1.50050825 12.6764617
1.30868534 12.83425568
1.09681196 13.00111888
1.00787682 13.02481253
0.98725793 13.04189159
0.97309859 13.1703592
0.97671594 13.32451
0.98844649 13.36484345
1.07686486 13.34078807
1.17091597 13.32957429
1.20119836 13.35753124
1.12595747 13.41235993
1.01785038 13.46786042
0.97774946 13.55193797
0.94658858 13.58113516
0.89790938 13.61092662
0.84225386 13.62640371
0.7860299 13.65004568
0.74778934 13.67451447
0.68453739 13.68539236
0.61818485 13.7034016
0.52232507 13.83972403
0.42920414 13.97211905
0.37406538 14.07635041
0.35484175 14.13903392
0.38248864 14.24582327
0.35458337 14.28801708
0.25061039 14.39643423
0.16381982 14.49720327
0.18505883 14.65295604
0.20278385 14.78279308
0.20381738 14.86506196
0.21748579 14.91149323
0.22869958 14.96368643
0.28624129 14.98019705
0.43302819 14.97900849
0.71864383 14.95490143
0.9474154 14.98210908
0.96007612 14.98694082
1.12130659 15.12610545
1.3002104 15.27227224
1.56913456 15.28645742
1.85940108 15.30172781
2.08817264 15.30935008
2.42081384 15.320383
2.68968631 15.32989147
3.00103682 15.34095022
3.01049361 15.40831045
3.02940718 15.42484691
3.06010298 15.42719819
3.28908125 15.3911022
3.50426192 15.35632396
3.52053999 15.48308625
3.70957238 15.64168122
3.8165426 15.67403067
3.84300093 15.7017034
3.87690067 15.75529186
3.89798465 15.83799999
3.90718306 15.89680777
3.94707726 15.94564199
3.97622277 16.03555899
4.01487674 16.19273286
4.12127852 16.35770987
4.18215335 16.58177888
4.19119673 16.79819977
4.20297896 16.9627117
4.23465661 16.99637889
4.23367476 17.28842825
4.23274458 17.58218293
4.23191776 17.83051402
4.23088423 18.13946157
4.23000573 18.41060782
4.22902388 18.70436249
4.22819706 18.96804149
4.22762861 19.14275951
4.44575484 19.1845399
4.67132246 19.22776724
5.00137984 19.29107087
5.35872236 19.35954214
5.74836266 19.43421459
5.83662601 19.47914724
6.13066491 19.73197419
6.26336999 19.84615327
6.52707482 20.07296113
6.73067997 20.24806672
6.98937219 20.47053376
7.26336063 20.69449942
7.48174523 20.87309317
7.8251868 21.07556143
8.34303633 21.38086579
8.86088586 21.68614431
9.37868371 21.99142284
9.89653324 22.2967272
10.41438277 22.60200572
10.93218062 22.90728425
11.45003014 23.21258861
11.96787967 23.51786713
12.48877811 23.40167268
12.98363163 23.29124014
13.48127567 23.18018749
13.59858117 23.11954519
13.86264774 22.90209077
14.20066328 22.62373566
14.2155461 22.61967906
14.23073897 22.61846467
14.5556287 22.78253734
14.97891035 22.99627106
14.97896203 22.99616771


# Nigeria
# from http://www.rjruss.info/2010/12/free-countries-of-world-in-polygon-kml.html
7.30077437 4.41818024
7.20393273 4.38763947
7.14047407 4.39513255
7.22739383 4.52732087
7.27142215 4.49889883
7.32795617 4.48721996
7.30077437 4.41818024

5.8381763 13.76536164
6.18425337 13.66366242
6.24714359 13.67299002
6.29980187 13.65880484
6.3863599 13.60361441
6.51405236 13.48540457
6.58991336 13.40913015
6.62655195 13.36424917
6.80426721 13.10764985
6.87056807 13.04328685
6.93717899 13.00819855
7.00503014 12.99553783
7.05675825 13.00018871
7.10605757 13.02907583
7.17303023 13.08633332
7.27472945 13.11227489
7.35782515 13.10715892
7.78870324 13.33789419
7.83050947 13.34091726
7.95572147 13.322753
8.09504113 13.2911787
8.45600101 13.05966828
8.75060835 12.90815298
8.95762414 12.8574584
9.2015369 12.8214916
9.61587853 12.81063955
9.92924442 13.13524506
10.04515466 13.20617097
10.18462935 13.27009471
10.22958784 13.28102428
10.47587772 13.33022024
10.95884566 13.37153555
11.41194461 13.35360383
11.50103478 13.34052969
11.69337446 13.29768993
11.98999719 13.19180492
12.11799971 13.09041576
12.31907271 13.07367259
12.46319828 13.09377473
12.51012048 13.19433706
12.65476281 13.32655122
12.75997603 13.38037222
12.8716488 13.44899852
13.04843387 13.53452302
13.19385135 13.57307364
13.32386926 13.67084545
13.42691206 13.70177379
13.60633264 13.70461599
13.76348067 13.48956452
13.93235925 13.25849335
14.06392744 13.07850434
14.16009728 12.61277049
14.17032922 12.5240679
14.17761559 12.48409618
14.18490197 12.4471992
14.19745934 12.38379222
14.27285526 12.35650707
14.41537886 12.34413056
14.51893843 12.29826773
14.58095015 12.22204499
14.58704797 12.20943594
14.61970747 12.1509899
14.62714888 12.10869274
14.61820886 11.98660716
14.59738325 11.82982087
14.56182987 11.72871593
14.58167362 11.5911791
14.57542077 11.532423
14.55976281 11.49227041
14.49609745 11.44612336
14.40948775 11.4011907
14.20236861 11.26814973
14.14325077 11.24853852
14.05674442 11.24499868
13.98140018 11.21184825
13.89210331 11.14009553
13.69986698 10.87313508
13.53532922 10.60506358
13.47848514 10.3832425
13.41450972 10.17144664
13.26986738 10.03618358
13.24976525 9.9600642
13.24371911 9.91593252
13.23880985 9.8140266
13.22118819 9.64514802
13.19876061 9.56375764
13.17545454 9.53962474
13.01939172 9.48831004
12.92947472 9.42624665
12.87567956 9.30354096
12.85599084 9.17073253
12.82446821 9.01944977
12.80653649 8.88661551
12.78224857 8.81786001
12.73114058 8.7456422
12.65155887 8.66776581
12.58272586 8.62412507
12.403512 8.595548
12.31132124 8.41974478
12.23339318 8.28233714
12.23111942 8.22737926
12.15598189 7.94248709
12.02518884 7.72777151
12.01661055 7.65198802
12.01604211 7.58974376
11.85243452 7.40073721
11.80918135 7.34505585
11.76737512 7.27224376
11.80861291 7.20193797
11.85475996 7.13796255
11.86142622 7.11641348
11.78701216 7.05621044
11.65751102 6.95156566
11.58004805 6.88885631
11.56299483 6.85462067
11.55167769 6.69726594
11.52914676 6.65504629
11.47757368 6.59740123
11.40176436 6.53391673
11.32461144 6.48466909
11.23727827 6.45053681
11.15335575 6.43792776
11.10648522 6.45771983
11.07966515 6.50552053
11.03253625 6.69788605
11.00866174 6.73912385
10.95419478 6.77653758
10.84650109 6.88180248
10.73756717 6.9883076
10.60620568 7.0630834
10.5780937 7.05770905
10.5563896 7.03745189
10.51907922 6.93045584
10.48233727 6.89125926
10.41314253 6.87772004
10.29309818 6.87673819
10.20550663 6.89159516
10.18555952 6.91280834
10.16773115 6.9591621
10.14359826 6.9964208
10.03890181 6.92141246
9.8742607 6.8032543
9.82072391 6.78392731
9.77984785 6.76018199
9.72563928 6.649982
9.65990685 6.53197887
9.57402062 6.4704064
9.49020145 6.41862661
9.44214237 6.3733839
9.37336104 6.31964041
9.23874393 6.18610851
9.06015018 6.00906505
8.99715661 5.91772696
8.93504154 5.78099112
8.89881636 5.62968252
8.85912886 5.4637495
8.8009412 5.197435
8.71557173 5.04687572
8.64053755 4.9269864
8.58514042 4.83283194
8.55589155 4.75521393
8.54379927 4.75779776
8.51486047 4.72472484
8.43135135 4.74622224
8.39362756 4.81376333
8.34205448 4.82477041
8.2527576 4.92398916
8.23374068 4.9074527
8.32799849 4.65609854
8.29306522 4.55760326
8.02848189 4.55538117
7.80079553 4.52225658
7.64421594 4.52535716
7.56566776 4.56091055
7.53073449 4.65516836
7.51740197 4.64545319
7.5094438 4.59491364
7.45983443 4.55522614
7.28434126 4.54768138
7.20672326 4.61204438
7.14388472 4.68410716
7.076602 4.71614655
7.08693729 4.68586416
7.16414188 4.61558421
7.15473677 4.51440176
7.01335005 4.39730296
6.92322635 4.39068838
6.86782922 4.44112458
6.83920047 4.52349681
6.82473107 4.64524649
6.78762739 4.72472484
6.76768029 4.72472484
6.7860771 4.65199026
6.79217492 4.59263988
6.7931051 4.46915904
6.86038781 4.3733251
6.75703495 4.34355948
6.71517704 4.34242259
6.63301151 4.34025218
6.61730187 4.37580557
6.60159224 4.45518057
6.57999149 4.47595449
6.55456668 4.3414149
6.49999637 4.33193228
6.46206587 4.33317251
6.29980187 4.30387198
6.26362837 4.30942719
6.25598026 4.33446442
6.27530724 4.37169729
6.27096642 4.43210704
6.21463911 4.3854949
6.20554406 4.29229645
6.17329797 4.27741364
6.07655969 4.29064281
5.97072635 4.33859854
5.90644087 4.38774282
5.79864383 4.45595572
5.58780399 4.64721019
5.55359419 4.73319977
5.49323612 4.83877473
5.44817427 4.94584829
5.38326867 5.12898957
5.40321577 5.14227041
5.45210168 5.12656078
5.47597619 5.15384593
5.38822961 5.1737672
5.3700395 5.19503205
5.36414839 5.25929169
5.36797245 5.33776236
5.43928592 5.36530589
5.50088423 5.37863841
5.53178674 5.42638744
5.54966678 5.47423981
5.38585249 5.40173778
5.23237349 5.48379995
5.19919722 5.53353852
5.21583703 5.57167573
5.28911421 5.57748933
5.39381066 5.57449209
5.4566492 5.61169912
5.41809859 5.62472158
5.35029911 5.62327464
5.32528771 5.64795014
5.32735477 5.70750723
5.30534061 5.69435558
5.27629846 5.6415681
5.17284224 5.6027591
5.11238081 5.6415681
5.10628299 5.72812613
5.09305383 5.76709016
5.04210086 5.79752757
4.86102665 6.02629914
4.63354699 6.21716604
4.43138879 6.34860505
4.12587772 6.41139191
3.48664025 6.40893728
3.45077681 6.42707571
3.48994754 6.45728059
3.54606815 6.47743439
3.751637 6.58383617
3.71701379 6.59794383
3.50328006 6.53133291
3.43020959 6.52500255
3.33553836 6.39692251
2.77247196 6.37573517
2.70648115 6.36924978
2.70803145 6.42766999
2.73567834 6.59572175
2.75366174 6.66176423
2.77464237 6.71173534
2.75293827 6.77162832
2.73175093 6.85283784
2.72141564 6.98027192
2.74771895 7.01983023
2.75676232 7.06791515
2.75061283 7.14323355
2.75050947 7.3950528
2.7658057 7.42251883
2.78394413 7.4433961
2.78513268 7.47685659
2.75102624 7.54191722
2.71934859 7.61625377
2.72043379 7.72309479
2.70772139 7.82660269
2.68601729 7.87375743
2.70234704 8.04981904
2.71149377 8.27300955
2.70307051 8.37184073
2.72358605 8.44191397
2.73464481 8.61402233
2.73288781 8.78253917
2.77484907 9.04854361
2.89809736 9.06135936
3.04496179 9.08383861
3.11043583 9.18827668
3.14805627 9.32059418
3.13617069 9.45161978
3.16469608 9.49466625
3.22340051 9.56564383
3.3295439 9.66703299
3.32520308 9.77847321
3.35445194 9.8128122
3.40478478 9.83862458
3.47671838 9.85190542
3.55723026 9.90730256
3.6020854 10.0045576
3.64590702 10.1601295
3.57655724 10.26833995
3.57790083 10.29249868
3.60415246 10.35068635
3.64657881 10.4090032
3.68022017 10.42778758
3.75845829 10.41269807
3.77179081 10.41760733
3.78383141 10.43590078
3.83447432 10.6074407
3.82972009 10.65376862
3.75680464 10.76872285
3.74486738 10.85044912
3.73417036 10.97191458
3.71639367 11.07960826
3.69536136 11.12032929
3.6562423 11.15459077
3.63887902 11.17683747
3.48782881 11.39542878
3.49056766 11.49919505
3.55392297 11.63190013
3.59541914 11.69628897
3.65314172 11.73184235
3.66471724 11.7624348
3.64735396 11.79964183
3.61841515 11.82775381
3.61180057 11.88728506
3.6200688 11.92697256
3.64063602 11.97038076
3.63252282 12.06156383
3.63417647 12.20160696
3.64383996 12.40526378
3.64668216 12.52998485
3.76920698 12.6221756
3.94790409 12.77503449
4.03875125 12.93466299
4.08737878 13.05548249
4.14753014 13.45773184
4.19078332 13.48212311
4.24214969 13.50106253
4.42141524 13.64751354
4.55944299 13.70179963
4.66481123 13.7332189
4.82335453 13.75978059
4.92169478 13.74913524
5.10085697 13.74272736
5.24193363 13.75724844
5.36161625 13.83688182
5.41577315 13.8591802
5.49199588 13.87284862
5.8381763 13.76536164


# Senegal
# from http://www.rjruss.info/2010/12/free-countries-of-world-in-polygon-kml.html
-12.28061439 14.8090447
-12.18653744 14.64815013
-12.20682044 14.57112641
-12.22839535 14.45860098
-12.17524614 14.376668
-12.11289853 14.32331208
-12.06837928 14.27421947
-12.01918332 14.2064975
-12.01117347 14.07182872
-12.02011349 13.97467703
-11.98809994 13.9307779
-11.9608923 13.87527741
-11.96637 13.82897533
-11.98419837 13.78809927
-12.04414303 13.73386485
-12.05421994 13.63306997
-11.95706824 13.51090689
-11.89459144 13.444451
-11.89521155 13.40631379
-11.87777076 13.36453339
-11.83167538 13.31580252
-11.8033567 13.32730052
-11.77222165 13.36706554
-11.75826901 13.39453156
-11.67444984 13.3823876
-11.63496904 13.36985607
-11.5813289 13.29001598
-11.56166602 13.23697012
-11.54877275 13.17025585
-11.49280718 13.08695344
-11.44412798 13.02824901
-11.43394772 12.99161042
-11.39038449 12.94200104
-11.4174371 12.83187857
-11.41436235 12.77549958
-11.4440763 12.62760163
-11.45056169 12.55770926
-11.44877886 12.53194855
-11.38242632 12.47923859
-11.38940264 12.40441112
-11.45673703 12.41756277
-11.57368079 12.42632193
-11.80808509 12.38730622
-11.88854529 12.40332591
-12.0423602 12.39805492
-12.15194007 12.3766092
-12.29118222 12.32803335
-12.39905677 12.34007396
-12.45737362 12.3783662
-12.53421648 12.37580821
-12.6207745 12.39619457
-12.71304277 12.43314322
-12.79730119 12.45190176
-12.8881742 12.52003714
-12.9307039 12.53225861
-12.96052121 12.51435273
-12.98566179 12.49164094
-13.01193926 12.47763662
-13.06129025 12.48998729
-13.07984209 12.53628937
-13.06439084 12.581067
-13.05976579 12.61501842
-13.08291684 12.63354442
-13.13849484 12.63971975
-13.22807593 12.63959056
-13.37258908 12.65359488
-13.40573951 12.66227652
-13.72925981 12.67390371
-14.06484656 12.67527314
-14.34922197 12.67643586
-14.70816647 12.67796031
-14.96060584 12.678968
-15.19609534 12.67994986
-15.37794471 12.58894766
-15.57478024 12.4904007
-15.83954444 12.43787161
-16.14420285 12.45743114
-16.24150957 12.44332347
-16.34230445 12.39950186
-16.41633094 12.36766918
-16.52133745 12.34865225
-16.65693641 12.36436188
-16.71179094 12.35485342
-16.74584571 12.39970856
-16.78486142 12.47252066
-16.76031511 12.52579906
-16.67763282 12.56003469
-16.55319597 12.604864
-16.48808367 12.58181631
-16.44994646 12.58070527
-16.44289263 12.60948904
-16.45503659 12.6248111
-16.54882931 12.66380097
-16.5976377 12.7152707
-16.63784197 12.68514334
-16.67256853 12.62202058
-16.70140398 12.60315868
-16.74388201 12.5854595
-16.76798906 12.62842845
-16.77840186 12.67018301
-16.75897152 12.70232575
-16.76891924 12.88332246
-16.75736955 12.97977652
-16.76333818 13.06413829
-16.7045304 13.11971629
-16.64877153 13.1541328
-16.43087785 13.15733674
-16.22833208 13.16028229
-16.03304684 13.15837027
-15.83424761 13.15645824
-15.81440386 13.32513011
-15.75156531 13.33835928
-15.6573075 13.35580008
-15.48181434 13.37634146
-15.28621904 13.3959785
-15.24451616 13.42912893
-15.21211504 13.48506867
-15.19159949 13.53527233
-15.15113685 13.55651134
-15.09641151 13.53963898
-15.02458126 13.51330984
-14.95027056 13.47258881
-14.86505612 13.43483918
-14.80826372 13.4111197
-14.67191545 13.35171764
-14.43857052 13.26890615
-14.24674761 13.23583324
-14.01490129 13.29639802
-13.84749549 13.33531037
-13.82672156 13.4078124
-13.85281816 13.47855744
-13.9773842 13.5434372
-14.14696042 13.53615082
-14.19899858 13.5187617
-14.27803769 13.49718679
-14.32555417 13.48858267
-14.40549761 13.50372386
-14.50699012 13.55971528
-14.57086219 13.61617178
-14.66015906 13.64263011
-14.7659924 13.66908845
-14.93580115 13.78520539
-15.02445207 13.80600515
-15.10834876 13.81212881
-15.26952755 13.78910696
-15.42688229 13.72699189
-15.50966793 13.58622529
-15.6671777 13.58829234
-16.00162757 13.59276236
-16.30874061 13.59687063
-16.56229102 13.58731049
-16.5877675 13.68955231
-16.64786719 13.77099437
-16.7454323 13.8404475
-16.76692969 13.90493968
-16.73385678 13.96116364
-16.63959896 14.00746573
-16.61812741 14.04053864
-16.66745256 14.0355777
-16.74212501 14.00581208
-16.79173438 14.00415843
-16.79772885 14.0932486
-16.88051449 14.20833202
-16.97384213 14.40320384
-17.07939124 14.48304393
-17.168068 14.64060537
-17.26062049 14.7010668
-17.34580909 14.72928213
-17.41846615 14.72349437
-17.44502784 14.65161245
-17.53561662 14.75512035
-17.41179989 14.79217235
-17.14716488 14.92203522
-16.84341081 15.29400218
-16.57076596 15.73444042
-16.53523841 15.83836172
-16.50206214 15.91732331
-16.48009966 16.09720897
-16.44103227 16.20454092
-16.40434201 16.22490143
-16.35811744 16.30717032
-16.30230689 16.45132172
-16.2390291 16.531291
-16.16833574 16.54705231
-16.11330034 16.54012767
-16.07402625 16.5104654
-15.95899451 16.49212027
-15.76820513 16.48509227
-15.62077226 16.50658967
-15.51669593 16.55661245
-15.37996009 16.58198558
-15.21056474 16.5826057
-15.1214229 16.60358633
-15.11263791 16.64492748
-15.09057207 16.6573815
-15.05522539 16.64097423
-15.02191993 16.64748546
-14.99060401 16.67688935
-14.95952064 16.67890473
-14.92861813 16.6535316
-14.78668881 16.64588349
-14.53373267 16.65596039
-14.30007768 16.58028026
-14.08567217 16.41884309
-13.97503292 16.3111494
-13.96815996 16.2571992
-13.93260657 16.20286144
-13.86847612 16.14816193
-13.80979753 16.13803335
-13.75664832 16.17250153
-13.7149196 16.16878083
-13.68468889 16.12692292
-13.62355567 16.11829295
-13.55552365 16.14405366
-13.50699948 16.13521699
-13.49816281 16.11030895
-13.48694902 16.09700226
-13.45408281 16.09113699
-13.40964108 16.05917512
-13.34755185 15.97349559
-13.29701229 15.85386465
-13.25799659 15.70038565
-13.20644935 15.61687653
-13.14237057 15.60333731
-13.10529273 15.57176301
-13.097903 15.53527945
-13.07927365 15.51042308
-13.04852617 15.49662547
-12.99431759 15.5048937
-12.93085893 15.45301057
-12.86272356 15.34040762
-12.85189735 15.28966136
-12.86264604 15.26237621
-12.85851193 15.24253246
-12.81316586 15.22354137
-12.7703261 15.18667023
-12.7352378 15.1312731
-12.65963518 15.08207713
-12.54354407 15.03900483
-12.45987993 14.97464183
-12.40866859 14.88901398
-12.30252519 14.81700288
-12.28061439 14.8090447


# Sierra Leone
# from http://www.rjruss.info/2010/12/free-countries-of-world-in-polygon-kml.html
-12.5260516 7.43634227
-12.54062436 7.41024567
-12.6071836 7.47453115
-12.95160702 7.57085602
-12.85437781 7.62201569
-12.61524512 7.63720856
-12.54419003 7.60739126
-12.51251238 7.58243155
-12.5006268 7.53509593
-12.5260516 7.43634227

-11.18088823 9.92533763
-11.11567257 9.84314627
-11.04745968 9.78630219
-10.96307207 9.6616328
-10.86478349 9.51644786
-10.75858843 9.38534475
-10.69053056 9.31426382
-10.68270159 9.28935578
-10.68763668 9.26114045
-10.72122637 9.19447785
-10.74995846 9.12236339
-10.74701291 9.09528494
-10.7268591 9.08169404
-10.61596147 9.05918895
-10.60575538 8.9788321
-10.60562619 8.86759858
-10.55177934 8.76375479
-10.50054216 8.68755789
-10.50315182 8.66029857
-10.62846717 8.52999645
-10.67735307 8.40057282
-10.70215776 8.36419261
-10.71207964 8.33525381
-10.68696489 8.32166291
-10.65265174 8.33029287
-10.60399838 8.31946666
-10.55772213 8.31569428
-10.49643389 8.36212556
-10.39442461 8.48098135
-10.36003394 8.49552827
-10.28321693 8.4851413
-10.28574907 8.45410961
-10.3146362 8.31086254
-10.3598014 8.1879243
-10.38956702 8.15759024
-10.51674272 8.12526663
-10.57084795 8.0711614
-10.61758928 7.89641755
-10.6474841 7.75937165
-10.69127987 7.73642731
-10.87806434 7.53822236
-11.00022742 7.46303315
-11.08539018 7.3985668
-11.16613461 7.31441173
-11.26765296 7.23263378
-11.37669023 7.0946577
-11.45454078 6.95122976
-11.50753496 6.90652965
-11.54750668 6.94696646
-11.73343848 7.08855988
-11.92918881 7.18354116
-12.34663103 7.3417744
-12.48564063 7.38626781
-12.48067969 7.44249177
-12.43272396 7.54501781
-12.51044532 7.66573395
-12.48026628 7.75327383
-12.51044532 7.75337718
-12.57023495 7.70056387
-12.69761736 7.71586009
-12.78195329 7.79110098
-12.85086382 7.81869619
-12.8809395 7.85665253
-12.92514869 8.05516755
-12.95692969 8.14529125
-13.02077593 8.20092093
-13.14895932 8.21461518
-13.20177263 8.33582225
-13.27277605 8.42971833
-13.26120053 8.48759593
-13.20332292 8.48428864
-13.15795102 8.4422757
-13.08500973 8.42475739
-12.99426592 8.52645661
-12.91295305 8.58156953
-12.89409115 8.62980948
-12.90401303 8.65626781
-12.95336402 8.61513337
-13.08823951 8.62572704
-13.12164832 8.58877839
-13.18182553 8.57689281
-13.22843767 8.69590363
-13.22618974 8.76597687
-13.20694027 8.84310395
-13.07103126 8.85635895
-13.05948157 8.88116364
-13.15371355 8.8977001
-13.27161333 8.98741039
-13.29269731 9.0492154
-13.23422543 9.07014435
-13.17836321 9.06086844
-13.12989071 9.04756175
-13.0772841 9.06962759
-13.02801063 9.10357901
-12.99860674 9.14693553
-12.95881588 9.26331086
-12.83109758 9.30222321
-12.75588253 9.37358837
-12.68441403 9.48417593
-12.65165117 9.56189728
-12.62214393 9.60065461
-12.60359209 9.63424429
-12.58984616 9.67114126
-12.55785845 9.70496349
-12.52437212 9.78720653
-12.50147946 9.86216319
-12.42799557 9.89812999
-12.27772051 9.92978181
-12.14232825 9.87539236
-11.92275509 9.92272797
-11.91107622 9.99303376
-11.71002906 9.99417064
-11.4719299 9.99546255
-11.27364743 9.99652192
-11.20564124 9.97773754
-11.18088823 9.92533763


# Togo
# from http://www.rjruss.info/2010/12/free-countries-of-world-in-polygon-kml.html
0.9004932 10.99325694
0.87475833 10.88574413
0.82184167 10.7525998
0.78747684 10.7102768
0.76334395 10.38665314
0.77998376 10.35957469
0.7921794 10.35153901
0.95831913 10.24203665
1.17618696 10.098402
1.3300277 9.99698701
1.34284346 9.96295808
1.34506555 9.7502062
1.34708093 9.56753002
1.37891361 9.46298859
1.3857349 9.36165111
1.42428552 9.28501496
1.56629235 9.1372462
1.60019209 9.05004222
1.60380944 8.77101533
1.60659997 8.55927115
1.62458337 8.27099417
1.62458337 8.03020783
1.62458337 7.72588532
1.62468672 7.36918875
1.62468672 6.9972993
1.53094567 6.99244172
1.58200199 6.87699657
1.59078698 6.77227428
1.60293094 6.73809032
1.57755781 6.68739574
1.59853845 6.61021699
1.63931115 6.5815624
1.7431291 6.42624889
1.77790734 6.29465485
1.61088911 6.25083324
1.62261966 6.21677847
1.31064904 6.14686026
1.18724572 6.0894219
1.18507531 6.1449999
1.13960005 6.15502513
1.0844613 6.17378368
1.04994144 6.20264497
1.00214074 6.26853242
0.98498417 6.32028636
0.91222375 6.32855459
0.82251346 6.38638052
0.73693729 6.45257803
0.70717167 6.51872386
0.71543989 6.54931631
0.70221073 6.58073558
0.67275516 6.59251781
0.59575728 6.74217276
0.54800825 6.80247915
0.52558068 6.85092581
0.5334355 6.88831371
0.52310021 6.93885326
0.53808638 6.97970348
0.5794792 7.00412059
0.59244999 7.03398957
0.59622236 7.09664724
0.61952844 7.22653596
0.63472131 7.35365998
0.59100305 7.38879995
0.53725956 7.39872183
0.50961266 7.43512788
0.49891564 7.49509837
0.49994917 7.54685232
0.60516239 7.72821076
0.58356164 8.14580801
0.59927127 8.20957673
0.64707197 8.25345002
0.68805139 8.30424795
0.68629439 8.35486502
0.61622114 8.47963776
0.48330936 8.57529084
0.41530318 8.65272797
0.37863875 8.72200023
0.37256677 8.75925894
0.45307865 8.81377757
0.48878706 8.85147553
0.49323124 8.89490957
0.46036502 8.9742329
0.46615278 9.11530956
0.49715864 9.22124624
0.52899133 9.35831798
0.52568403 9.39849641
0.44757511 9.48024852
0.40530379 9.49143647
0.3709648 9.48557119
0.28931603 9.4318277
0.25996382 9.42603994
0.24151533 9.44190461
0.23340213 9.46350536
0.26187585 9.49562226
0.25154056 9.53564566
0.27551843 9.5706306
0.32734989 9.58657278
0.3425686 9.60414277
0.27277958 9.62093761
0.26458886 9.64473461
0.26952396 9.66791149
0.28967777 9.67230398
0.31169193 9.67098623
0.32388757 9.68757437
0.33453291 9.80394969
0.34305952 9.84459321
0.35184452 9.92492422
0.36269657 10.23648143
0.37863875 10.2685725
0.38088667 10.29185273
0.33184574 10.30694225
0.21603885 10.39052888
0.14829105 10.45478852
0.08927656 10.52059846
0.03946048 10.56385163
-0.05769121 10.63061758
-0.08631995 10.67304393
-0.09019569 10.71552196
-0.06058509 10.8006072
-0.01389543 10.89135102
0.00943648 11.02098135
-0.0047487 11.05555288
-0.06862077 11.1156009
0.15927229 11.06960887
0.48413618 10.99196503
0.49069909 10.97819326
0.49271447 10.95499055
0.54914514 10.95540396
0.64298954 10.98305085
0.9004932 10.99325694


