-87.85295244 17.42283865
-87.92997616 17.28302806
-87.93488542 17.32292227
-87.9028202 17.42648184
-87.85941199 17.46281037
-87.83251441 17.50105093
-87.82641659 17.54626781
-87.78861528 17.52420197
-87.79814958 17.47960521
-87.85295244 17.42283865
NaN  NaN
-87.95059506 17.9249527
-87.99811154 17.90634919
-87.95901832 17.96399425
-87.95333391 18.00107209
-87.89835019 18.15491283
-87.85892107 18.15403433
-87.84853411 18.14039175
-87.95059506 17.9249527
NaN  NaN
-88.3492529 18.35882803
-88.29566444 18.34407441
-88.24726946 18.35469392
-88.13024818 18.35071483
-88.085238 18.22612295
-88.0972011 18.12163321
-88.2074786 17.84609447
-88.22143124 17.75137157
-88.27171241 17.6098815
-88.20344784 17.51660554
-88.26716488 17.3925821
-88.28881731 17.31269033
-88.29398495 17.19212922
-88.26181637 16.96304759
-88.31341529 16.63278351
-88.40454668 16.48860627
-88.46115821 16.43380341
-88.56231483 16.29045299
-88.6951491 16.24763907
-88.87911719 16.01664541
-88.91169918 15.95600312
-88.89405168 15.89060659
-88.93717567 15.88983145
-89.11359901 15.90065766
-89.23281654 15.88869457
-89.23749325 15.89443065
-89.22764889 16.14283926
-89.21243018 16.52713105
-89.20126807 16.80900015
-89.19036435 17.08469392
-89.18217363 17.29119294
-89.17108904 17.57228689
-89.16147722 17.81483023
-89.16235572 17.90195669
-89.13354611 17.9707897
-89.05042457 17.9997285
-88.94262753 17.93962881
-88.89782406 17.9145399
-88.85738725 17.92882844
-88.80633094 17.9655187
-88.74359575 18.07163626
-88.58618934 18.29051179
-88.52298906 18.44590282
-88.46126156 18.47677949
-88.37242978 18.48230886
-88.29566444 18.47241283
-88.3492529 18.35882803
NaN  NaN
-83.64196916 10.91721507
-83.61729367 10.8774759
-83.588174 10.81497325
-83.57528073 10.73471975
-83.44826006 10.46592479
-83.34681922 10.31539134
-83.12461056 10.04160961
-83.02851824 9.99127676
-82.86633175 9.77092845
-82.81028866 9.73454824
-82.77843014 9.66953929
-82.61014584 9.61600251
-82.56358537 9.57667674
-82.56924394 9.55817658
-82.58650387 9.53879792
-82.61128272 9.51921255
-82.64407142 9.50588003
-82.72339474 9.5460843
-82.80103858 9.59181794
-82.84400753 9.57078563
-82.86013058 9.51146109
-82.88894019 9.48099783
-82.92503618 9.46903474
-82.93986732 9.44919099
-82.94281287 9.24889313
-82.94035824 9.06009329
-82.88134376 9.05588166
-82.78305518 8.99030427
-82.7411456 8.95170197
-82.72781308 8.91604523
-82.74000871 8.89860444
-82.81191647 8.85744416
-82.88196387 8.80532848
-82.91702633 8.74031953
-82.85571225 8.63528718
-82.84261227 8.56394786
-82.84478268 8.48937877
-82.86160336 8.45348949
-82.99753821 8.36775829
-83.02732968 8.33773428
-83.02337643 8.31603018
-82.94841977 8.25686066
-82.91289222 8.19962901
-82.88330746 8.1305893
-82.87935421 8.07067048
-82.94728288 8.18172313
-83.04146318 8.28776317
-83.12331865 8.35308218
-83.12959734 8.50547598
-83.16241187 8.58820995
-83.28578935 8.66438101
-83.39141598 8.71771109
-83.46973161 8.70685904
-83.42175005 8.61921581
-83.29775245 8.50687124
-83.28956173 8.46379894
-83.2914996 8.40602469
-83.37681739 8.41488719
-83.45205828 8.43845165
-83.54373227 8.44584138
-83.60473629 8.48030956
-83.73405657 8.61446157
-83.64220171 8.72892487
-83.61372799 8.8040624
-83.61615679 8.95981517
-83.63726661 9.03536612
-83.73692461 9.1502945
-83.89554542 9.27643667
-84.11785743 9.3794278
-84.22237301 9.46252351
-84.4826672 9.52618887
-84.58157589 9.56835684
-84.65890967 9.64667247
-84.67045936 9.70289643
-84.64307085 9.78940278
-84.71492693 9.89939606
-85.02506304 10.11571361
-85.1984633 10.19529531
-85.23561866 10.24211416
-85.26318804 10.25663524
-85.236523 10.1073937
-85.16073951 10.01742504
-84.9627671 9.93345083
-84.90835181 9.88456493
-84.88644101 9.82095124
-85.00126604 9.69925324
-85.05971208 9.66829906
-85.07702369 9.60197236
-85.11451494 9.58179271
-85.15402157 9.62005911
-85.31452857 9.81092601
-85.62487139 9.90244497
-85.68101783 9.95861726
-85.79648882 10.13287018
-85.84966387 10.2920336
-85.8306211 10.39812531
-85.70313534 10.56346406
-85.66331865 10.63542349
-85.67143185 10.67976187
-85.66722022 10.74500336
-85.71486589 10.79058198
-85.83284319 10.84993236
-85.9080324 10.89755219
-85.88738766 10.92129751
-85.75222795 10.9852471
-85.74370134 11.04299551
-85.74432146 11.06211579
-85.72228146 11.0662499
-85.70264442 11.08152029
-85.69055213 11.09746247
-85.65365516 11.15306631
-85.62140906 11.18448558
-85.58420203 11.18944652
-85.53872677 11.16629548
-85.36834958 11.10645417
-85.17895545 11.0399466
-84.9091528 10.94530122
-84.79735084 11.00589183
-84.70115516 11.05219392
-84.6341825 11.04563101
-84.48917843 10.99162914
-84.40184526 10.97447256
-84.34828264 10.97989859
-84.25554928 10.90073029
-84.20495806 10.84132823
-84.19658647 10.80171825
-84.1683453 10.78035004
-84.096205 10.77569916
-83.91929074 10.73536571
-83.81118364 10.74324636
-83.71294674 10.78587942
-83.65894487 10.83685822
-83.64196916 10.91721507
NaN  NaN
-89.36260189 14.41599376
-89.3372546 14.41136872
-89.17013302 14.3603124
-89.12052365 14.37023428
-89.05711667 14.32915152
-89.02686011 14.2969571
-89.00016924 14.25272207
-88.86831682 14.16365774
-88.84596676 14.12477123
-88.74736813 14.07226797
-88.70760312 14.03206371
-88.66561601 14.01552725
-88.58314043 14.00012767
-88.51255042 13.97896617
-88.50433387 13.96421255
-88.49764177 13.90452627
-88.48268144 13.8542451
-88.44914344 13.85098949
-88.40849993 13.87538076
-88.2762341 13.94266348
-88.1510221 13.98733775
-88.08045793 13.9605952
-88.03872921 13.90462962
-87.99103187 13.87961823
-87.89196815 13.89499197
-87.80225786 13.88997936
-87.73146115 13.84106761
-87.71531226 13.81267141
-87.7585396 13.64994233
-87.7742234 13.58030834
-87.78189735 13.52137136
-87.75647254 13.50599763
-87.73166785 13.48307913
-87.73701636 13.45137564
-87.81422095 13.3991566
-87.83840552 13.38579824
-87.82070635 13.28515839
-87.87806719 13.22441275
-87.9308805 13.18064281
-88.02343299 13.16875723
-88.18065854 13.164003
-88.41712989 13.21350902
-88.59153785 13.28107595
-88.68564063 13.2815152
-88.65587501 13.25919099
-88.58153846 13.24497997
-88.48389584 13.19717927
-88.51200782 13.1839501
-88.86702491 13.2832722
-89.27764584 13.47809235
-89.52326392 13.50914989
-89.80420285 13.56010285
-89.97044593 13.68314444
-90.09519284 13.73652619
-90.10588986 13.78303498
-90.10475298 13.83476309
-90.04816728 13.90406118
-89.94269569 13.99736298
-89.87269996 14.04560293
-89.83996294 14.05505972
-89.79371253 14.05012462
-89.74934831 14.0770222
-89.71113359 14.14133352
-89.67126522 14.18270051
-89.57026364 14.22466177
-89.54716427 14.2412499
-89.55501909 14.27726838
-89.5769299 14.34708324
-89.57362261 14.39007803
-89.54054969 14.40992178
-89.50086219 14.41377167
-89.41882585 14.43108328
-89.38324663 14.42762096
-89.36260189 14.41599376
NaN  NaN
-89.16147722 17.81483023
-89.17108904 17.57228689
-89.18217363 17.29119294
-89.19036435 17.08469392
-89.20126807 16.80900015
-89.21243018 16.52713105
-89.22764889 16.14283926
-89.23749325 15.89443065
-89.23281654 15.88869457
-89.11359901 15.90065766
-88.93717567 15.88983145
-88.89405168 15.89060659
-88.8399723 15.86898001
-88.79834693 15.86249462
-88.70863664 15.80652904
-88.60337175 15.7641802
-88.53624407 15.84962718
-88.57159075 15.90109691
-88.5979974 15.92734854
-88.59396664 15.95026704
-88.22833004 15.72901439
-88.27142819 15.69488211
-88.36454912 15.61602387
-88.53329851 15.48120006
-88.68447791 15.36048391
-88.82994707 15.25100739
-88.9609985 15.15246044
-88.97642392 15.14269359
-89.14258948 15.07231029
-89.17033973 15.03990917
-89.20609982 14.9005895
-89.2223779 14.86606965
-89.1922247 14.78871003
-89.16220069 14.66925996
-89.17178667 14.6068865
-89.28671505 14.52996613
-89.33942501 14.46074555
-89.36260189 14.41599376
-89.38324663 14.42762096
-89.41882585 14.43108328
-89.50086219 14.41377167
-89.54054969 14.40992178
-89.57362261 14.39007803
-89.5769299 14.34708324
-89.55501909 14.27726838
-89.54716427 14.2412499
-89.57026364 14.22466177
-89.67126522 14.18270051
-89.71113359 14.14133352
-89.74934831 14.0770222
-89.79371253 14.05012462
-89.83996294 14.05505972
-89.87269996 14.04560293
-89.94269569 13.99736298
-90.04816728 13.90406118
-90.10475298 13.83476309
-90.10588986 13.78303498
-90.09519284 13.73652619
-90.47912289 13.90090892
-90.60691871 13.9290209
-91.14605893 13.92555858
-91.3773368 13.9902058
-91.64091244 14.1149527
-91.81909278 14.22822744
-92.23513974 14.54539155
-92.20904314 14.57102306
-92.18705482 14.63008922
-92.15992469 14.69104157
-92.17646115 14.76132152
-92.18638302 14.8183723
-92.15566138 14.90131297
-92.15855526 14.96355724
-92.14421505 15.00192699
-92.09873979 15.02673168
-92.07478777 15.07422232
-92.20434058 15.23767487
-92.20426307 15.27501109
-92.18715817 15.32089977
-92.08215166 15.49556611
-91.95724972 15.70322785
-91.81942868 15.93236115
-91.73659136 16.0701822
-91.43397417 16.07044058
-91.23377967 16.07064728
-90.9795833 16.07082815
-90.70324358 16.0710607
-90.52198849 16.07121573
-90.44716102 16.0726885
-90.45987342 16.16237295
-90.45013241 16.261385
-90.41698198 16.35130199
-90.41698198 16.39098949
-90.47108721 16.43956533
-90.57578366 16.46783234
-90.63407467 16.51072378
-90.63438473 16.56513907
-90.65996457 16.63092316
-90.71071082 16.70812775
-90.81602739 16.78708934
-90.97581092 16.86780793
-91.11187497 16.97619925
-91.22416785 17.11226329
-91.31920081 17.19977733
-91.39232296 17.23641592
-91.40963457 17.2558721
-91.19551327 17.25408926
-90.9929675 17.25243561
-90.99162391 17.44746247
-90.99043535 17.62073355
-90.98914344 17.8164322
-90.62203406 17.81612214
-90.18358537 17.81570873
-89.72883277 17.81534699
-89.37154192 17.81501109
-89.16147722 17.81483023
NaN  NaN
-85.78395728 16.00284781
-85.48369137 15.89949494
-85.16365923 15.91815013
-85.04823992 15.97396068
-84.9737225 15.98987702
-84.64609392 15.8835786
-84.55966509 15.80198151
-84.49230486 15.79391999
-84.44005998 15.81257518
-84.42600399 15.82947337
-84.49036699 15.84725007
-84.51961585 15.87277823
-84.26141456 15.82260041
-83.77547523 15.43686168
-83.76529497 15.40544241
-83.97280168 15.51962149
-84.08274329 15.51088817
-84.11132036 15.49243968
-84.10517086 15.43011791
-84.09506812 15.40094656
-84.04796505 15.39758759
-84.01318682 15.41440827
-83.92742978 15.39404776
-83.87063738 15.35275829
-83.80164934 15.28924795
-83.76046322 15.22036327
-83.71591814 15.21922639
-83.67217404 15.26072256
-83.58967261 15.26576101
-83.53592912 15.21938142
-83.49794695 15.22212027
-83.55107032 15.29400218
-83.67612729 15.36541901
-83.6463875 15.36841625
-83.36919512 15.24000031
-83.29087948 15.07892487
-83.22558631 15.04228628
-83.15752845 14.99306448
-83.41503211 15.00805065
-83.5365234 14.97701895
-83.58975013 14.90756582
-83.63548377 14.87643077
-83.67364682 14.88356212
-83.75092892 14.85625113
-83.86730425 14.79449779
-83.97225908 14.77108837
-84.06579342 14.78607453
-84.09294939 14.7709075
-84.10031328 14.7506245
-84.11442095 14.73101329
-84.15080115 14.72041962
-84.19240068 14.72602652
-84.23921953 14.74783397
-84.26397254 14.73853221
-84.26665972 14.69812124
-84.29192949 14.68737254
-84.33978187 14.7063378
-84.39365455 14.69176504
-84.45354753 14.64368012
-84.53765093 14.63342235
-84.64596473 14.66106924
-84.72980974 14.71336579
-84.78918596 14.79036367
-84.86044776 14.80974234
-84.98514299 14.75243317
-85.03733619 14.68556387
-85.04865333 14.64473949
-85.03650937 14.60766165
-85.05940203 14.58296031
-85.11730547 14.57058381
-85.16133379 14.52516022
-85.19151282 14.44661205
-85.19755897 14.38599559
-85.17947222 14.34331086
-85.2083335 14.31183991
-85.28419451 14.29163443
-85.3737756 14.22388662
-85.47707679 14.10869986
-85.57980954 14.02823965
-85.68192217 13.98255768
-85.73122148 13.9318631
-85.72770749 13.87605256
-85.7339345 13.85868928
-85.75344235 13.85204886
-85.78669613 13.84445242
-85.98376421 13.96568533
-86.04037574 14.05015046
-86.08923581 14.03723135
-86.15122169 13.99459829
-86.23821896 13.89946198
-86.3317533 13.7700642
-86.37694434 13.75564647
-86.6102376 13.7748701
-86.73364092 13.76344961
-86.75896237 13.74613801
-86.77058957 13.69875072
-86.76350989 13.63524038
-86.72958432 13.40724396
-86.71069658 13.31337372
-86.7293001 13.28435741
-86.79213864 13.27978404
-86.87355486 13.26647736
-86.91822913 13.22358592
-86.92879696 13.17940257
-86.93316362 13.11754588
-86.95889849 13.05372549
-87.00930884 13.00783682
-87.0591766 12.99145539
-87.33727332 12.97925975
-87.33254493 13.08473135
-87.41277259 13.12746776
-87.45845456 13.21542105
-87.4983746 13.27492646
-87.48514543 13.31060904
-87.48912452 13.3529062
-87.60227007 13.38559154
-87.70836178 13.36006338
-87.76936581 13.37665152
-87.81422095 13.3991566
-87.73701636 13.45137564
-87.73166785 13.48307913
-87.75647254 13.50599763
-87.78189735 13.52137136
-87.7742234 13.58030834
-87.7585396 13.64994233
-87.71531226 13.81267141
-87.73146115 13.84106761
-87.80225786 13.88997936
-87.89196815 13.89499197
-87.99103187 13.87961823
-88.03872921 13.90462962
-88.08045793 13.9605952
-88.1510221 13.98733775
-88.2762341 13.94266348
-88.40849993 13.87538076
-88.44914344 13.85098949
-88.48268144 13.8542451
-88.49764177 13.90452627
-88.50433387 13.96421255
-88.51255042 13.97896617
-88.58314043 14.00012767
-88.66561601 14.01552725
-88.70760312 14.03206371
-88.74736813 14.07226797
-88.84596676 14.12477123
-88.86831682 14.16365774
-89.00016924 14.25272207
-89.02686011 14.2969571
-89.05711667 14.32915152
-89.12052365 14.37023428
-89.17013302 14.3603124
-89.3372546 14.41136872
-89.36260189 14.41599376
-89.33942501 14.46074555
-89.28671505 14.52996613
-89.17178667 14.6068865
-89.16220069 14.66925996
-89.1922247 14.78871003
-89.2223779 14.86606965
-89.20609982 14.9005895
-89.17033973 15.03990917
-89.14258948 15.07231029
-88.97642392 15.14269359
-88.9609985 15.15246044
-88.82994707 15.25100739
-88.68447791 15.36048391
-88.53329851 15.48120006
-88.36454912 15.61602387
-88.27142819 15.69488211
-88.22833004 15.72901439
-88.13110084 15.70100576
-88.05459388 15.76482616
-88.01041053 15.78619436
-87.90700599 15.86262381
-87.87494076 15.87934113
-87.70185055 15.91065705
-87.61816057 15.9098819
-87.5449609 15.83236726
-87.48690243 15.79019929
-87.37747759 15.82647614
-87.28588111 15.83443431
-86.90724789 15.76234569
-86.7570245 15.79423005
-86.48081397 15.80105134
-86.35666134 15.78322297
-86.18119402 15.88518057
-86.06853939 15.90567027
-85.93627357 15.9534193
-85.95392107 16.00222769
-85.9856504 16.02416433
-85.78395728 16.00284781
NaN  NaN
-86.41993913 16.37838044
-86.5802911 16.30024567
-86.63041724 16.30174429
-86.55695919 16.3621282
-86.43825843 16.41385631
-86.33782528 16.43922944
-86.25550473 16.42819652
-86.41993913 16.37838044
NaN  NaN
-85.87095456 16.46152782
-85.94720313 16.40362438
-85.9609749 16.4296693
-85.92420712 16.48330943
-85.87824093 16.51395356
-85.8337992 16.51087881
-85.84441871 16.48772777
-85.87095456 16.46152782
NaN  NaN
-91.68370053 18.67736156
-91.79614844 18.65421052
-91.81609555 18.67586294
-91.58913266 18.77802725
-91.55029782 18.77366059
-91.53673275 18.75999217
-91.65424496 18.711468
-91.68370053 18.67736156
NaN  NaN
-110.91443885 18.74144033
-110.97482276 18.72035635
-111.06365455 18.7816446
-111.03993507 18.83011709
-110.98942135 18.86313833
-110.94211158 18.80172089
-110.91443885 18.74144033
NaN  NaN
-86.93964901 20.30330882
-86.99140296 20.27214794
-87.01943743 20.38232209
-86.97799293 20.48980907
-86.92784095 20.55151073
-86.82857052 20.55879711
-86.76327735 20.57905427
-86.75500912 20.55176911
-86.80877845 20.4684667
-86.93964901 20.30330882
NaN  NaN
-86.71400387 21.23932404
-86.69630469 21.19103242
-86.71364214 21.19679434
-86.73637977 21.23330374
-86.75289039 21.27880484
-86.7390411 21.27996756
-86.72692298 21.2643096
-86.71400387 21.23932404
NaN  NaN
-106.50225338 21.61082591
-106.53137305 21.52850536
-106.60702735 21.56147492
-106.63418332 21.61315135
-106.6393768 21.69784903
-106.5973897 21.7121634
-106.53641151 21.67635163
-106.52382829 21.65232209
-106.50225338 21.61082591
NaN  NaN
-109.80510088 24.15105846
-109.8267533 24.1475703
-109.87793881 24.20064199
-109.90046973 24.33091828
-109.89031531 24.34481924
-109.79378374 24.18338207
-109.79561825 24.16358999
-109.80510088 24.15105846
NaN  NaN
-111.69886125 24.39360179
-111.71229713 24.34636953
-112.01328651 24.53338654
-111.94086199 24.55111156
-111.85681027 24.53798574
-111.69886125 24.39360179
NaN  NaN
-110.56740577 25.00348705
-110.53888038 24.89155589
-110.59019508 24.90804068
-110.65740028 24.96886384
-110.70344398 25.04663687
-110.69928402 25.08144094
-110.69021481 25.08782298
-110.59523353 25.04214102
-110.56740577 25.00348705
NaN  NaN
-112.05726315 24.54568553
-112.07736528 24.5345751
-112.16288978 24.65027863
-112.17547299 24.72957612
-112.21050961 24.76313996
-112.29675758 24.78964997
-112.22231767 24.95113882
-112.15942746 25.28566621
-112.13167721 25.22435212
-112.19839149 24.88545808
-112.19500668 24.84106802
-112.16379412 24.79964936
-112.13023027 24.72957612
-112.12625119 24.65399934
-112.06746925 24.58364187
-112.05726315 24.54568553
NaN  NaN
-111.1002673 26.02058259
-111.0877616 25.98451244
-111.0944537 25.9740738
-111.13525224 25.99918854
-111.20449866 25.84971446
-111.22467831 25.83589102
-111.18292375 26.04063304
-111.13928301 26.06983023
-111.09086219 26.07566966
-111.1002673 26.02058259
NaN  NaN
-115.17058733 28.0693981
-115.18428158 28.03725536
-115.35295346 28.10396963
-115.26040097 28.22055166
-115.27399187 28.34276643
-115.23355506 28.3683721
-115.19699398 28.32788361
-115.14852149 28.17210501
-115.17058733 28.0693981
NaN  NaN
-118.24275123 28.94192882
-118.28551348 28.90376577
-118.40008013 29.11228018
-118.4013462 29.16274221
-118.36780819 29.18757274
-118.31230771 29.18287018
-118.31207516 29.13052196
-118.2655147 29.08644196
-118.24735043 29.04336966
-118.24275123 28.94192882
NaN  NaN
-112.20309404 29.00530996
-112.27843828 28.76935537
-112.35528113 28.77312775
-112.51408281 28.84759349
-112.53100684 28.89399893
-112.46984779 29.16772899
-112.4235457 29.20364411
-112.28505286 29.24041189
-112.26342628 29.20677053
-112.24875017 29.12597443
-112.20309404 29.00530996
NaN  NaN
-113.15561988 29.05223216
-113.16277707 29.03476553
-113.26476051 29.09672557
-113.4963226 29.30764293
-113.58060686 29.41321788
-113.59440447 29.46269807
-113.58722144 29.57302725
-113.5079498 29.55990143
-113.41591407 29.48592662
-113.37581316 29.41748119
-113.37384945 29.33893301
-113.20215451 29.30182933
-113.1779441 29.13191722
-113.15561988 29.05223216
NaN  NaN
-114.69415646 31.70563609
-114.72725522 31.70137279
-114.78921526 31.74741649
-114.78459022 31.78979116
-114.77107683 31.79408031
-114.70906511 31.75687328
-114.68792945 31.72421377
-114.69415646 31.70563609
NaN  NaN
-112.93896644 31.91626923
-112.46473182 31.76824209
-111.99047136 31.62024079
-111.5162109 31.47223949
-111.04197628 31.32421235
-110.68853533 31.3248583
-110.33509437 31.3255301
-109.98165341 31.32615021
-109.62821245 31.32682201
-109.27477149 31.32746796
-108.92133053 31.32811392
-108.56788957 31.32878571
-108.21444862 31.32943167
-108.21380266 31.44190542
-108.2131567 31.55437918
-108.21248491 31.66685293
-108.21183896 31.77932669
-107.99203325 31.77816397
-107.77220171 31.77702709
-107.55237016 31.7758902
-107.33253862 31.77475332
-107.11270708 31.77361644
-106.89287554 31.77247956
-106.67304399 31.77134268
-106.45321245 31.77017996
-106.44538347 31.76839712
-106.43603004 31.76446971
-106.34696571 31.67899689
-106.25570513 31.54466401
-106.14806312 31.45092296
-106.02409136 31.39777375
-105.81270891 31.24103913
-105.51399329 30.98077078
-105.27581662 30.80726716
-105.09815304 30.7205541
-104.97883216 30.64593334
-104.91785397 30.58335318
-104.83589515 30.44765087
-104.68133094 30.13436249
-104.68133094 29.99052115
-104.6222131 29.85427623
-104.50397742 29.67767202
-104.40062456 29.57375072
-104.31220618 29.5424348
-104.21551958 29.47990632
-104.11061642 29.38611359
-103.98974525 29.3231717
-103.85290605 29.29108063
-103.66397702 29.20689973
-103.4229323 29.07068065
-103.25769691 29.00112417
-103.16829668 28.99817862
-103.09000688 29.04187104
-103.02282752 29.13220144
-102.95681088 29.19036327
-102.89200863 29.21638235
-102.86567949 29.25803356
-102.87782345 29.31531688
-102.83400184 29.44396536
-102.73418881 29.64395315
-102.61494544 29.75234447
-102.4762459 29.76908763
-102.38565711 29.8066564
-102.34307573 29.86497325
-102.26892005 29.87117442
-102.16308672 29.82525991
-101.99090085 29.795701
-101.7523366 29.78247183
-101.61159583 29.78696768
-101.56870439 29.80924022
-101.54638017 29.8080775
-101.54462318 29.7835312
-101.50930233 29.77311839
-101.44039181 29.7768391
-101.3803438 29.74255178
-101.30352678 29.63408295
-101.03896929 29.46039846
-101.03863339 29.46029511
-101.01633501 29.40066051
-100.92414425 29.31469676
-100.75459388 29.18250845
-100.65863074 29.06853608
-100.63630653 28.97280549
-100.54969682 28.82134186
-100.398905 28.61422272
-100.33172563 28.50254995
-100.34815874 28.48642691
-100.33627316 28.42813589
-100.29604306 28.32767691
-100.22126726 28.2426175
-100.11194577 28.17295767
-100.00140988 28.04784903
-99.88963376 27.86729157
-99.75426734 27.72993561
-99.59531064 27.63588451
-99.50531613 27.54834463
-99.48425798 27.4673935
-99.48583411 27.39804373
-99.51007036 27.34032115
-99.49981259 27.2855183
-99.45513831 27.23371267
-99.4402555 27.17012482
-99.45772213 27.08170645
-99.45653358 27.05666922
-99.45650774 27.05661754
-99.44353695 27.03667044
-99.30246029 26.88471589
-99.22993242 26.76193268
-99.17236488 26.56592398
-99.17208065 26.56414114
-99.10776933 26.44691315
-99.01526852 26.39895742
-98.87321001 26.38123241
-98.7652321 26.34040803
-98.69141232 26.27645844
-98.59829139 26.23785615
-98.48586931 26.2245753
-98.37812395 26.18235566
-98.27502947 26.11119721
-98.08279314 26.06443004
-97.80141496 26.04205414
-97.58724199 25.98420238
-97.44027422 25.89082307
-97.375627 25.87180614
-97.35816037 25.87051423
-97.34973711 25.88477692
-97.33865251 25.91118358
-97.2817826 25.941621
-97.14623532 25.96146475
-97.16445126 25.75491405
-97.22491269 25.58546703
-97.42407366 25.23308544
-97.50706601 25.0145458
-97.66765052 24.38998444
-97.71702735 23.98060375
-97.72860287 23.78795401
-97.74265886 23.76066885
-97.72738848 23.73224681
-97.76586158 23.30617463
-97.74519101 22.94237254
-97.7583685 22.88604523
-97.81671119 22.77631033
-97.85779395 22.62451081
-97.84161923 22.5570989
-97.84249773 22.51030589
-97.7823722 22.27931224
-97.76327776 22.10583446
-97.58478736 21.80853994
-97.48450924 21.70482534
-97.36014991 21.61496003
-97.31449378 21.56421377
-97.33686968 21.43791657
-97.38756426 21.37394115
-97.40919084 21.27255199
-97.43415056 21.35647451
-97.42443539 21.46533092
-97.38479957 21.5238028
-97.38343014 21.56669424
-97.45657813 21.61237621
-97.59039425 21.76203115
-97.75379513 22.02666616
-97.637549 21.60364289
-97.59760312 21.53589509
-97.56654558 21.50770559
-97.51453325 21.47799164
-97.50109738 21.43202546
-97.50060645 21.39802237
-97.35715268 21.10398347
-97.19499203 20.80007437
-97.18631039 20.71703034
-97.12145647 20.61496939
-96.70869097 20.18827709
-96.45607073 19.86979523
-96.36837582 19.56722972
-96.3153558 19.47286856
-96.28954342 19.34372915
-96.12397213 19.19908682
-96.07338091 19.10565583
-95.98467831 19.05377269
-95.91305478 18.8971931
-95.77812761 18.80551911
-95.8103737 18.80386546
-95.92819597 18.85009003
-95.92034115 18.8195751
-95.82107073 18.75464366
-95.62681902 18.69059073
-95.57829485 18.6904357
-95.654931 18.72366364
-95.7198366 18.76836376
-95.69709897 18.77492666
-95.56144833 18.71911612
-95.18183326 18.70071931
-95.01471168 18.57059805
-94.79813575 18.5145808
-94.68163123 18.34849274
-94.54621314 18.17485993
-94.45978431 18.16664338
-94.39226905 18.16597158
-94.18902564 18.19527212
-93.87312761 18.30446442
-93.7644004 18.35789785
-93.55232032 18.43045157
-93.22794735 18.44378408
-93.12733334 18.42344941
-92.88476417 18.46864045
-92.76911231 18.52414094
-92.72895972 18.57452546
-92.71012366 18.61168081
-92.48530535 18.66480419
-92.44101864 18.6752945
-92.21317725 18.68485464
-92.10320981 18.70438833
-91.97376034 18.71588634
-91.88038103 18.63777741
-91.88048438 18.5996402
-91.94265113 18.56341503
-91.9135573 18.52853343
-91.80299557 18.47062999
-91.59970049 18.44719473
-91.53396807 18.45654816
-91.44045956 18.54186595
-91.27525001 18.62444489
-91.278764 18.72066641
-91.30832292 18.77327302
-91.35627865 18.77658031
-91.36775082 18.80608755
-91.33421282 18.87680675
-91.34304949 18.90060375
-91.44557553 18.83280427
-91.46919166 18.83298513
-91.45787452 18.86466279
-91.43666134 18.88980337
-91.13593035 19.03749462
-91.05893246 19.09821442
-90.95501116 19.15164785
-90.73926205 19.35225576
-90.69316667 19.72985545
-90.65012021 19.79594961
-90.50707984 19.91185985
-90.49168026 19.94679312
-90.48243018 20.02572887
-90.48635759 20.22403718
-90.47829607 20.37999665
-90.48410967 20.55636831
-90.45845232 20.71372305
-90.43517209 20.75754466
-90.35313575 21.00941559
-90.18291358 21.12088166
-89.88763445 21.25265656
-89.81978329 21.27461905
-88.87872962 21.41409374
-88.74669634 21.44814851
-88.58492327 21.53868561
-88.46671343 21.56938142
-88.25104184 21.56690095
-88.18479265 21.57894156
-88.17174435 21.59144725
-88.17138262 21.60353954
-88.13164344 21.6158902
-88.00681902 21.6040563
-87.77373247 21.54948599
-87.68882809 21.53584341
-87.48044288 21.47243643
-87.25089617 21.44695995
-87.2179266 21.45799287
-87.18761837 21.47729401
-87.16428647 21.51419099
-87.18826433 21.54643708
-87.21058855 21.54395661
-87.24944923 21.52659333
-87.29575131 21.52493968
-87.38667599 21.55147553
-87.36851173 21.57372224
-87.27575253 21.57162934
-87.21645382 21.58240388
-87.12844886 21.62147126
-87.03475949 21.59224824
-86.91169206 21.46282461
-86.82407467 21.42169017
-86.81707252 21.23420808
-86.80384335 21.20004995
-86.77175229 21.15054393
-86.81552222 21.00520397
-86.86471819 20.8850821
-86.92621314 20.78648347
-87.05959001 20.63124746
-87.22125973 20.5072757
-87.42140255 20.23137523
-87.46716203 20.10213247
-87.46584429 19.99852123
-87.43194455 19.89847565
-87.44173723 19.86150117
-87.46623186 19.82416494
-87.50687537 19.82749807
-87.58581112 19.77946483
-87.68769121 19.6371221
-87.69006833 19.59371389
-87.64531654 19.55392304
-87.5872839 19.57299164
-87.51168128 19.57472281
-87.46938412 19.58645336
-87.42476152 19.58335277
-87.43473507 19.50170401
-87.48266496 19.44372305
-87.51289568 19.42558462
-87.5670009 19.41574026
-87.627514 19.38269318
-87.65867489 19.35235912
-87.65578101 19.25784292
-87.62208798 19.25050487
-87.55080034 19.32096568
-87.50945919 19.31750336
-87.50106177 19.28781525
-87.59353675 19.04638296
-87.65301632 18.79854279
-87.73355404 18.65503734
-87.76182105 18.4461612
-87.80409237 18.35707103
-87.85323666 18.26898855
-87.88196876 18.27387198
-87.95969011 18.4408902
-88.03906511 18.483885
-88.05645423 18.524451
-88.01110816 18.72686758
-88.03172706 18.83890209
-88.07379167 18.83445791
-88.12676002 18.77306631
-88.19678158 18.71965872
-88.1953088 18.642635
-88.27574317 18.51455496
-88.29566444 18.47241283
-88.37242978 18.48230886
-88.46126156 18.47677949
-88.52298906 18.44590282
-88.58618934 18.29051179
-88.74359575 18.07163626
-88.80633094 17.9655187
-88.85738725 17.92882844
-88.89782406 17.9145399
-88.94262753 17.93962881
-89.05042457 17.9997285
-89.13354611 17.9707897
-89.16235572 17.90195669
-89.16147722 17.81483023
-89.37154192 17.81501109
-89.72883277 17.81534699
-90.18358537 17.81570873
-90.62203406 17.81612214
-90.98914344 17.8164322
-90.99043535 17.62073355
-90.99162391 17.44746247
-90.9929675 17.25243561
-91.19551327 17.25408926
-91.40963457 17.2558721
-91.39232296 17.23641592
-91.31920081 17.19977733
-91.22416785 17.11226329
-91.11187497 16.97619925
-90.97581092 16.86780793
-90.81602739 16.78708934
-90.71071082 16.70812775
-90.65996457 16.63092316
-90.63438473 16.56513907
-90.63407467 16.51072378
-90.57578366 16.46783234
-90.47108721 16.43956533
-90.41698198 16.39098949
-90.41698198 16.35130199
-90.45013241 16.261385
-90.45987342 16.16237295
-90.44716102 16.0726885
-90.52198849 16.07121573
-90.70324358 16.0710607
-90.9795833 16.07082815
-91.23377967 16.07064728
-91.43397417 16.07044058
-91.73659136 16.0701822
-91.81942868 15.93236115
-91.95724972 15.70322785
-92.08215166 15.49556611
-92.18715817 15.32089977
-92.20426307 15.27501109
-92.20434058 15.23767487
-92.07478777 15.07422232
-92.09873979 15.02673168
-92.14421505 15.00192699
-92.15855526 14.96355724
-92.15566138 14.90131297
-92.18638302 14.8183723
-92.17646115 14.76132152
-92.15992469 14.69104157
-92.18705482 14.63008922
-92.20904314 14.57102306
-92.23513974 14.54539155
-92.26454363 14.56779328
-92.53096147 14.83966299
-92.808929 15.13858531
-92.91840552 15.23615042
-93.02441973 15.31028026
-93.16691749 15.44804963
-93.54115821 15.75040843
-93.73435055 15.88848786
-93.91604489 16.05356822
-94.07895484 16.14526805
-94.23987525 16.20505768
-94.31129208 16.23937084
-94.3741823 16.28474274
-94.40903805 16.2873524
-94.42640133 16.22624502
-94.37017738 16.19542003
-94.30281715 16.16934927
-94.24951291 16.16751476
-94.19341814 16.14557811
-94.02833778 16.06204316
-94.00128516 16.01897085
-94.47073971 16.18655752
-94.66150326 16.20190542
-94.68227719 16.22823456
-94.58711504 16.31580028
-94.61682899 16.34755545
-94.65075456 16.35181875
-94.75281552 16.29122814
-94.7907977 16.28717154
-94.79743812 16.32706574
-94.79291643 16.36458283
-94.85867469 16.41972158
-94.90042925 16.4174995
-94.93471656 16.37910391
-95.02352251 16.30626598
-95.02083533 16.27763723
-94.8460398 16.2465797
-94.78581092 16.22908723
-94.79942766 16.20965689
-94.94934099 16.21001862
-95.13436846 16.17694571
-95.46439999 15.97468415
-95.77177141 15.88781607
-96.21355323 15.69304759
-96.4086576 15.68312572
-96.51084774 15.65191315
-96.80796139 15.72643057
-97.18468258 15.90926179
-97.75480282 15.96682933
-98.13896542 16.20629792
-98.52028581 16.30484488
-98.76218319 16.53475332
-98.90796241 16.54457184
-99.00167762 16.58146882
-99.34803891 16.66477123
-99.69065365 16.7196516
-100.02450924 16.92051789
-100.2429972 16.98418325
-100.4319004 17.06407502
-100.84779232 17.2005008
-101.00194312 17.27610342
-101.14782569 17.39309886
-101.3854856 17.51422842
-101.48708147 17.6153592
-101.60030453 17.65158438
-101.7624135 17.84201203
-101.8470595 17.92226553
-101.91870887 17.95978262
-101.99550005 17.97270173
-102.21659766 17.9574055
-102.54699093 18.04143138
-102.6995656 18.06282543
-103.0184867 18.18684886
-103.44158749 18.32536754
-103.5802612 18.48440176
-103.69893612 18.6329715
-103.91246314 18.82846345
-104.04563331 18.91181753
-104.2769887 19.01098461
-104.40519792 19.09118643
-104.60296363 19.15288809
-104.9384987 19.30936433
-105.04523638 19.44325796
-105.10768734 19.56221711
-105.28638445 19.70649771
-105.4820831 19.97609365
-105.53244178 20.07536408
-105.57039812 20.22780956
-105.61589922 20.31633129
-105.66941016 20.3855777
-105.64215085 20.43598806
-105.5425962 20.49792227
-105.37707659 20.5118749
-105.26013282 20.57905427
-105.24468157 20.63416718
-105.25230384 20.66850617
-105.3270538 20.7529713
-105.42009722 20.77539887
-105.49236671 20.77661327
-105.51086687 20.80875601
-105.45632239 20.84381847
-105.39397478 20.92611319
-105.30193905 21.02657217
-105.23705929 21.11917634
-105.22499285 21.24971101
-105.23326107 21.3804007
-105.20871477 21.49083324
-105.43144019 21.61826732
-105.4574076 21.6724759
-105.527455 21.81846182
-105.64912716 21.98806387
-105.64548398 22.32690624
-105.79177995 22.62750804
-105.94334693 22.77700796
-106.02171424 22.82904613
-106.23454363 23.06091828
-106.40223365 23.19558706
-106.56648719 23.44947337
-106.72877703 23.61070384
-106.93548275 23.88122997
-107.08485348 24.01610546
-107.76494117 24.47191743
-107.72659726 24.47191743
-107.52725542 24.36003795
-107.49369158 24.36936555
-107.48891151 24.42398754
-107.51190752 24.48917735
-107.54888201 24.5047578
-107.60200538 24.49013337
-107.67368059 24.50356924
-107.7095182 24.5250408
-107.81669512 24.53901927
-107.95118303 24.61490611
-108.00880225 24.69353181
-108.01510678 24.78342296
-108.20765316 24.97480663
-108.28077532 25.08151846
-108.2433099 25.07366364
-108.19204688 25.03066885
-108.14008623 25.0183957
-108.07965064 25.0180598
-108.03569984 25.03534557
-108.05148699 25.06704906
-108.09282813 25.09350739
-108.37368954 25.19432811
-108.46624203 25.26512482
-108.69640886 25.38289541
-108.75097917 25.42423656
-108.78725603 25.53802806
-108.84358334 25.54329906
-108.89314104 25.51156973
-109.02879167 25.48046052
-109.06346656 25.5166857
-109.06847917 25.55156729
-108.97277442 25.58846426
-108.88487281 25.69605459
-108.88657813 25.73346833
-108.93517982 25.69029267
-109.00835364 25.64200104
-109.08408546 25.61502595
-109.1964817 25.5925467
-109.25397173 25.6087731
-109.30427873 25.63313854
-109.38494564 25.7271638
-109.425615 26.03257152
-109.35414649 26.13848237
-109.27063738 26.24312714
-109.19968564 26.30521638
-109.15880958 26.25834585
-109.11671912 26.25273896
-109.14635556 26.30573314
-109.21601539 26.35529084
-109.24063921 26.40466767
-109.24327471 26.44996206
-109.27624427 26.53388459
-109.48287248 26.71035961
-109.67609066 26.69682038
-109.75476803 26.7029182
-109.82835527 26.7701234
-109.89093543 26.88342398
-109.92173459 26.97817272
-109.92563616 27.02866059
-109.94400713 27.07935517
-110.27716509 27.16221833
-110.37731401 27.23327342
-110.477773 27.32264781
-110.51937252 27.3955891
-110.56063616 27.45015941
-110.59270138 27.54431387
-110.61546485 27.65391958
-110.57825782 27.7956422
-110.52988868 27.86421682
-110.75902198 27.91519562
-110.84862891 27.91757274
-110.92079505 27.88889232
-110.98608822 27.92597016
-111.12140296 27.96697541
-111.28242672 28.11526093
-111.47169166 28.38400422
-111.68005103 28.4705364
-111.74723039 28.56394156
-111.83244483 28.64812246
-111.90703976 28.75250886
-111.91861528 28.7979066
-111.94081031 28.82317638
-112.04488664 28.89588512
-112.16177873 29.01890087
-112.19203529 29.11796459
-112.22350623 29.26947989
-112.30140845 29.32291332
-112.37819963 29.347718
-112.39321164 29.41970327
-112.38868995 29.46008841
-112.41452816 29.53644033
-112.57291643 29.71952993
-112.65311825 29.87006338
-112.69714657 29.91683055
-112.73838437 29.98545685
-112.75923581 30.12568085
-112.82478736 30.30014049
-112.95175635 30.51002432
-113.0576672 30.65102346
-113.11042884 30.79331452
-113.08699358 30.93806021
-113.10500281 31.02720205
-113.11859372 31.04810517
-113.10794837 31.07730235
-113.07278256 31.06089509
-113.04293942 31.08701752
-113.0467118 31.17923412
-113.08363461 31.20719107
-113.18616065 31.23605235
-113.23142921 31.25597362
-113.48079383 31.29359406
-113.6234983 31.34589061
-113.63300676 31.46761445
-113.69995358 31.52332164
-113.75940731 31.55776398
-113.94774207 31.62936168
-113.9775077 31.59272309
-114.00269996 31.52513032
-114.08091224 31.5103767
-114.149306 31.50737946
-114.26407935 31.55445669
-114.54866147 31.73354137
-114.60881283 31.76227346
-114.69761878 31.77741466
-114.7413112 31.80648265
-114.93359921 31.90074046
-114.89504859 31.85061433
-114.83949643 31.79852448
-114.78988705 31.64711254
-114.84815223 31.53792023
-114.8818711 31.15639313
-114.84466407 31.08048046
-114.7610516 30.95875662
-114.7033807 30.76520254
-114.68544898 30.62118032
-114.63330746 30.50687206
-114.64976641 30.23815461
-114.62992266 30.15629914
-114.55049598 30.02225047
-114.40339901 29.89647004
-114.37259986 29.83022085
-114.17922665 29.73430939
-114.06192115 29.60951081
-113.82893795 29.43944367
-113.75545407 29.3674584
-113.54531186 29.10225495
-113.53849057 29.02337088
-113.49973324 28.92671011
-113.38183346 28.94665721
-113.3289168 28.87306997
-113.33501461 28.83906688
-113.32072608 28.81315115
-113.25886939 28.81883556
-113.20559099 28.7987851
-113.09365984 28.51174836
-113.03358599 28.47260346
-112.95663978 28.45588614
-112.87083106 28.42420848
-112.86522417 28.35062124
-112.86845395 28.29196849
-112.79569353 28.20711579
-112.80807003 28.0921874
-112.74933977 27.99488068
-112.75822812 27.90062287
-112.73404355 27.82595043
-112.55263343 27.65748526
-112.32921037 27.52343659
-112.28259823 27.34747834
-112.19144101 27.18666128
-112.09816505 27.14596609
-112.00395891 27.07909679
-112.01558611 27.00972118
-112.00907488 26.96708812
-111.88313941 26.8401708
-111.86264971 26.67852692
-111.75400001 26.57269359
-111.72340756 26.56442536
-111.69942969 26.58096182
-111.77852047 26.68726024
-111.81683855 26.75624828
-111.82179949 26.86510468
-111.79526364 26.87970327
-111.56967017 26.70762075
-111.54589901 26.57920482
-111.4701672 26.50665111
-111.46450863 26.40846589
-111.41851661 26.34996817
-111.40456397 26.26506379
-111.33211361 26.12543407
-111.33035662 25.93133739
-111.29162513 25.78979564
-111.14954078 25.5725996
-111.03440569 25.52696931
-111.01360592 25.42030915
-110.89394914 25.14425365
-110.75563717 24.9945987
-110.68677833 24.86768138
-110.67726986 24.78851309
-110.72902381 24.67151765
-110.73452735 24.58986888
-110.65933814 24.34146027
-110.54699358 24.21418122
-110.42147152 24.18338207
-110.39966407 24.16511445
-110.40963762 24.13098216
-110.36741798 24.10046723
-110.31995317 24.1394571
-110.29682797 24.19488007
-110.32088335 24.25919139
-110.32509498 24.30595856
-110.30375261 24.33944489
-110.26287655 24.34450918
-110.02278785 24.17459707
-109.98253191 24.10935558
-109.89318336 24.03300365
-109.81130205 23.93900422
-109.77598121 23.86490021
-109.71053301 23.80381867
-109.67655575 23.66155345
-109.50961504 23.59788809
-109.42086077 23.4801175
-109.41499549 23.40554841
-109.4580678 23.21475902
-109.49568824 23.15982697
-109.63046037 23.0786433
-109.72841305 22.98185334
-109.8230326 22.92216706
-109.92341407 22.8858902
-110.00627723 22.89405508
-110.0860398 23.00546947
-110.18060767 23.34152131
-110.24409217 23.41226634
-110.28876645 23.51768627
-110.36271542 23.60491608
-110.62996009 23.7373111
-110.76491309 23.8769925
-110.89555111 23.97026846
-111.03616269 24.1052473
-111.41931759 24.32900625
-111.57822262 24.44300446
-111.68289324 24.55581411
-111.75038266 24.55416047
-111.8024725 24.54253327
-111.82226457 24.57340994
-111.82518429 24.63180431
-111.84825782 24.67007071
-112.07253354 24.84003449
-112.11904232 24.93403392
-112.12849911 25.04312287
-112.07795956 25.32398428
-112.0557387 25.48821198
-112.0698722 25.57283214
-112.0933333 25.58438182
-112.11459815 25.63037385
-112.11976579 25.76550772
-112.17381934 25.91257884
-112.37726946 26.21392996
-112.52607174 26.27348705
-112.65841509 26.31674022
-113.02074439 26.58326142
-113.11926551 26.7165091
-113.1431917 26.7921634
-113.15582659 26.94623668
-113.20574602 26.85696564
-113.27225359 26.79097484
-113.42586178 26.79578075
-113.59853858 26.72131501
-113.70124549 26.79133657
-113.75661679 26.87084077
-113.84097856 26.96651968
-113.93593401 26.98527823
-113.99647295 26.98770702
-114.11003191 27.10594269
-114.20183509 27.14351146
-114.33337745 27.15803254
-114.44525692 27.21815807
-114.47969927 27.28360627
-114.49827694 27.37621044
-114.53987647 27.43109081
-114.71560218 27.53955964
-114.85872006 27.65919058
-114.99349219 27.73603343
-115.03317969 27.79887198
-115.03648699 27.84186677
-114.82355425 27.82992951
-114.57002967 27.78393749
-114.4484867 27.79685659
-114.37270321 27.84119497
-114.30056291 27.87300182
-114.28903907 27.83855948
-114.30226824 27.77572093
-114.23268592 27.71810171
-114.13721371 27.67143789
-114.06933672 27.67567536
-114.1350433 27.72662832
-114.17537676 27.83054963
-114.15734168 27.86796337
-114.15840105 27.91966564
-114.25265886 27.9080126
-114.26588803 27.93447093
-114.18527279 28.01327749
-114.0927203 28.22135265
-114.04848528 28.42614635
-114.14548194 28.60543773
-114.30924455 28.72992626
-114.66400326 29.094581
-114.87592831 29.28188223
-114.93731991 29.35159374
-114.99351803 29.38440827
-115.16634986 29.42722219
-115.31117306 29.53194448
-115.56529192 29.68004914
-115.67381243 29.75637523
-115.74869158 29.93574413
-115.80832618 29.96018708
-115.7895418 30.08418468
-115.81563839 30.30362865
-115.85819394 30.35982677
-115.99580828 30.4144746
-116.02857113 30.5635611
-116.03534075 30.70546459
-116.06216081 30.80416657
-116.29628089 30.97048717
-116.30961341 31.05097321
-116.30966509 31.12732514
-116.33346208 31.20279857
-116.45851905 31.36100597
-116.60954342 31.49905956
-116.66215003 31.56489533
-116.66848039 31.6986081
-116.72204302 31.73454906
-116.70170834 31.74364411
-116.65209897 31.74033682
-116.62388363 31.75798432
-116.62080889 31.85107941
-116.84797848 31.99737539
-116.91365923 32.19855174
-117.03476295 32.30503103
-117.06313331 32.34360749
-117.12827145 32.53336335
-116.84211321 32.55478323
-116.55595496 32.57620311
-116.26982256 32.59762299
-115.98366431 32.61904287
-115.69750607 32.64046275
-115.41137366 32.66188264
-115.12521542 32.68330252
-114.83905718 32.7047224
-114.72477475 32.71534191
-114.78800086 32.56480846
-114.83595659 32.50832612
-114.36172197 32.36029898
-113.88746151 32.21229768
-113.41320106 32.06429637
-112.93896644 31.91626923
NaN  NaN
-83.15752845 14.99306448
-83.18533037 14.95640005
-83.21589698 14.93237051
-83.2798724 14.81279125
-83.30198992 14.80212006
-83.30633074 14.8905126
-83.34436459 14.90208812
-83.38901303 14.87066885
-83.41371436 14.82534862
-83.37485369 14.76612743
-83.34069556 14.7653006
-83.29919939 14.74902253
-83.18773332 14.34010692
-83.21171119 14.2671398
-83.28082842 14.15360668
-83.34658668 14.05697175
-83.4123191 13.99651032
-83.49376116 13.73879995
-83.56732256 13.3203242
-83.51445757 12.94396475
-83.54122596 12.59628571
-83.51794573 12.51412018
-83.51091773 12.41182669
-83.5652555 12.39340404
-83.59589962 12.39650462
-83.62721554 12.45934317
-83.62367571 12.5145336
-83.59122291 12.57936168
-83.57807126 12.66715994
-83.59336748 12.71307445
-83.62535519 12.61289969
-83.68165666 12.56812206
-83.71837277 12.55261913
-83.75423621 12.50195038
-83.7162282 12.40673656
-83.66731645 12.33705089
-83.65124508 12.28707978
-83.66922848 12.22752269
-83.68041643 12.02433096
-83.6977022 12.02996369
-83.7155564 12.05740388
-83.76718116 12.05926423
-83.77333065 11.97738292
-83.76935157 11.93162344
-83.81319902 11.89640595
-83.82888282 11.86103343
-83.7929677 11.83617707
-83.75335771 11.82126842
-83.704601 11.82454987
-83.66431922 11.72388418
-83.65173601 11.64202871
-83.74496029 11.56647777
-83.77661211 11.50394929
-83.82937375 11.4281658
-83.85906186 11.35364838
-83.86789853 11.30003408
-83.83185421 11.13053539
-83.76793047 11.01023265
-83.71405779 10.93385489
-83.64196916 10.91721507
-83.65894487 10.83685822
-83.71294674 10.78587942
-83.81118364 10.74324636
-83.91929074 10.73536571
-84.096205 10.77569916
-84.1683453 10.78035004
-84.19658647 10.80171825
-84.20495806 10.84132823
-84.25554928 10.90073029
-84.34828264 10.97989859
-84.40184526 10.97447256
-84.48917843 10.99162914
-84.6341825 11.04563101
-84.70115516 11.05219392
-84.79735084 11.00589183
-84.9091528 10.94530122
-85.17895545 11.0399466
-85.36834958 11.10645417
-85.53872677 11.16629548
-85.58420203 11.18944652
-85.62140906 11.18448558
-85.65365516 11.15306631
-85.69055213 11.09746247
-85.70264442 11.08152029
-85.72228146 11.0662499
-85.74432146 11.06211579
-85.74519996 11.08857412
-85.82850237 11.19874828
-85.96115577 11.33135
-86.46890255 11.73830191
-86.65553199 11.98154287
-86.7556034 12.15662263
-86.85097226 12.24772818
-87.12521908 12.43412507
-87.1884452 12.50835826
-87.46013404 12.75756786
-87.6675374 12.90357962
-87.6701729 12.96566885
-87.58503598 13.04331269
-87.54330726 13.03969534
-87.49796119 12.98416901
-87.42437395 12.92112377
-87.38964739 12.92065868
-87.33859107 12.94993338
-87.33727332 12.97925975
-87.0591766 12.99145539
-87.00930884 13.00783682
-86.95889849 13.05372549
-86.93316362 13.11754588
-86.92879696 13.17940257
-86.91822913 13.22358592
-86.87355486 13.26647736
-86.79213864 13.27978404
-86.7293001 13.28435741
-86.71069658 13.31337372
-86.72958432 13.40724396
-86.76350989 13.63524038
-86.77058957 13.69875072
-86.75896237 13.74613801
-86.73364092 13.76344961
-86.6102376 13.7748701
-86.37694434 13.75564647
-86.3317533 13.7700642
-86.23821896 13.89946198
-86.15122169 13.99459829
-86.08923581 14.03723135
-86.04037574 14.05015046
-85.98376421 13.96568533
-85.78669613 13.84445242
-85.75344235 13.85204886
-85.7339345 13.85868928
-85.72770749 13.87605256
-85.73122148 13.9318631
-85.68192217 13.98255768
-85.57980954 14.02823965
-85.47707679 14.10869986
-85.3737756 14.22388662
-85.28419451 14.29163443
-85.2083335 14.31183991
-85.17947222 14.34331086
-85.19755897 14.38599559
-85.19151282 14.44661205
-85.16133379 14.52516022
-85.11730547 14.57058381
-85.05940203 14.58296031
-85.03650937 14.60766165
-85.04865333 14.64473949
-85.03733619 14.68556387
-84.98514299 14.75243317
-84.86044776 14.80974234
-84.78918596 14.79036367
-84.72980974 14.71336579
-84.64596473 14.66106924
-84.53765093 14.63342235
-84.45354753 14.64368012
-84.39365455 14.69176504
-84.33978187 14.7063378
-84.29192949 14.68737254
-84.26665972 14.69812124
-84.26397254 14.73853221
-84.23921953 14.74783397
-84.19240068 14.72602652
-84.15080115 14.72041962
-84.11442095 14.73101329
-84.10031328 14.7506245
-84.09294939 14.7709075
-84.06579342 14.78607453
-83.97225908 14.77108837
-83.86730425 14.79449779
-83.75092892 14.85625113
-83.67364682 14.88356212
-83.63548377 14.87643077
-83.58975013 14.90756582
-83.5365234 14.97701895
-83.41503211 15.00805065
-83.15752845 14.99306448
NaN  NaN
-81.60328223 7.33283438
-81.65811093 7.3275117
-81.7701196 7.37035147
-81.85205258 7.45334382
-81.85861549 7.48018972
-81.85691016 7.50765575
-81.81215837 7.5924051
-81.75229123 7.62162812
-81.72875261 7.62118887
-81.67144345 7.52341706
-81.71043332 7.48553823
-81.69472368 7.42502513
-81.61343665 7.38016999
-81.60328223 7.33283438
NaN  NaN
-79.06545264 8.25422517
-79.11033362 8.20983511
-79.12754188 8.25184805
-79.09630347 8.29543712
-79.08529639 8.29582469
-79.06545264 8.25422517
NaN  NaN
-78.8983569 8.27427562
-78.9180973 8.23195262
-78.96494198 8.32628795
-78.9574489 8.35060171
-78.96060116 8.43584199
-78.91603024 8.45826956
-78.88326738 8.4602591
-78.85616309 8.44824433
-78.83916155 8.3478887
-78.85324337 8.30246511
-78.8983569 8.27427562
NaN  NaN
-82.23350216 9.38071971
-82.24445757 9.33410757
-82.32171383 9.41813345
-82.27577349 9.43190522
-82.25941789 9.43027741
-82.23350216 9.38071971
NaN  NaN
-79.35546078 9.56923534
-79.21164527 9.53192495
-79.11227149 9.53678254
-79.01672177 9.51042756
-78.97499305 9.45296337
-78.93166236 9.42846874
-78.69692217 9.43477326
-78.50434994 9.40629955
-78.08277361 9.23628408
-77.83079932 9.06812897
-77.69721575 8.88943187
-77.37423804 8.65828319
-77.3930741 8.64469229
-77.44831621 8.56585989
-77.47849525 8.49842215
-77.40728512 8.42723786
-77.38589108 8.35168692
-77.34553179 8.26952139
-77.28264157 8.1870458
-77.21230994 8.03387686
-77.19600603 7.97248526
-77.21597897 7.93253937
-77.28295163 7.9081481
-77.34563514 7.8365504
-77.36274004 7.74908804
-77.35080278 7.70583487
-77.53828488 7.56625682
-77.5865765 7.54307994
-77.61859005 7.56457734
-77.65858761 7.6345989
-77.70633664 7.69121044
-77.73201982 7.71092499
-77.74690264 7.71188101
-77.76191464 7.69880687
-77.76876177 7.66805939
-77.7439054 7.53695629
-77.76470517 7.48370372
-77.82834469 7.44280183
-77.90115679 7.22935232
-77.92978553 7.25635326
-78.17013262 7.54377757
-78.37820777 7.89987987
-78.4215643 8.06100698
-78.3676141 8.07054129
-78.31544674 8.06694977
-78.2873606 8.09180614
-78.25485613 8.13862499
-78.28121111 8.24753307
-78.18002865 8.33029287
-78.14189145 8.38610342
-78.11388282 8.37956635
-78.04773699 8.2847401
-77.9516705 8.23029898
-77.83364153 8.15118236
-77.76057105 8.13325064
-77.85291684 8.21619131
-78.01249366 8.32538361
-78.05719377 8.39713634
-78.09946509 8.49694937
-78.16183855 8.45369619
-78.19077735 8.41731599
-78.22302344 8.39664541
-78.25113542 8.4214501
-78.25609636 8.45369619
-78.35014747 8.46000072
-78.37433204 8.48927542
-78.39921424 8.50568268
-78.38787126 8.44341258
-78.3693711 8.40491364
-78.37929298 8.35861156
-78.40988542 8.35530427
-78.43600786 8.40331167
-78.46941667 8.4466682
-78.51403927 8.62815583
-78.6208803 8.71370616
-78.66984372 8.74220572
-78.71020301 8.75295441
-78.76968258 8.8110904
-78.8482566 8.84219961
-78.95520098 8.93253002
-79.0863816 8.99717723
-79.24668189 9.02006989
-79.44150204 9.0060139
-79.50707943 8.97004711
-79.55167619 8.92444265
-79.57237261 8.90328115
-79.68743018 8.85095877
-79.73104509 8.77533031
-79.75853695 8.71156159
-79.81589779 8.63918875
-79.75042375 8.59549632
-80.12577552 8.34967154
-80.20011207 8.31396312
-80.36868059 8.2887967
-80.4075671 8.26244172
-80.45901099 8.21389171
-80.46585812 8.13996857
-80.45813249 8.07702668
-80.4091174 8.02855419
-80.36558 7.99801341
-80.26093523 7.85166576
-80.07518429 7.66702587
-80.04004432 7.59982066
-80.01123471 7.50003347
-80.06730364 7.45324046
-80.11058265 7.43344839
-80.28729021 7.42564525
-80.34824256 7.38569937
-80.3729439 7.3246695
-80.43888302 7.27495677
-80.66669857 7.22570913
-80.84555071 7.2200764
-80.90120622 7.27712718
-80.9146421 7.43747915
-81.03509986 7.71115754
-81.06388363 7.89977652
-81.09395932 7.87631542
-81.15780555 7.85437877
-81.1794063 7.80753408
-81.19545183 7.66842113
-81.21901628 7.62095633
-81.26839311 7.62550385
-81.36960141 7.67531993
-81.50416684 7.72118277
-81.67570675 8.01589346
-81.69428443 8.07136811
-81.72764157 8.13756562
-81.86026913 8.16544505
-81.97331133 8.21510611
-82.09671465 8.22275422
-82.15983741 8.19479727
-82.2243296 8.23035065
-82.23546587 8.3110434
-82.36486365 8.2748699
-82.53095171 8.28740143
-82.67954729 8.32197297
-82.78114315 8.30352448
-82.86612505 8.24631867
-82.85434282 8.09953177
-82.87935421 8.07067048
-82.88330746 8.1305893
-82.91289222 8.19962901
-82.94841977 8.25686066
-83.02337643 8.31603018
-83.02732968 8.33773428
-82.99753821 8.36775829
-82.86160336 8.45348949
-82.84478268 8.48937877
-82.84261227 8.56394786
-82.85571225 8.63528718
-82.91702633 8.74031953
-82.88196387 8.80532848
-82.81191647 8.85744416
-82.74000871 8.89860444
-82.72781308 8.91604523
-82.7411456 8.95170197
-82.78305518 8.99030427
-82.88134376 9.05588166
-82.94035824 9.06009329
-82.94281287 9.24889313
-82.93986732 9.44919099
-82.92503618 9.46903474
-82.88894019 9.48099783
-82.86013058 9.51146109
-82.84400753 9.57078563
-82.80103858 9.59181794
-82.72339474 9.5460843
-82.64407142 9.50588003
-82.61128272 9.51921255
-82.58650387 9.53879792
-82.56924394 9.55817658
-82.56358537 9.57667674
-82.50033342 9.52326915
-82.37078061 9.42857209
-82.36318417 9.38193411
-82.37537981 9.33725983
-82.33972307 9.2091798
-82.27246619 9.19060212
-82.20487342 9.21540681
-82.18815609 9.191739
-82.20068763 9.16809703
-82.23546587 9.14166454
-82.24417335 9.03149038
-82.1333274 8.98007233
-82.07787859 8.93485545
-81.89414303 8.95609447
-81.82642107 8.94410554
-81.78022234 8.95723135
-81.83148536 9.04559805
-81.90016334 9.11104625
-81.89447893 9.14045014
-81.84238909 9.1187202
-81.80259823 9.07412344
-81.71221615 9.01893301
-81.5455855 8.82700674
-81.35477027 8.78054963
-81.2037459 8.78669912
-81.06308265 8.81264069
-80.83867774 8.88720978
-80.67646542 9.02187857
-80.54688677 9.08192658
-80.12709327 9.2099291
-79.97798092 9.34371939
-79.91509071 9.36131521
-79.85506853 9.37808421
-79.72308692 9.47931835
-79.65223853 9.55822826
-79.57730771 9.59786408
-79.35546078 9.56923534
NaN  NaN
