# Amazon Basin from http://www.whymap.org/
-78.0089399 -1.664202718
-77.93025576 -1.487499704
-77.73695887 -1.260309739
-77.67821573 -1.108849938
-77.5148877 -0.957390137
-77.35170839 -0.797515755
-77.23624959 -0.612398162
-77.13068476 -0.444109201
-77.13013389 -0.267406187
-77.09174707 -0.082288594
-77.0726823 0.060757155
-77.16824596 0.27111796
-77.17820171 0.414163182
-77.10286085 0.607695355
-77.08494387 0.792812948
-77.00050028 0.961101909
-76.86810297 1.070489338
-76.65925333 1.146219503
-76.49862937 1.272436092
-76.3754486 1.331337096
-76.13757321 1.356580309
-75.98554434 1.390238101
-75.77625915 1.415481313
-75.63315269 1.398652681
-75.32722214 1.306093884
-74.99288162 1.221949667
-74.66742859 1.062075286
-74.36199885 0.994759702
-74.05622939 0.876957693
-73.56016978 0.775984316
-73.2457009 0.759155156
-72.65414575 0.590866723
-72.47291716 0.540379771
-72.14862974 0.439406921
-71.74839897 0.397334549
-71.33861144 0.338433545
-70.98593727 0.245874748
-70.50948837 0.144901371
-70.30942864 0.128072739
-70.01408082 -0.065459434
-70.01440441 -0.2926494
-70.0056838 -0.536667998
-69.8545443 -0.780686596
-69.56032215 -0.940560977
-69.24620924 -0.974218769
-69.00818176 -0.991047929
-68.721535 -0.873245392
-68.46363117 -0.763857963
-68.28212003 -0.671299166
-68.04348501 -0.57032579
-67.80519279 -0.536667998
-67.59569272 -0.553497157
-67.4059954 -0.721785591
-67.32112918 -0.86483134
-67.23709141 -1.092020778
-67.23893199 -1.293967531
-67.20269034 -1.470670545
-67.13789293 -1.630544926
-66.96661299 -1.647374086
-66.80433618 -1.622130346
-66.59259518 -1.437012752
-66.39105706 -1.293967531
-66.27541988 -1.150921782
-66.15041522 -1.007876561
-65.99704425 -0.873245392
-65.89158583 -0.763857963
-65.64381256 -0.747028803
-65.26212939 -0.620812214
-65.05233549 -0.57032579
-64.63283738 -0.477766993
-64.39442117 -0.393622776
-64.18459958 -0.2926494
-64.03208857 -0.242162975
-63.73678824 -0.242162975
-63.5177409 -0.267406187
-63.34665032 -0.418865989
-63.1851806 -0.553497157
-62.98538109 -0.612398162
-62.77678844 -0.805930335
-62.53914235 -0.890074552
-62.23598306 -1.12567857
-61.90383642 -1.277138371
-61.6093672 -1.369697168
-61.44815621 -1.445427332
-61.31685908 -1.638959506
-61.25250657 -1.832491679
-61.0916321 -1.916635896
-60.84528352 -2.017609272
-60.61684714 -2.034437905
-60.24537154 -2.042852485
-59.95000217 -2.042852485
-59.58724745 -1.99236606
-59.24357303 -1.941879108
-58.98525082 -1.857734891
-58.75449954 -1.68103135
-58.59117598 -1.554815289
-58.33310075 -1.470670545
-58.00870338 -1.42018412
-57.779006 -1.302382111
-57.59730467 -1.218237367
-57.27281909 -1.14250773
-57.04375825 -1.083606725
-56.68152373 -1.049948933
-56.40520197 -1.041534353
-56.24331024 -1.049948933
-56.0147334 -1.058362986
-55.77722191 -1.150921782
-55.5391828 -1.167750942
-55.35881923 -1.251895159
-55.18795251 -1.327625323
-54.97843445 -1.336039903
-54.66412199 -1.344453956
-54.4640597 -1.344453956
-54.13055419 -1.336039903
-53.91991936 -1.201408734
-53.61376676 -1.007876561
-53.30785648 -0.814344388
-52.93559834 -0.646055954
-52.65890351 -0.519839365
-52.33478293 -0.435694621
-51.91544888 -0.351550404
-51.74385795 -0.28423482
-51.50558366 -0.191676023
-51.42931503 -0.124360439
-51.24828686 -0.048630802
-51.18452281 -0.049350876
-51.11781898 -0.054806558
-51.10226432 -0.061899156
-51.1030612 -0.062497371
-51.13861737 -0.082497495
-51.1563953 -0.090552301
-51.17249664 -0.097497719
-51.18000185 -0.098885642
-51.19556005 -0.096663699
-51.20305538 -0.097497719
-51.21833945 -0.108330482
-51.22509251 -0.116420633
-51.24834124 -0.13249754
-51.25861476 -0.142774289
-51.29749986 -0.191385356
-51.31475451 -0.218154176
-51.31916472 -0.224997253
-51.34971688 -0.276385221
-51.3575045 -0.296108393
-51.36194258 -0.318885417
-51.36500643 -0.329719235
-51.36889828 -0.339441554
-51.38139175 -0.368052497
-51.4011174 -0.403052318
-51.45000395 -0.484719269
-51.45611271 -0.492219645
-51.4663901 -0.502497449
-51.47389418 -0.50860832
-51.49916575 -0.524441509
-51.5150083 -0.536108292
-51.60195011 -0.631385434
-51.60806544 -0.638885282
-51.70000379 -0.752497674
-51.71250476 -0.781385569
-51.71500584 -0.792219386
-51.72111164 -0.869719403
-51.72306357 -0.907497707
-51.72111522 -0.9463854
-51.71972736 -0.958886203
-51.71444866 -0.980830262
-51.70944794 -1.016941582
-51.71250443 -1.026663373
-51.71777963 -1.034719235
-51.83306165 -1.13749728
-51.84111398 -1.143052665
-51.87666503 -1.149163536
-51.90139382 -1.150552514
-51.91389478 -1.158886382
-51.92000646 -1.166385175
-51.93083286 -1.182774378
-51.93500648 -1.192497224
-51.93583613 -1.204163479
-51.92250385 -1.245830711
-51.91638368 -1.29444125
-51.91722687 -1.307497538
-51.92333734 -1.328608633
-51.92833564 -1.337774411
-51.93500486 -1.344441295
-52.00555878 -1.404163659
-52.01500739 -1.408886606
-52.04138366 -1.417219419
-52.05000302 -1.419163356
-52.06750342 -1.419997376
-52.08361849 -1.419163356
-52.09139265 -1.418608397
-52.1077781 -1.415830441
-52.13166536 -1.405552637
-52.16444794 -1.374719223
-52.17750469 -1.360274484
-52.193337 -1.348608229
-52.21472753 -1.342497359
-52.2213852 -1.342497359
-52.23250745 -1.34527426
-52.24195063 -1.349441722
-52.43806035 -1.44110847
-52.44555374 -1.447219341
-52.45389827 -1.458330638
-52.46278001 -1.476663249
-52.46889361 -1.484163625
-52.4763959 -1.490552502
-52.56361113 -1.526663821
-52.57361926 -1.530274215
-52.58055487 -1.530274215
-52.60444532 -1.526663821
-52.61667057 -1.528052272
-52.63750458 -1.53499769
-52.70723005 -1.561108684
-52.71223023 -1.56999751
-52.71277936 -1.603330346
-52.70111736 -1.602774333
-52.52222431 -1.573330424
-52.29333686 -1.53499769
-52.28527644 -1.533608712
-52.27694492 -1.536941626
-52.26917003 -1.543330503
-52.26194922 -1.549997387
-52.24000618 -1.573886438
-52.23445297 -1.581385759
-52.2297298 -1.59805244
-52.22750358 -1.616386106
-52.21456622 -1.678402684
-52.17478299 -1.664564601
-52.13586717 -1.650726518
-52.09175386 -1.630834538
-52.02111833 -1.617774557
-52.00973036 -1.615830621
-51.95139396 -1.59194157
-51.94194461 -1.587774636
-51.87749912 -1.556108257
-51.87000642 -1.549997387
-51.84945025 -1.52944125
-51.81945025 -1.504719234
-51.67000142 -1.404719672
-51.65666619 -1.399997252
-51.63555887 -1.393885327
-51.61223089 -1.389719447
-51.59972 -1.388330469
-51.56750429 -1.379441643
-51.48888933 -1.347774209
-51.45389563 -1.329441598
-51.44500522 -1.324719706
-51.25722311 -1.218330211
-51.24972498 -1.212219341
-51.24305559 -1.205274451
-51.23722565 -1.197219644
-51.21638944 -1.149997555
-51.21139515 -1.141108729
-51.20472395 -1.134163311
-51.17778179 -1.115552166
-51.16056205 -1.105552368
-51.11472483 -1.08221933
-51.06555841 -1.063052699
-51.055836 -1.058885237
-51.03889585 -1.048608488
-51.0316684 -1.041663597
-50.99278344 -0.998608443
-50.99278282 -0.987497673
-51.00361679 -0.971108471
-51.00778334 -0.961663631
-51.00917196 -0.949163356
-51.00583514 -0.938885552
-51.00028116 -0.930552211
-50.99222423 -0.925274305
-50.98306169 -0.920274406
-50.92278412 -0.910830621
-50.85833334 -0.913608578
-50.84750354 -0.916385479
-50.83778218 -0.920274406
-50.82916991 -0.925274305
-50.82222673 -0.930552211
-50.81667148 -0.938885552
-50.80222048 -1.173885551
-50.80361222 -1.203330515
-50.8055586 -1.21971919
-50.81166594 -1.243052755
-50.81889358 -1.258885417
-50.82500575 -1.275274619
-50.82694728 -1.282774468
-50.83583872 -1.333608532
-50.83583799 -1.340552367
-50.83444708 -1.352774636
-50.81667053 -1.439719492
-50.81250024 -1.449441811
-50.76250341 -1.548052395
-50.7405606 -1.567219554
-50.70444473 -1.599441418
-50.69056309 -1.613052665
-50.6850035 -1.621385478
-50.68055688 -1.630274304
-50.67694928 -1.640552637
-50.659169 -1.732219385
-50.65916827 -1.744441654
-50.66111243 -1.756941401
-50.66389289 -1.767774164
-50.67056172 -1.775552547
-50.77833404 -1.886108448
-50.7858379 -1.892219318
-50.79695113 -1.895830239
-50.81472436 -1.898330188
-50.86556017 -1.866941289
-50.87499887 -1.862774355
-50.98694737 -1.831385455
-51.06195077 -1.812219352
-51.0675055 -1.810830374
-51.08056259 -1.811385332
-51.12444991 -1.821108178
-51.12861557 -1.821108178
-51.1333401 -1.818885708
-51.26222362 -1.755274417
-51.26555717 -1.751941502
-51.28417212 -1.721663574
-51.28334041 -1.715552704
-51.27916789 -1.706108392
-51.2766698 -1.694997622
-51.27667004 -1.688052732
-51.27861027 -1.68333084
-51.28139465 -1.679163378
-51.28500318 -1.675830464
-51.30389669 -1.660830767
-51.33278032 -1.644441564
-51.33694653 -1.646941514
-51.3438942 -1.653885349
-51.41917478 -1.78138541
-51.4827813 -1.893608296
-51.49667199 -1.934719514
-51.5069521 -1.972497818
-51.51778198 -2.024441272
-51.52194891 -2.046386387
-51.48027881 -2.233330278
-51.47888854 -2.238886718
-51.47333414 -2.246941524
-51.45195123 -2.273608531
-51.44250542 -2.284719301
-51.39861167 -2.323052563
-51.38611835 -2.331385376
-51.38139145 -2.333330368
-51.37861839 -2.332497403
-51.37861947 -2.327219497
-51.38555925 -2.313330244
-51.38833715 -2.309441317
-51.40944813 -2.289441193
-51.42528544 -2.277775465
-51.4363942 -2.268330626
-51.45000654 -2.253052395
-51.45472904 -2.244441575
-51.4575047 -2.233330278
-51.48083704 -2.075830295
-51.48083469 -2.06888646
-51.47389479 -2.041663439
-51.47194815 -2.03666354
-51.3744482 -1.868330794
-51.31555823 -1.768885663
-51.31222915 -1.765552749
-51.30750178 -1.763608285
-51.29444679 -1.764163243
-51.28945229 -1.766385713
-51.18833977 -1.82444162
-51.16027691 -1.842774231
-51.15333798 -1.871663709
-51.08999985 -1.927219666
-51.01083537 -2.004719155
-50.99694827 -2.018330401
-50.99139604 -2.026386791
-50.99083739 -2.032774613
-50.99500138 -2.110830643
-51.00583453 -2.154719817
-51.00917291 -2.164719615
-51.01750153 -2.17721989
-51.02528116 -2.18333076
-51.04917471 -2.193608565
-51.05056148 -2.223608486
-51.02916789 -2.34499715
-51.01500777 -2.385275404
-50.99778023 -2.41610829
-50.99444506 -2.419441204
-50.96416943 -2.444164275
-50.9244451 -2.466108335
-50.88055877 -2.474163141
-50.87500006 -2.475552647
-50.87167404 -2.479163568
-50.86056066 -2.502497133
-50.85250152 -2.507775566
-50.8461141 -2.508608531
-50.84000362 -2.507775566
-50.83666638 -2.505830575
-50.86139083 -2.468886818
-50.86556232 -2.466108335
-50.87499694 -2.461941401
-50.88056054 -2.460553478
-50.89972466 -2.459164499
-50.91333978 -2.452497616
-50.91750311 -2.44971966
-50.98111858 -2.396941659
-50.99139529 -2.386663854
-50.99444117 -2.382497448
-51.0011136 -2.368886729
-51.00583314 -2.346386128
-51.00666743 -2.333330368
-51.00667162 -2.305830396
-50.99972736 -2.2005524
-50.98472617 -2.072219901
-50.98389189 -2.066108503
-50.93749989 -1.9969413
-50.93417545 -1.993608386
-50.93055481 -1.990275471
-50.92444762 -1.989441452
-50.84000435 -2.039441496
-50.78861392 -2.108608172
-50.78528005 -2.118886504
-50.78583683 -2.13194121
-50.7922278 -2.159997723
-50.79695525 -2.168886549
-50.79083811 -2.18333076
-50.7227815 -2.223886493
-50.7138908 -2.224719458
-50.70639063 -2.220552524
-50.69944672 -2.208886796
-50.70084023 -2.2005524
-50.73027675 -2.171941457
-50.76389049 -2.123608397
-50.80167129 -2.043608431
-50.80583947 -2.034163591
-50.82305923 -1.988052473
-50.82361426 -1.962774444
-50.82222949 -1.957219587
-50.80583768 -1.939441407
-50.67795345 -1.810440531
-50.57417225 -1.816386813
-50.45472797 -1.854719548
-50.44667078 -1.860274405
-50.4308354 -1.884997476
-50.42195362 -1.901386679
-50.43167248 -1.90416358
-50.45889134 -1.913608419
-50.46778121 -1.920552782
-50.47138701 -1.928052631
-50.47000248 -1.935552479
-50.46166867 -1.943885292
-50.45222419 -1.949441205
-50.44194954 -1.95083071
-50.41638504 -1.952219688
-50.37888891 -1.949441205
-50.3622289 -1.946663776
-50.35388524 -1.943052328
-50.34667351 -1.9391634
-50.32138754 -1.914997397
-50.303337 -1.90416358
-50.26500541 -1.883052485
-50.01000269 -1.821941143
-49.99916823 -1.819997207
-49.99222328 -1.819997207
-49.95333821 -1.834163411
-49.87528056 -1.878052586
-49.87028503 -1.886941412
-49.84166707 -1.902774602
-49.64473145 -1.876663608
-49.63611237 -1.87527463
-49.6277843 -1.873330693
-49.5700055 -1.849163636
-49.53110943 -1.816386813
-49.520278 -1.799441598
-49.51194893 -1.790552244
-49.4969487 -1.778052496
-49.47416789 -1.762497313
-49.45083562 -1.749997566
-49.43305797 -1.742497718
-49.33028392 -1.713052227
-49.28972264 -1.708330334
-49.28166915 -1.712497269
-49.27694787 -1.720552603
-49.27528364 -1.729441429
-49.27694436 -1.766385713
-49.2816715 -1.781663417
-49.28972385 -1.79805262
-49.30028466 -1.814441295
-49.36666939 -1.921941233
-49.39889559 -2.020552872
-49.42278421 -2.115830542
-49.42360661 -2.127497324
-49.44833488 -2.184997745
-49.45694673 -2.196663473
-49.47277931 -2.208052776
-49.47972463 -2.214997667
-49.50583618 -2.257497863
-49.50639532 -2.314441216
-49.49611865 -2.340275258
-49.48583426 -2.35666446
-49.47472027 -2.385552883
-49.46945036 -2.406108492
-49.46945193 -2.429997543
-49.47472029 -2.480830553
-49.49000337 -2.564997453
-49.45166498 -2.518330322
-49.43500388 -2.493608307
-49.43250044 -2.482775544
-49.43583331 -2.458886493
-49.43639181 -2.445830732
-49.43444504 -2.40666345
-49.43305913 -2.394441182
-49.43055702 -2.383608419
-49.41806287 -2.354719469
-49.41333789 -2.345830642
-49.36861216 -2.267219654
-49.33445332 -2.204719334
-49.31138981 -2.145830463
-49.30083439 -2.101385803
-49.2647251 -2.003330177
-49.25973107 -1.99444135
-49.19055992 -1.898052709
-49.17750573 -1.883608498
-49.16944504 -1.878052586
-49.09389439 -1.854719548
-49.08083312 -1.855552513
-49.05694211 -1.858886482
-49.04333462 -1.858886482
-49.00834153 -1.854163535
-48.99667797 -1.852219599
-48.97695162 -1.844441743
-48.96777983 -1.839719851
-48.96028021 -1.833608453
-48.9144508 -1.75333048
-48.81778063 -1.644441564
-48.77389349 -1.571941446
-48.73500856 -1.50341677
-48.73115775 -1.613716293
-48.75162936 -1.765176095
-48.97240274 -1.925050476
-49.16455369 -2.068095697
-49.3105791 -2.320528875
-49.39088826 -2.615034425
-49.57477263 -2.800152018
-49.57736735 -2.960026399
-49.53334564 -3.170387205
-49.53642986 -3.338675638
-49.68020484 -3.380748011
-49.79491147 -3.39757717
-50.0156276 -3.473306807
-50.29206452 -3.473306807
-50.48271097 -3.473306807
-50.67235396 -3.422820383
-50.85101283 -3.296603794
-50.97365193 -3.229288209
-51.17318264 -3.195630417
-51.40193431 -3.195630417
-51.67929744 -3.246116842
-51.86071862 -3.262946002
-52.21520387 -3.355504798
-52.41742248 -3.456478175
-52.65695772 -3.515379179
-52.79148565 -3.565865604
-52.9073347 -3.633181188
-53.0320038 -3.666838981
-53.18547122 -3.708911353
-53.3696871 -3.843541994
-53.54450136 -3.978173163
-53.70886011 -4.07073196
-53.92053255 -4.146462124
-54.15198482 -4.247434973
-54.30499557 -4.264264133
-54.49570837 -4.264264133
-54.59039814 -4.239020921
-54.73188745 -4.180119389
-54.8846713 -4.188533969
-55.00862966 -4.188533969
-55.17161791 -4.222191761
-55.28807181 -4.297921925
-55.38572984 -4.382066142
-55.5313614 -4.474624939
-55.62720481 -4.491453571
-55.84872813 -4.567183735
-56.0111033 -4.575598315
-56.19329668 -4.609256107
-56.35567978 -4.61767016
-56.5858316 -4.659742532
-56.72165247 -4.735472696
-56.87555427 -4.777544541
-57.01993606 -4.819616913
-57.15720996 -4.937418922
-57.30138189 -4.971076714
-57.38165603 -5.114122463
-57.48908566 -5.20668126
-57.63104971 -5.164608888
-57.77188701 -5.080464671
-57.92588034 -5.130951095
-58.080811 -5.215095312
-58.15945761 -5.299240057
-58.2572214 -5.383384273
-58.42229292 -5.48435765
-58.53189313 -5.644232031
-58.69610334 -5.711547088
-58.87917623 -5.77044862
-59.03237031 -5.787277252
-59.20414359 -5.787277252
-59.33470009 -5.686303876
-59.44645049 -5.593745079
-59.59083391 -5.635817451
-59.74706611 -5.75361946
-59.88350624 -5.846178257
-60.00249497 -5.989224006
-60.02532883 -6.107026015
-60.14994943 -6.123854647
-60.36974836 -6.132269227
-60.52273591 -6.140683807
-60.63809498 -6.165927019
-60.69840437 -6.258485816
-60.75033908 -6.384702405
-60.90707347 -6.502504414
-61.0444998 -6.61189237
-61.14320977 -6.704451167
-61.2416674 -6.788595384
-61.31273209 -6.906397393
-61.43931411 -6.973712977
-61.46274382 -7.091514986
-61.57314096 -7.234560735
-61.66454109 -7.377605956
-61.66909058 -7.495407965
-61.73201472 -7.638453714
-61.80357821 -7.756255723
-61.84484331 -7.83198536
-61.91617728 -7.941373316
-61.95716565 -8.008688901
-61.96240907 -8.13490549
-61.96665364 -8.235878866
-61.97238197 -8.370509508
-61.97928676 -8.530383889
-61.99660738 -8.707086902
-62.04890797 -8.808060279
-62.19497104 -8.866961283
-62.26571768 -8.951106028
-62.41494323 -9.077322616
-62.57789856 -9.085736669
-62.69987271 -9.035250244
-62.83787765 -8.917448235
-62.95871173 -8.841718071
-63.06311531 -8.824889439
-63.14495604 -8.732330642
-63.27235894 -8.589284893
-63.36682322 -8.564041681
-63.45549654 -8.622942685
-63.5273654 -8.732330642
-63.58211745 -8.883790443
-63.66409134 -9.001592452
-63.78240112 -9.077322616
-63.93900164 -9.153052253
-64.08406065 -9.186710045
-64.2083854 -9.186710045
-64.31236971 -9.161466833
-64.44625491 -9.161466833
-64.55226205 -9.178295466
-64.68818766 -9.220367838
-64.89025582 -9.24561105
-64.99381484 -9.211953258
-65.13521762 -9.169881413
-65.19929958 -9.110980409
-65.3199546 -9.035250244
-65.41274422 -8.97634924
-65.56573466 -8.97634924
-65.65179228 -8.97634924
-65.78201793 -8.900619075
-65.86205318 -8.774402487
-65.94333037 -8.673429637
-65.9955741 -8.564041681
-66.09604375 -8.463068304
-66.13388876 -8.454654252
-66.21991427 -8.454654252
-66.278822 -8.488311517
-66.30343497 -8.606114053
-66.31895506 -8.732330642
-66.34451683 -8.866961283
-66.37849855 -8.97634924
-66.4923703 -9.153052253
-66.70950089 -9.287683422
-66.82597216 -9.321341214
-67.05067502 -9.413900011
-67.21805464 -9.506458808
-67.48028097 -9.582188445
-67.70119065 -9.599017604
-67.94391567 -9.666333189
-68.14932099 -9.750477406
-68.36116792 -9.775720618
-68.701539 -9.876693995
-69.04696331 -10.06181159
-69.37512242 -10.26375834
-69.71643729 -10.36473119
-70.0685294 -10.48253373
-70.30125095 -10.67606537
-70.55233195 -10.85276891
-70.8594528 -11.00422872
-70.99700261 -11.05471514
-71.20571966 -11.1641031
-71.40202263 -11.23141868
-71.69658247 -11.33239153
-71.91755303 -11.34080611
-72.09122395 -11.35763527
-72.17231637 -11.55116692
-72.3599719 -11.62689708
-72.60192175 -11.78677146
-72.79297749 -11.90457347
-73.05182416 -11.90457347
-73.253818 -11.66055487
-73.44653876 -11.41653627
-73.55991986 -11.1304453
-73.67695693 -10.75179554
-73.76279551 -10.46570457
-73.86392153 -10.11229801
-73.96521538 -9.893522627
-74.06577654 -9.649504029
-74.16803537 -9.430728643
-74.25137948 -9.211953258
-74.40464248 -9.043664824
-74.54799694 -8.866961283
-74.74242562 -8.749159274
-74.91287721 -8.538798469
-75.04527768 -8.328437663
-75.17616788 -8.084418537
-75.2865612 -7.806742147
-75.27837474 -7.638453714
-75.25004051 -7.444921541
-75.15544044 -7.259803947
-75.01291212 -7.066271774
-75.00097269 -6.797009964
-74.9957766 -6.452017989
-74.97413748 -6.157512439
-74.96544782 -5.938737054
-74.99453951 -5.703133036
-75.14215 -5.568501867
-75.40681463 -5.501186282
-75.64535494 -5.501186282
-75.90297757 -5.501186282
-76.12574923 -5.332897849
-76.23839754 -5.282410897
-76.41541412 -5.164608888
-76.56535299 -5.088878723
-76.81779308 -4.954248082
-76.94558034 -4.819616913
-77.04697873 -4.735472696
-77.0898373 -4.61767016
-77.12952093 -4.415723934
-77.16095551 -4.239020921
-77.15422018 -4.0539028
-77.14864621 -3.894028946
-77.13212209 -3.683667613
-77.18452494 -3.532207812
-77.23762355 -3.39757717
-77.34830713 -3.271360582
-77.40962141 -3.077828408
-77.40390724 -2.859053023
-77.44685242 -2.665520849
-77.45218926 -2.480403256
-77.44812871 -2.286871083
-77.46376561 -2.110168069
-77.54798598 -2.026023325
-77.71874489 -1.98395148
-77.86050194 -1.916635896
-77.98255772 -1.807247939
-78.0089399 -1.664202718
-50.38083552 -1.836386409
-50.43861689 -1.830830497
-50.56722352 -1.803330525
-50.57805733 -1.800830576
-50.58639868 -1.795274136
-50.62750244 -1.763052799
-50.63500036 -1.755552423
-50.63916278 -1.744441654
-50.64250341 -1.728052451
-50.645276 -1.648052485
-50.64805642 -1.631663282
-50.65416743 -1.619997555
-50.66861463 -1.606941267
-50.70639166 -1.57610838
-50.7269534 -1.555552244
-50.73861443 -1.539719582
-50.77416639 -1.479441205
-50.79805723 -1.448608846
-50.80360858 -1.440552457
-50.81528206 -1.340552367
-50.8152834 -1.333608532
-50.81333947 -1.32194175
-50.78111286 -1.151941492
-50.74150635 -1.127552345
-50.7090047 -1.140219319
-50.67556026 -1.142497707
-50.66445128 -1.145274608
-50.62888976 -1.150552514
-50.56944852 -1.101941447
-50.55000164 -1.069163569
-50.56333866 -1.061663721
-50.57194269 -1.066386668
-50.64194357 -1.092497662
-50.65277827 -1.095274563
-50.71661472 -1.088497426
-50.72311121 -1.086830442
-50.72878189 -1.084330492
-50.7342821 -1.081497673
-50.73928087 -1.077830307
-50.747946 -1.069497494
-50.78028257 -1.051385389
-50.78528211 -1.042497617
-50.7886105 -1.032219285
-50.79695107 -0.971941436
-50.79750144 -0.932774681
-50.79695326 -0.919719448
-50.78333953 -0.663608353
-50.77500072 -0.644163716
-50.73516673 -0.592441296
-50.73000044 -0.591274406
-50.72666842 -0.596108662
-50.72133651 -0.615441464
-50.69000336 -0.642219252
-50.68250356 -0.64833065
-50.59861497 -0.681385479
-50.58722713 -0.68333047
-50.57417058 -0.683885428
-50.55500174 -0.683885428
-50.54249884 -0.682774457
-50.54749934 -0.67388563
-50.55555646 -0.668330773
-50.58222935 -0.653885507
-50.59166825 -0.649719628
-50.60222653 -0.646386713
-50.61389203 -0.644163716
-50.63778201 -0.640830274
-50.65167441 -0.640830274
-50.66389426 -0.639441296
-50.67333824 -0.635274362
-50.6808385 -0.629163491
-50.68583685 -0.620274665
-50.71694231 -0.52927471
-50.72639488 -0.497774502
-50.70361402 -0.389441599
-50.69250404 -0.359163671
-50.66195031 -0.288608544
-50.65778432 -0.279163705
-50.64666351 -0.262497551
-50.58555861 -0.20027471
-50.56528328 -0.179719628
-50.55693951 -0.174163716
-50.52194579 -0.153052621
-50.49944961 -0.139997388
-50.46722042 -0.124997691
-50.45222622 -0.118608286
-50.44389483 -0.115274317
-50.41777891 -0.109163447
-50.40973196 -0.107774469
-50.35194926 -0.100830633
-50.32889402 -0.10027462
-50.14166683 -0.126941627
-50.10750434 -0.133885463
-49.81083636 -0.201663688
-49.71334083 -0.227774682
-49.65167151 -0.248330291
-49.63945156 -0.248330291
-49.40778313 -0.224997253
-49.40917121 -0.212497506
-49.40500486 -0.203052666
-49.3980582 -0.196108303
-49.35500316 -0.171385232
-49.34611353 -0.16666334
-49.32833806 -0.159719505
-49.19000299 -0.135830454
-49.14750827 -0.13777439
-49.00500105 -0.154441599
-48.8252768 -0.2072196
-48.63056253 -0.224997253
-48.41027941 -0.262124589
-48.37305912 -0.289163503
-48.36611227 -0.296108393
-48.36361587 -0.30721969
-48.36389338 -0.320274395
-48.37083386 -0.366663519
-48.37444698 -0.377774289
-48.37917223 -0.386663643
-48.38556289 -0.394163491
-48.39278391 -0.400274362
-48.40944865 -0.411385659
-48.41638488 -0.418052542
-48.42249856 -0.425552391
-48.43194117 -0.443608578
-48.4594503 -0.511941762
-48.46334131 -0.521663553
-48.46666533 -0.531941358
-48.4675061 -0.544997646
-48.46556096 -0.57027462
-48.46555823 -0.583886394
-48.46666547 -0.596385614
-48.48416945 -0.687497404
-48.49444264 -0.734719493
-48.52444595 -0.853330728
-48.53000498 -0.87527426
-48.53694899 -0.895830397
-48.54138573 -0.904719223
-48.54833562 -0.91138558
-48.56000439 -0.920274406
-48.56916566 -0.925274305
-48.5888882 -0.932774681
-48.6094509 -0.939719571
-48.6202857 -0.942219521
-48.6286168 -0.947774378
-48.64389121 -0.988885596
-48.64306002 -1.009997219
-48.63139302 -1.031385265
-48.62306166 -1.054719358
-48.62722399 -1.064441677
-48.6333374 -1.071941525
-48.63972466 -1.079441374
-48.67388792 -1.113608229
-48.77111848 -1.243052755
-48.80806111 -1.359441519
-48.81361428 -1.376108729
-48.84305367 -1.454163704
-48.8472293 -1.462219565
-48.86083718 -1.478052755
-48.87666618 -1.487774546
-48.90139068 -1.500830307
-48.9527789 -1.524719358
-49.16638489 -1.613885102
-49.37888856 -1.64721952
-49.38806177 -1.64721952
-49.5111143 -1.622497504
-49.51528128 -1.631663282
-49.55111555 -1.696663552
-49.55861482 -1.703608442
-49.67250134 -1.776663518
-49.71467321 -1.769885326
-49.71433454 -1.759219262
-49.72583621 -1.748608588
-49.74555989 -1.639719672
-49.75389289 -1.633608274
-49.76194795 -1.63638623
-49.76888853 -1.645274529
-49.7716654 -1.652774377
-49.77305575 -1.661108246
-49.76944741 -1.678052406
-49.76611426 -1.686941233
-49.75778404 -1.703608442
-49.74694781 -1.728052451
-49.74361803 -1.744441654
-49.74361796 -1.752774467
-49.7551121 -1.769830463
-49.75994841 -1.780830452
-49.76661452 -1.790663552
-49.77111439 -1.793997521
-49.79695135 -1.813052844
-49.81277996 -1.815830273
-49.82111432 -1.814441295
-49.88472814 -1.787774287
-49.9175007 -1.767219733
-49.94917283 -1.749441553
-50.04111281 -1.709719312
-50.04973054 -1.706941356
-50.05805629 -1.706941356
-50.06833296 -1.710274271
-50.0861107 -1.725274495
-50.09444981 -1.734997342
-50.09833366 -1.746108638
-50.10334052 -1.75333048
-50.1108325 -1.759719357
-50.30333847 -1.817774209
-50.36833466 -1.834997431
-50.38083552 -1.836386409
-51.9013913 -1.476663249
-51.91166681 -1.476663249
-51.92056301 -1.474719313
-51.9286109 -1.470552379
-51.93861185 -1.463608543
-51.94528267 -1.456108167
-51.94861745 -1.448608846
-51.95139006 -1.439719492
-51.9522214 -1.430830666
-51.94944662 -1.42333029
-51.94445128 -1.414441463
-51.92611968 -1.389719447
-51.90055452 -1.349441722
-51.88833338 -1.327497662
-51.88361434 -1.31721933
-51.88000325 -1.306941525
-51.87805761 -1.290274316
-51.88083642 -1.273886169
-51.88916472 -1.248608667
-51.89111691 -1.238885293
-51.89194586 -1.229441508
-51.89194497 -1.220552682
-51.88916641 -1.194441688
-51.88777892 -1.18694184
-51.88500228 -1.178886505
-51.87749996 -1.173330593
-51.86916852 -1.169719672
-51.84333773 -1.165830217
-51.80944941 -1.164441239
-51.79250167 -1.162219296
-51.72389528 -1.141108729
-51.71583785 -1.136108302
-51.69055479 -1.119163614
-51.67388869 -1.100552469
-51.66221811 -1.083330301
-51.65250226 -1.055552323
-51.65223225 -1.04721951
-51.65250574 -1.038330683
-51.65611194 -1.020552502
-51.65972479 -1.012774647
-51.66166754 -1.003886348
-51.66445409 -0.985552682
-51.66694624 -0.948608398
-51.66499943 -0.900552289
-51.65834063 -0.873885282
-51.60972822 -0.733885473
-51.553335 -0.660552391
-51.54584064 -0.652497584
-51.5291665 -0.637497359
-51.50389207 -0.618885687
-51.48833181 -0.608608409
-51.39833752 -0.550274496
-51.3819516 -0.54138567
-51.37444746 -0.539997219
-51.30389445 -0.534719314
-51.19972326 -0.529163401
-51.19694652 -0.531385344
-51.18666731 -0.551663474
-51.18111277 -0.566941178
-51.15194326 -0.651941571
-51.14833926 -0.669719751
-51.15028338 -0.678608578
-51.15389624 -0.686663384
-51.18861459 -0.754719616
-51.20389451 -0.782774547
-51.21222682 -0.798330257
-51.2225038 -0.823885237
-51.24305542 -0.894441419
-51.26000148 -0.972497449
-51.26333606 -0.988330638
-51.27166584 -1.014163625
-51.28195089 -1.025830408
-51.34305882 -1.058052272
-51.35194857 -1.068330604
-51.3655668 -1.08694175
-51.3761161 -1.10416339
-51.38611829 -1.121108605
-51.40028464 -1.147219599
-51.43333408 -1.193885675
-51.45000771 -1.210830363
-51.46694928 -1.227497572
-51.48333631 -1.240275326
-51.55750532 -1.293052272
-51.67528656 -1.373885731
-51.7375023 -1.415830441
-51.78972828 -1.449441811
-51.79861127 -1.453330739
-51.8061171 -1.455552682
-51.88278244 -1.474719313
-51.9013913 -1.476663249
