# Angara-Lena Basin from http://www.whymap.org/
91.59728816 54.59162722
91.79976485 54.7729864
92.17085863 54.93797505
92.55949146 55.1117223
93.15221292 55.5182666
93.62880885 55.78425502
94.02063281 55.96734775
94.53663199 56.20897929
94.59383947 56.27927613
95.00406034 56.28694828
95.838065 56.28694828
96.56439684 56.2689095
97.06253148 56.08862023
97.8149919 55.85451123
98.59684413 56.07060114
99.7224233 56.30498885
100.7702882 56.63002625
102.1406565 57.22744763
103.0032416 57.73590491
103.7956235 58.08174869
104.6832226 58.51955754
105.7616188 59.06832658
106.6887156 59.54529287
107.8211952 60.02362218
108.5951431 60.26412363
109.1187413 60.28264068
109.9355933 60.28264068
110.9822941 60.22709681
111.8252564 60.11607441
112.1301108 59.83944594
112.5924308 59.60040959
112.8199319 59.28396279
112.5766695 59.20478441
111.9998578 58.9490689
111.252211 58.6086825
110.7560917 58.33683819
110.4295252 58.09931173
109.9513056 57.79438109
109.6522072 57.48996609
109.4058091 57.16919568
109.2387707 56.88267263
108.9379529 56.17672986
108.8768448 55.74108933
108.6377349 55.22303022
108.4485126 54.7571549
108.0370917 54.27639361
107.5163113 53.82963372
107.0888861 53.38368453
106.4607873 52.88913091
105.9504074 52.57642576
105.2934072 52.23126421
104.6847873 52.01783394
104.1309163 51.87018224
103.4190236 51.83738271
102.8704374 51.85378193
102.4269341 51.95220009
101.5529872 51.95220009
101.0618211 51.93579435
100.5655427 51.69978133
100.204326 51.69978133
99.74140966 51.75679878
99.29541272 51.96053968
99.03592585 52.08286472
98.75740157 52.26238423
98.46496986 52.28687426
98.13323804 52.28687426
97.81233219 52.24605889
97.52457947 52.2215729
97.2033752 52.2215729
96.96936121 52.21341144
96.65249702 52.20525026
96.43662952 52.2215729
96.11812484 52.19708934
95.98804514 52.3440271
95.95770245 52.49922286
95.61344785 52.6790451
95.2955282 52.57277068
94.7823996 52.42569693
94.53457435 52.32769637
94.16606514 52.20525026
93.83317729 52.18892869
93.53983662 52.08286472
93.14775608 52.0991793
93.0853481 52.22973463
93.08733102 52.50739376
93.14015684 52.7526465
93.03915753 52.84263358
92.92463206 52.84263358
92.63905207 52.85081585
92.44266961 52.86718121
92.33386246 52.989956
92.35659101 53.1783295
92.48808221 53.39964752
92.55307262 53.57192142
92.61097538 53.71968083
93.03613766 53.94970547
93.19909985 54.12236542
93.03691831 54.17171914
92.6643516 54.17994573
92.35720497 54.16349283
91.86265625 54.16349283
91.55935939 54.17994573
91.43883705 54.36923337
91.59728816 54.59162722
