# Arabian Aquifer System from http://www.whymap.org/
35.13514055 29.76393129
35.18228488 30.19404198
35.24693949 30.46644542
35.28901013 30.53813053
35.61746662 30.59547863
35.82410364 30.62415267
36.1002529 30.66716374
36.18508444 30.81053397
36.30751773 30.98257825
36.51455556 31.01125229
36.63330106 31.01125229
36.79765798 30.96824122
37.0011925 30.96824122
37.23238271 31.05426336
37.5971026 31.25498168
37.74915292 31.5130481
37.8018194 31.91448474
37.84258033 32.34459543
37.80970133 32.60266184
37.94206749 33.06144658
37.9514947 33.24782788
38.024973 33.52023131
38.08434107 33.69227559
38.26178984 33.96467902
38.52376401 34.22274544
38.79223989 34.29443055
39.16170708 34.35177864
39.43646359 34.35177864
39.72839238 34.35177864
40.10735926 34.25141948
40.25621385 34.10804925
40.43126706 34.02202712
40.58588455 33.80697177
40.80093034 33.64926452
41.14343286 33.64926452
41.36377963 33.6349275
41.63777685 33.41987215
41.98005698 33.20481681
42.04953182 32.77470612
42.12101572 32.5739878
42.4296349 32.47362863
42.70842926 32.40194352
43.13457288 32.40194352
43.25310724 32.28724734
43.47316512 32.05785497
43.64005555 31.81412558
43.99373992 31.4557
44.4133023 31.08293741
44.59767063 30.83920802
45.00662231 30.73884886
45.40696823 30.69583779
45.78795329 30.52379351
46.33588888 30.33741221
46.83996975 30.25514683
47.10723702 30.14819418
47.47596188 30.00796736
47.76568576 29.95805612
47.96489158 29.92956762
47.98221499 29.86416375
47.9872157 29.84833215
47.99277909 29.83305655
48.00609178 29.8036079
48.02471251 29.77193888
48.0274884 29.76777406
48.05249506 29.73444755
48.05638835 29.73111253
48.06248448 29.72944238
48.06832745 29.73138631
48.08805319 29.71416467
48.14748732 29.61583104
48.16444324 29.58277621
48.16776324 29.56555035
48.16805191 29.55916728
48.16721476 29.55305483
48.16220833 29.55054802
48.15111178 29.54666648
48.14555577 29.54610677
48.13831869 29.54722196
48.10471206 29.55999602
48.09471802 29.56499909
48.09164983 29.56916233
48.08942897 29.57416539
48.08609641 29.58472015
48.07916155 29.59249959
48.01555113 29.62749835
48.00387622 29.63138622
47.9966677 29.63221813
47.9816641 29.63194171
47.96888108 29.62972029
47.96332629 29.62777425
47.94860441 29.61971891
47.69804509 29.40305469
47.68804222 29.39110937
47.68610728 29.38555293
47.68915563 29.38138706
47.69388723 29.37832898
47.73869743 29.36063837
47.81610799 29.32999592
47.82248942 29.32861011
47.83026565 29.32833157
47.85413318 29.32995161
47.85888785 29.33027393
47.86526227 29.3313907
47.87721376 29.33527225
47.88693419 29.34027795
47.92498644 29.36194031
47.96221023 29.38443827
47.98748469 29.38499587
48.00599102 29.36782856
48.0286027 29.34499615
48.07971339 29.25472207
48.09740131 29.21251465
48.12220864 29.10305284
48.14388384 29.03388616
48.14833059 29.02416384
48.17304843 28.97805114
48.18499732 28.96110962
48.27888616 28.83666341
48.36055207 28.74222345
48.37971417 28.71416483
48.38082817 28.68305025
48.37609668 28.66305118
48.37416252 28.65777908
48.37027165 28.65444458
48.36525669 28.65166557
48.41659074 28.54527871
48.42027208 28.54527871
48.43027438 28.53999553
48.5005387 28.49749903
48.50276958 28.49277766
48.51915675 28.41972311
48.51804588 28.41360591
48.51554457 28.40888455
48.50998754 28.38972108
48.51776923 28.34055347
48.51971959 28.32888986
48.60332657 28.12111024
48.60555717 28.1171559
48.64888897 28.04027784
48.65193245 28.03611196
48.84554013 27.8608301
48.85471588 27.85471659
48.8666056 27.84605144
48.8758288 27.83888499
48.8791652 27.82833234
48.87693954 27.76583466
48.87166677 27.75638876
48.85833045 27.73333109
48.85081919 27.72610503
48.8452748 27.72444068
48.84082918 27.72582914
48.83860859 27.73082956
48.84276808 27.73416617
48.8474906 27.73666559
48.85026515 27.74833343
48.8580476 27.79416865
48.85332809 27.81027351
48.82593909 27.8252231
48.82177496 27.82505218
48.80720971 27.82416435
48.7994311 27.80999973
48.79776058 27.80472393
48.7824948 27.72861078
48.83887116 27.61971765
48.90444285 27.5938873
48.91111251 27.60194632
48.92527659 27.60971996
48.95553971 27.62360974
48.96193746 27.6247186
48.97332905 27.62082651
48.98692933 27.61193979
49.01666428 27.58333043
49.05138239 27.54555424
49.07665471 27.53972032
49.17027057 27.55054675
49.17665922 27.55166616
49.19137737 27.55166616
49.22915328 27.54666468
49.24165746 27.54333071
49.24610129 27.54055381
49.29942893 27.4908323
49.30305506 27.4872198
49.30970731 27.4474965
49.30777227 27.44222176
49.23582623 27.44722272
49.23055014 27.44944624
49.22748505 27.45361001
49.22221634 27.45610521
49.20916034 27.45860833
49.17276345 27.45943971
49.16110848 27.45777536
49.13027074 27.44722272
49.1255417 27.44471696
49.1222083 27.44082909
49.12332045 27.43527529
49.13165064 27.4286084
49.24748372 27.34055152
49.40055094 27.15777773
49.40887542 27.1272181
49.44258915 27.13183818
49.44637986 27.13250023
49.47165777 27.14389006
49.49333058 27.15527409
49.55443511 27.14027386
49.6066603 27.07666574
49.62248704 27.05666298
49.65943096 27.00750064
49.66137494 27.002774
49.66553749 26.97971845
49.66831686 26.97555098
49.70333347 26.95111278
49.78611105 26.89999912
49.81082417 26.88721451
49.85970803 26.86222082
49.87026767 26.85749576
49.87638536 26.85583194
49.89347695 26.85602343
49.91193284 26.85694028
49.93499647 26.85583194
49.95298878 26.85118707
49.9577643 26.84805409
49.96221021 26.84499496
50.13277292 26.68750025
50.15083172 26.66944354
50.15915712 26.65666895
50.16138478 26.65166377
50.16305725 26.64139124
50.15832941 26.63861329
50.15222466 26.6388876
50.08193299 26.68861122
50.00054755 26.74750062
49.99498826 26.74555036
49.98943965 26.7294418
49.98305095 26.69944557
49.98248994 26.6794407
50.00000095 26.56777699
50.00471157 26.55527619
50.04221851 26.47472179
50.04777658 26.46639056
50.05138166 26.46277647
50.0602742 26.45666824
50.07526916 26.44916681
50.08833215 26.44639202
50.1097202 26.44416427
50.16693678 26.42472069
50.17749983 26.42027733
50.18110399 26.41666325
50.20971578 26.381387
50.21360527 26.37166732
50.21416023 26.36527792
50.21944657 26.30028081
50.21555474 26.21110926
50.21499656 26.20416648
50.21082857 26.18638883
50.20638428 26.17638798
50.15583146 26.1011099
50.11694398 26.09055515
50.06750043 26.17333571
50.06082825 26.18139104
50.05666368 26.18416794
50.03638772 26.19416721
50.03027275 26.19583367
50.0227737 26.19611115
50.01860572 26.19305835
49.97943627 26.13777302
49.97832524 26.13138783
49.97860106 26.12527643
49.9938887 26.02000002
50.10749606 25.92110879
50.10777445 25.9091677
50.11249581 25.87388881
50.11360924 25.86833238
50.11777448 25.85861111
50.13443607 25.82000195
50.16983001 25.77272184
50.17416707 25.76838715
50.18299313 25.76388945
50.19099504 25.7585551
50.21054779 25.73777952
50.25249633 25.67361116
50.25916233 25.65972401
50.25971834 25.65333461
50.25943955 25.63611086
50.25833158 25.62999999
50.25416694 25.62694297
50.2497158 25.62971987
50.23416383 25.64972052
50.23444202 25.65527907
50.23749703 25.66694427
50.23721761 25.67305409
50.23166644 25.68166491
50.22722107 25.6847214
50.16605393 25.71983305
50.16213015 25.72055577
50.15821999 25.71983305
50.13805308 25.72610957
50.14721548 25.70083259
50.14999804 25.69666461
50.30554853 25.51694361
50.34499116 25.47722137
50.34860825 25.4736115
50.36721889 25.45610975
50.37110662 25.45805579
50.37305568 25.46333423
50.39223778 25.45972594
50.45277088 25.44833242
50.4572226 25.4452754
50.46804952 25.43444475
50.48277213 25.41389283
50.52249956 25.2961114
50.52333307 25.28388438
50.52277489 25.27694582
50.53416026 25.20416717
50.55805099 25.05444768
50.55916315 25.04888755
50.56472285 25.04027673
50.57082899 25.0386108
50.57082877 25.05166709
50.5719399 25.05777848
50.57444056 25.06249721
50.57860268 25.06555423
50.58305347 25.06277522
50.60305417 25.04638865
50.60666807 25.04277615
50.61305037 25.03500251
50.64387999 24.99416561
50.72500057 24.87916582
50.72777293 24.87499836
50.74138965 24.80277889
50.73971578 24.78972049
50.73777701 24.78444417
50.73666493 24.77805476
50.73721547 24.77194336
50.74072444 24.76433485
50.74721365 24.75416624
50.77082463 24.7213852
50.77693904 24.71972032
50.78305402 24.72083393
50.83095541 24.7499666
50.83888186 24.75416624
50.84277332 24.75722326
50.85387315 24.77125705
50.8586063 24.77861289
50.8630511 24.78861005
50.86499535 24.79389006
50.86555426 24.80083284
50.8572172 24.87055289
50.84944326 24.91361121
50.80805298 25.05694341
50.802218 25.07166563
50.76766634 25.12945672
50.76638975 25.13888626
50.76027449 25.18610835
50.75555357 25.25361067
50.75499937 25.26611148
50.7519413 25.43139037
50.7519398 25.49110693
50.75388219 25.49666706
50.75666162 25.50139001
50.82749914 25.59305254
50.90721572 25.5888893
50.94804881 25.59555618
50.95555062 25.60277855
50.9755548 25.64083433
50.97054861 25.64305575
50.95082856 25.63388944
50.92333539 25.62499956
50.9172216 25.62416554
50.91277488 25.62694297
50.89277883 25.65638952
50.8900015 25.66055329
50.8880536 25.66555635
50.88805221 25.71222032
50.88916044 25.71861183
50.89443606 25.72777814
50.89816099 25.73073809
50.89860447 25.76750196
50.9011109 25.77972264
50.90444092 25.78388641
50.92333089 25.80694408
50.92972115 25.80777916
50.93833163 25.80194313
50.94554747 25.79472076
50.94832331 25.7902774
50.94971122 25.7786122
50.95250197 25.77416673
50.95888324 25.77527981
50.96277824 25.7786122
50.97527363 25.80249861
50.97555589 25.80944509
50.97249565 25.82000195
50.96971902 25.82416519
50.96242383 25.82394627
50.95610589 25.82499658
50.95166314 25.8280557
50.94777407 25.83777908
50.94832212 25.8563897
50.94999576 25.86166602
50.99832636 25.96527597
51.03333332 26.03694418
51.03860344 26.04639008
51.04248759 26.04944499
51.17194256 26.12360998
51.23583314 26.15083511
51.24138504 26.15277746
51.24777439 26.15361254
51.25443998 26.15277746
51.30498664 26.12916853
51.31388892 26.12444716
51.33222255 26.11305522
51.34110916 26.10694382
51.34388824 26.10277636
51.3458341 26.09777541
51.34637964 26.08528094
51.34388979 26.07305761
51.34360516 26.04694556
51.34388785 26.04083417
51.34665793 26.03639081
51.39000071 25.96722202
51.397219 25.95972217
51.41026673 25.95083335
51.41329457 25.94959366
51.47860775 25.95305476
51.48554709 25.95333277
51.4983316 25.95055587
51.50443763 25.94860982
51.51471644 25.94388687
51.56443745 25.9119446
51.56805358 25.90833262
51.57193761 25.89861083
51.5930467 25.78083151
51.59389092 25.76972074
51.59304923 25.75000231
51.58749301 25.6938877
51.54555478 25.62472314
51.53832596 25.61749708
51.52665966 25.61471965
51.50721536 25.61250034
51.50110825 25.61138726
51.49222055 25.60583346
51.4861046 25.59166409
51.4841602 25.58638988
51.49116911 25.55008917
51.47694008 25.52889104
51.47415632 25.52416809
51.47222365 25.51888755
51.47249654 25.51277615
51.47638624 25.50278057
51.48861032 25.48000249
51.49472091 25.47222305
51.50443942 25.46666503
51.50721578 25.46250126
51.50972331 25.45805579
51.51832644 25.439164
51.52138751 25.42860925
51.52165974 25.42222406
51.51758462 25.38341761
51.51055113 25.33083268
51.50888614 25.31083203
51.50860568 25.30416726
51.51055397 25.2991642
51.51305308 25.29472137
51.52277634 25.28944451
51.54138192 25.28500168
51.56138457 25.28639013
51.57361008 25.28833196
51.58110744 25.28805606
51.58638847 25.28555506
51.5958346 25.28027821
51.60443982 25.27416734
51.60638426 25.26916849
51.60611157 25.26388795
51.60443986 25.23306245
51.61388838 25.21444603
51.61499907 25.20888801
51.61582873 25.1786085
51.61221548 25.01722328
51.61166332 25.01027892
51.57222195 24.92583243
51.57027231 24.92194666
51.56360634 24.9141667
51.53138987 24.87694388
51.51138508 24.86083321
51.50665614 24.85833168
51.50000401 24.85055805
51.49721958 24.84583299
51.4749984 24.78749907
51.47361078 24.78138926
51.47463276 24.76150519
51.43721592 24.66305709
51.43388144 24.65916499
51.37027598 24.59277944
51.36221584 24.58638951
51.3413883 24.57111022
51.33693575 24.57000189
51.33166854 24.5724992
51.32971968 24.57722215
51.32804708 24.59527675
51.33193456 24.59833377
51.33804856 24.59944421
51.34221685 24.60277713
51.34943866 24.63194408
51.34666131 24.63611154
51.32832729 24.65222432
51.27111026 24.65694727
51.22027745 24.64194335
51.21471887 24.6402769
51.21027248 24.63027763
51.21221654 24.6252772
51.21516499 24.62089029
51.25777688 24.615835
51.30971778 24.60055729
51.30610597 24.58944652
51.29888394 24.58277806
51.29305459 24.57360964
51.29249227 24.56111148
51.29332555 24.52666767
51.29527206 24.51444435
51.3039706 24.51046627
51.30498469 24.51000152
51.31389129 24.51583332
51.34249472 24.53749991
51.34916162 24.54500028
51.39221964 24.59555634
51.3974976 24.60583362
51.40749368 24.62166681
51.43304973 24.62222229
51.44443809 24.61805694
51.48194053 24.59083339
51.49221765 24.57972157
51.49277624 24.57194371
51.40805111 24.49833368
51.33193682 24.4386129
51.32083297 24.42777855
51.31416439 24.4194431
51.30916419 24.40972342
51.30498745 24.40000005
51.28083143 24.34333206
51.2772198 24.33138675
51.27749814 24.30611135
51.28722103 24.29389067
51.3002783 24.29194462
51.3155498 24.29055775
51.3449949 24.2894452
51.35582616 24.29277548
51.36464667 24.296925
51.37971291 24.31138768
51.38944161 24.31694623
51.40027324 24.32000061
51.41416187 24.31944354
51.44166743 24.31555356
51.46721642 24.31110809
51.47944138 24.30861289
51.49971424 24.29944447
51.50805313 24.29277548
51.51665931 24.28166735
51.52666122 24.26444571
51.53249575 24.25666521
51.5433257 24.25194279
51.55693618 24.25083393
51.57082811 24.25083393
51.58361188 24.25972223
51.58422615 24.2604671
51.59138273 24.29305348
51.62332691 24.26444571
51.62861005 24.23055369
51.63055398 24.21833248
51.63555448 24.20972377
51.64721678 24.21278026
51.72083709 24.25139153
51.72582969 24.2611091
51.73166752 24.26999792
51.74388894 24.28639029
51.76610603 24.28083227
51.7758337 24.27528005
51.78082997 24.26666923
51.78082958 24.21527599
51.78026992 24.20138673
51.77360812 24.17833487
51.76999567 24.15249819
51.77277663 24.12916726
51.78694352 24.04972331
51.78944453 24.03971982
51.79872714 24.01633244
51.80193811 24.01027907
51.80777656 24.00250122
51.81141755 23.9999981
51.81666522 23.99638982
51.82804902 23.99305532
51.85416077 23.9880549
51.93416765 23.98750152
52.08054943 23.95555714
52.09138453 23.95638852
52.20749777 23.96999977
52.23166831 23.97388975
52.25443861 23.98000273
52.32153203 23.99908654
52.34026983 24.00499853
52.42971999 24.04972331
52.43860763 24.05499752
52.52304828 24.121669
52.57666559 24.18555513
52.58166459 24.19444606
52.59138177 24.19972028
52.61833052 24.20055535
52.63055957 24.19639
52.63776599 24.18972101
52.6536146 24.16666756
52.67249083 24.14305651
52.68193626 24.13638963
52.77221931 24.13638963
52.94360059 24.13777808
53.05555368 24.121669
53.08027604 24.12416631
53.14582162 24.13583256
53.2244464 24.13611162
53.32582204 24.10277721
53.41499274 24.10750015
53.45972218 24.1061117
53.52332848 24.08944502
53.5355495 24.08611052
53.55333081 24.07388984
53.56055394 24.06722084
53.56471911 24.05694357
53.57027184 24.04888876
53.5808242 24.04416951
53.59472082 24.04416951
53.87416088 24.05972047
54.11860276 24.13944612
54.12888005 24.14388948
54.18638723 24.18305412
54.24582653 24.2177791
54.34371501 24.24254912
54.38193919 24.2522208
54.38234895 24.25250619
54.42416223 24.28166735
54.4308326 24.2897211
54.4563858 24.33527831
54.46944724 24.3669468
54.47610392 24.40694652
54.47888148 24.41361129
54.49443474 24.43610767
54.50555662 24.43972387
54.51693583 24.4388909
54.53915933 24.43277898
54.54916452 24.43222191
54.55916194 24.43444807
54.57027405 24.4380553
54.58082522 24.44388711
54.66916807 24.66333087
54.65749697 24.71777902
54.64860388 24.7216669
54.65860837 24.75277779
54.70777089 24.80138833
54.94638653 24.95361093
55.00636702 24.97604454
55.01693766 24.98305748
55.04999729 25.00583345
55.06638105 25.01805677
55.1297117 25.08555277
55.17805451 25.13888626
55.1916592 25.15416396
55.20555231 25.17027885
55.21694284 25.18805439
55.22916566 25.20472266
55.26388756 25.2436114
55.30193534 25.28194467
55.32671486 25.30559791
55.33082856 25.3119467
55.36971976 25.36111272
55.42484911 25.39424193
55.45915718 25.40749974
55.4683315 25.41333313
55.47944126 25.42750039
55.49301781 25.45944055
55.50415965 25.4736115
55.51807039 25.51187039
55.52749262 25.53999917
55.53833076 25.55916897
55.54360637 25.56777768
55.55054926 25.57583301
55.5597139 25.58166904
55.56888644 25.58166904
55.64554963 25.58166904
55.65249229 25.58916467
55.6911058 25.62305721
55.74710177 25.66111668
55.77821716 25.67733901
55.67200176 25.39999536
55.49241266 25.18879782
55.21704933 24.84685896
54.86210608 24.49486307
54.68147297 24.23338041
54.48956806 23.97189774
54.464902 23.85121344
54.44766618 23.69030103
54.42099269 23.54950268
54.44531888 23.44893242
54.52798671 23.34836217
54.71773809 23.26790596
54.91813112 23.28802001
55.12822578 23.39864729
55.23715557 23.21762084
55.39060157 23.01648033
55.455103 22.85556792
55.53658416 22.63431336
55.68906756 22.42311583
55.86274996 22.19180424
56.11474844 21.93032158
56.22806647 21.78952322
56.4028282 21.56826866
56.48801888 21.2665579
56.46545497 21.04530334
56.44611126 20.85421985
56.41529434 20.66313637
56.39822108 20.49216694
56.27885157 20.34131156
56.16356861 20.23068428
56.0550572 20.06977187
55.97350643 19.94908756
55.92544797 19.81834623
55.89361496 19.61720572
55.8428416 19.45629332
55.69692483 19.38589414
55.52104472 19.24509578
55.25760788 19.15458255
55.01840411 19.07412635
54.82845038 19.02384122
54.63664554 18.95344204
54.46429039 18.84281476
54.41556806 18.69195938
54.25781167 18.61150318
54.04966003 18.61150318
53.83269494 18.64167426
53.53357344 18.53104698
53.15997869 18.49081887
53.00609869 18.45059077
52.77488175 18.45059077
52.63970545 18.49081887
52.40223346 18.55116103
52.09180553 18.57127508
51.65065134 18.55116103
51.52958942 18.6215602
51.27061293 18.70201641
50.83833784 18.65173128
50.74236162 18.61150318
50.38689199 18.51093292
50.24051741 18.4204197
50.22037164 18.17905108
50.08839071 17.83711222
49.92486828 17.52534443
49.76508531 17.25380474
49.57271376 17.00237911
49.4015957 16.72078239
49.24204764 16.59004106
49.13733655 16.41907163
49.26117164 16.37884353
49.38353905 16.31850138
49.56703188 16.14753194
49.75850575 16.08718979
49.98379082 16.01679061
50.21767755 15.90616333
50.39398108 15.79553605
50.71993888 15.68490877
51.0092335 15.58064798
51.16221114 15.51664889
51.334715 15.4164239
51.44906944 15.37295282
51.55193977 15.32344409
51.2223006 15.19303085
51.07543129 15.20631368
50.99991536 15.26920107
50.5466479 15.35522321
50.18281165 15.31221214
49.6704422 15.25486405
49.29809824 15.08281977
49.02724133 14.95378657
48.57440501 14.79607931
48.32854319 14.79607931
48.00072742 14.79607931
47.6073485 14.79607931
47.3879999 14.69572015
47.14447509 14.46632779
46.86248912 14.40897969
46.55122132 14.40897969
46.3485649 14.58102397
46.26155098 14.76740527
46.00454818 14.85342741
45.71036249 14.86776443
45.52237646 15.01113466
45.50105292 15.19751596
45.25110957 15.39823428
45.02861009 15.51293046
44.94190045 15.69931176
45.06134199 15.77099688
45.08880614 15.94304115
45.33879014 16.00038924
45.55882454 16.1007484
45.72778774 16.17243352
45.93649474 16.1007484
46.14327532 16.00038924
46.27940387 16.07207436
46.55757537 16.05773734
46.71983669 16.02906329
46.97000781 16.08641138
47.1942941 16.24411863
47.40136348 16.38748886
47.45448699 16.67422932
47.56678717 17.09000299
47.75795508 17.44842856
47.76111118 17.70649498
47.5471217 17.70649498
47.0829774 17.66348391
46.7537855 17.66348391
46.47184253 17.63480986
46.07683034 17.63480986
45.86286541 17.63480986
45.65910313 17.54878772
45.40400995 17.43409154
45.10784518 17.43409154
44.91651254 17.52011368
44.81464062 17.70649498
44.61821838 17.95022437
44.45978657 18.0362465
44.24277619 18.2226278
44.19694783 18.49503124
44.01088035 18.65273849
43.90619457 18.79610872
43.7882995 18.98249002
43.7496848 19.3409156
43.8654528 19.55597094
43.95759587 19.88572247
44.05709724 20.10077781
44.25888511 20.35884423
44.43209288 20.45920339
44.59677777 20.65992171
44.71662062 20.91798812
44.97506004 21.24773965
45.02932033 21.50580606
45.13950979 21.83555759
45.34767998 22.3373534
45.5353141 22.78180111
45.64467123 23.08287859
45.53175722 23.49865226
45.40372316 23.74238165
45.11821949 24.0864702
44.86331333 24.2155034
44.56730896 24.44489577
44.35323911 24.65995112
44.19300919 24.91801753
44.01304318 25.29078013
43.71162843 25.60619463
43.42110983 25.86426105
43.32683972 25.92160914
43.13828661 26.03630532
42.87825796 26.10799044
42.71702759 26.32304578
42.63107898 26.76749349
42.62762502 27.03989693
42.42802318 27.05423395
42.1269036 27.21194121
41.85048712 27.44133357
41.62994496 27.57036678
41.43328329 27.61337785
41.31254216 27.5847038
41.0024006 27.51301869
40.70578415 27.25495227
40.40848481 26.98254884
40.11944349 26.78183052
39.74288889 26.53810113
39.62526561 26.36605685
39.3756232 26.38039387
39.18323618 26.46641601
38.85826292 26.56677517
38.50660724 26.56677517
38.27217012 26.56677517
38.06984116 26.55243815
37.82141643 26.58111219
37.75286375 26.73881945
37.56010862 26.99688586
37.53239098 27.22627823
37.2910514 27.49868166
36.90101545 27.62771487
36.64232312 27.72807403
36.34140171 27.74241106
35.97608186 27.78542212
35.93840036 27.91445533
36.00595437 28.08649961
36.06504371 28.17252174
35.90906561 28.4592622
35.81474695 28.68865457
35.76518197 28.86069885
35.45094672 28.91804694
35.26947347 29.11876526
35.25673831 29.31948358
35.13514055 29.76393129
