# Atlantic and Gulf Coastal Plains Aquifer from http://www.whymap.org/
-100.0144284 26.92723279
-100.0739277 27.15497946
-100.151716 27.4477966
-100.1887382 27.63216295
-100.150074 27.8165293
-100.1620847 28.04427597
-100.1586398 28.30455787
-100.1094713 28.4455439
-100.1112306 28.62991025
-100.0086039 28.76005121
-99.92850264 28.87934708
-99.81666227 29.02033311
-99.57109164 29.09624867
-99.31912905 29.15047407
-99.03203817 29.25892486
-98.7640696 29.34568549
-98.55350295 29.41075597
-98.23783327 29.59512232
-98.07853275 29.70357311
-97.93534614 29.82286899
-97.73858728 30.01808042
-97.42526466 30.24582708
-97.26707331 30.35427788
-97.18847784 30.59286963
-97.00950481 30.75554582
-96.8925905 30.95075725
-96.71552398 31.15681375
-96.56038255 31.42794074
-96.40298464 31.61230709
-96.26977442 31.82920868
-96.21257145 32.00272995
-96.12489412 32.27385693
-96.08769179 32.5016036
-96.08096261 32.74019535
-96.09717382 32.96794201
-96.20759687 33.239069
-96.3649318 33.73794265
-96.45095436 33.93315408
-96.48777623 34.0307598
-96.48112636 34.15005567
-96.43216883 34.22597123
-96.29132889 34.36695726
-96.1744138 34.36695726
-95.94528324 34.3452671
-95.76875798 34.2910417
-95.49327347 34.21512615
-95.25449631 34.06329503
-95.04053434 33.9765344
-94.79501567 33.94399916
-94.49081699 33.99822456
-94.14457917 34.00906964
-93.84521134 34.04160488
-93.46990594 34.15005567
-93.18843055 34.30188678
-92.86308939 34.47540805
-92.6305237 34.58385885
-92.4581074 34.7139998
-92.22071403 34.84414075
-92.09006576 35.05027917
-91.92320675 35.12632171
-91.68481595 35.28928259
-91.46237127 35.52832293
-91.34240595 35.65872414
-91.3554642 35.93042864
-91.17868015 36.11521497
-91.08467316 36.34351093
-90.8032207 36.59358804
-90.59694388 36.73495387
-90.45635426 36.87633263
-90.22394013 37.01772432
-89.93023435 37.13737355
-89.63648489 37.22439699
-89.26370085 37.31142533
-88.83877008 37.23527526
-88.55450634 37.14825121
-88.21953537 36.93071252
-88.10582937 36.63708384
-88.0393105 36.25653706
-88.1414871 36.00651446
-88.21420643 35.74566439
-88.2776234 35.52832293
-88.27879852 35.24582467
-88.16775174 34.9742817
-88.0520302 34.72484488
-87.93218131 34.49709821
-87.85232987 34.26935154
-87.7362158 33.93315408
-87.57002341 33.67287218
-87.42391289 33.39090011
-87.10544734 33.13061821
-86.80013548 32.94625186
-86.40195131 32.75104043
-86.07082761 32.64258963
-85.64984568 32.53413884
-85.31391976 32.49075852
-85.14624316 32.49075852
-84.90117736 32.49075852
-84.68190796 32.49075852
-84.24117863 32.61005439
-83.9123171 32.63174455
-83.67160351 32.77273059
-83.35965544 32.89202646
-83.06392141 33.02216741
-82.7614262 33.13061821
-82.59049657 33.16315344
-82.49602889 33.35836487
-82.2752055 33.52104106
-82.0939371 33.52104106
-81.83627028 33.6078017
-81.53695029 33.72709757
-81.29359861 33.90061884
-80.9889325 34.08498519
-80.72675102 34.28019662
-80.54722271 34.52963345
-80.4274668 34.68146456
-80.16245777 34.74653504
-79.93641155 34.81160551
-79.82386996 34.98512678
-79.74667607 35.14804883
-79.57363913 35.25668904
-79.36860575 35.38706735
-79.16589599 35.4848583
-78.93221572 35.52832293
-78.63557207 35.53918928
-78.31038751 35.58265543
-78.11089048 35.69132616
-77.94463949 35.82174111
-77.8402502 35.95139504
-77.67295334 36.16416317
-77.58340055 36.49857226
-77.52990326 36.66580394
-77.59199156 36.84825912
-77.6205444 36.98511465
-77.60243574 37.30449135
-77.49530988 37.47181025
-77.50425825 37.65436064
-77.49204505 37.77607287
-77.557062 37.95865922
-77.58724721 38.24779841
-77.578781 38.46728758
-77.39351287 38.74438633
-77.15930951 39.00613638
-76.90906696 39.25766354
-76.57183401 39.49382839
-76.32417575 39.66840826
-76.11687727 39.75057032
-75.82841767 39.75057032
-75.71324791 39.75317056
-75.54979528 39.6907759
-75.55922036 39.6806012
-75.58860479 39.64888476
-75.60360809 39.61666357
-75.60526943 39.61138307
-75.57639559 39.45944078
-75.57416955 39.45471468
-75.57112118 39.45055055
-75.56695801 39.44694434
-75.5272251 39.41666384
-75.43554856 39.31444224
-75.42972041 39.30693941
-75.39666939 39.25110997
-75.39416333 39.24138015
-75.39138941 39.21333094
-75.39138966 39.20277675
-75.39222256 39.19665688
-75.39473124 39.19027026
-75.40499827 39.16833363
-75.40638957 39.15887919
-75.40527526 39.15138116
-75.38972545 39.08000011
-75.3883359 39.07555406
-75.3022175 38.91888752
-75.18832037 38.81667059
-75.13999856 38.69499145
-75.13417017 38.59027206
-75.0638861 38.58693858
-75.03860536 38.48472343
-75.03832699 38.47471158
-75.03971861 38.45750006
-75.0436813 38.45086197
-75.04072417 38.45306389
-75.04083428 38.44638137
-75.04387983 38.4216676
-75.04527145 38.41276719
-75.05555565 38.36721145
-75.05776756 38.3583275
-75.06416628 38.33999015
-75.06807175 38.33388178
-75.07028206 38.33277485
-75.07583365 38.33277485
-75.07945237 38.33555027
-75.07917282 38.34443812
-75.07472159 38.35416633
-75.06331849 38.39833594
-75.05916218 38.41776887
-75.05833375 38.4380424
-75.05971774 38.44694296
-75.06193497 38.45083368
-75.06530474 38.45341539
-75.06833912 38.45638092
-75.07305612 38.45888587
-75.07917373 38.45999289
-75.08083693 38.45971412
-75.08249759 38.4577748
-75.08361154 38.45527389
-75.08284715 38.45316489
-75.07945059 38.44582382
-75.0791741 38.44166241
-75.09083638 38.33999015
-75.0947261 38.32804816
-75.09723292 38.32361235
-75.15083263 38.24526878
-75.15804846 38.23777114
-75.17165722 38.2272115
-75.18110868 38.22360411
-75.1858249 38.22304664
-75.19554427 38.22360411
-75.32945655 38.10916572
-75.35499544 38.08499053
-75.35666096 38.08027672
-75.3686067 38.0341653
-75.37004255 38.0243866
-75.39973411 37.98860457
-75.41222087 37.91944207
-75.48860557 37.81777591
-75.49332964 37.81166154
-75.50334758 37.79833438
-75.57001061 37.68111286
-75.61471924 37.5827735
-75.6136141 37.57888496
-75.60915937 37.57527504
-75.59834256 37.57249291
-75.5905624 37.56944428
-75.59167553 37.56388408
-75.6019433 37.55138682
-75.64639497 37.4991619
-75.65249451 37.49415916
-75.65639072 37.49361003
-75.66027958 37.49499497
-75.66640088 37.4991619
-75.68306003 37.51583379
-75.69221675 37.53194057
-75.69388024 37.5461053
-75.69943038 37.55305043
-75.70250137 37.55499264
-75.70862162 37.55555391
-75.71390461 37.55305043
-75.72721296 37.54249546
-75.80387528 37.45278116
-75.84167687 37.3724913
-75.84249684 37.34749191
-75.85110138 37.27610538
-75.86806114 37.21693804
-75.96083008 37.15221425
-76.00278808 37.22387362
-76.01611142 37.25916963
-76.01806147 37.2672156
-76.01583196 37.27860438
-76.0089 37.31166097
-76.00750579 37.31777337
-75.95639416 37.49777696
-75.9305552 37.57610686
-75.91694605 37.6083299
-75.87832901 37.65387942
-75.87110662 37.65943591
-75.78138281 37.72499669
-75.69722021 37.79916228
-75.6625101 37.84054551
-75.64611288 37.94471325
-75.64404088 37.96117992
-75.67027178 37.97360779
-75.68998784 37.97887866
-75.69638596 37.97943604
-75.74944047 37.97971473
-75.76056213 37.97916139
-75.76666035 37.97776794
-75.78222976 37.97166101
-75.80027314 37.96333268
-75.81945334 37.94971341
-75.82194057 37.94666
-75.84222773 37.92972093
-75.84666317 37.9277742
-75.8547215 37.92721684
-75.86361502 37.9311103
-75.86639182 37.93332764
-75.87471152 37.94054915
-75.87748691 37.94388123
-75.88081761 37.94943069
-75.88221846 37.9533242
-75.88248728 37.9849937
-75.88194012 37.9869405
-75.84249738 38.08305572
-75.78277777 38.13694442
-75.91472152 38.14110905
-75.89611638 38.250278
-75.83583007 38.3919405
-75.83611844 38.39694211
-75.83805953 38.39888135
-75.84445392 38.40138217
-75.84916808 38.40165689
-75.85278429 38.40110744
-75.85721903 38.39916416
-76.021942 38.24388317
-76.03750181 38.22665403
-76.08777934 38.28638927
-76.16111652 38.34943554
-76.20889106 38.38638542
-76.22083686 38.39083352
-76.22242725 38.39046588
-76.22277975 38.38888621
-76.2227812 38.38054755
-76.21583419 38.32944192
-76.32333548 38.48027102
-76.32583179 38.486384
-76.32305703 38.49222227
-76.31554927 38.49554342
-76.29750091 38.50054941
-76.2469441 38.51027861
-76.20834481 38.52305029
-76.18499892 38.53444025
-76.16610706 38.56444081
-76.16528933 38.56721665
-76.16555666 38.56916014
-76.16887944 38.57194003
-76.17999574 38.57777862
-76.19444807 38.58111208
-76.2102858 38.58027569
-76.21278394 38.57777862
-76.21640009 38.56944298
-76.2172291 38.56694593
-76.21861019 38.562764
-76.22138506 38.55721638
-76.22389536 38.55471127
-76.23472811 38.55054553
-76.25307307 38.54943844
-76.26362397 38.55054553
-76.26889206 38.55166474
-76.27417199 38.55471127
-76.2833267 38.56582671
-76.28666831 38.57471588
-76.26528624 38.6197161
-76.17778294 38.61166308
-76.13789552 38.60343635
-76.13387967 38.60210295
-76.13071263 38.60027659
-76.12404627 38.59394092
-76.1066634 38.58721334
-76.10083304 38.58526983
-76.05665314 38.57583512
-76.04722351 38.57388757
-76.03361306 38.57332594
-76.02332606 38.57417041
-76.01139971 38.57721698
-75.99387863 38.58305963
-75.98472692 38.58665574
-75.97749585 38.59166203
-75.97389384 38.59444195
-75.96583371 38.60193728
-75.96277851 38.61332782
-75.95666337 38.64861115
-75.95889217 38.65193668
-75.96139794 38.65304385
-75.96694736 38.65276908
-75.97083616 38.64999713
-75.97972269 38.63638796
-75.98110527 38.62887631
-75.98555233 38.62137681
-75.99305319 38.61249545
-75.99973001 38.60666077
-76.00307018 38.60527079
-76.01278845 38.60360606
-76.03277694 38.60332725
-76.05499062 38.60777194
-76.06554537 38.61193784
-76.07556516 38.61749373
-76.19110437 38.68387912
-76.20472502 38.73972038
-76.20056569 38.7424925
-76.19915254 38.74443621
-76.21417292 38.76832673
-76.21777692 38.77110697
-76.27444152 38.78777239
-76.27917345 38.78666109
-76.28416187 38.78333527
-76.29554439 38.77027452
-76.30416777 38.75305163
-76.30555728 38.74694567
-76.30722184 38.72193614
-76.30665684 38.71831951
-76.30665407 38.7072151
-76.30694129 38.69526623
-76.30749998 38.69110011
-76.31027788 38.68471962
-76.31471416 38.6827679
-76.32556404 38.68055352
-76.33306447 38.67999589
-76.33806149 38.68111116
-76.34334304 38.68471962
-76.34389279 38.68832405
-76.34334184 38.69887876
-76.33306708 38.75721792
-76.33083654 38.76388562
-76.30555865 38.81221318
-76.30082591 38.81833152
-76.29695235 38.82221914
-76.27305897 38.83888107
-76.26749896 38.8411078
-76.25666454 38.84387605
-76.25307077 38.8433224
-76.24777108 38.84027126
-76.21945709 38.82055417
-76.21444155 38.81667059
-76.21278351 38.81361143
-76.21389693 38.80193653
-76.20751006 38.7936118
-76.18971186 38.77888199
-76.18250052 38.77332552
-76.16721759 38.76388562
-76.16055104 38.76138422
-76.15360733 38.76138422
-76.1425039 38.76610819
-76.13222222 38.77248902
-76.10777543 38.79083151
-76.10472173 38.79444427
-76.10194661 38.80360552
-76.10332967 38.80749715
-76.14194774 38.88611173
-76.21695041 38.9633279
-76.2205535 38.96610446
-76.22833329 38.96471416
-76.23276634 38.96221648
-76.29638718 38.92249249
-76.31696048 38.88804755
-76.35638679 38.85166356
-76.35972627 38.85360741
-76.3599975 38.85722032
-76.35776931 38.89527757
-76.35027833 38.9311089
-76.34472307 38.95027371
-76.34222978 38.95833254
-76.33555487 38.97582447
-76.31250278 39.02054537
-76.30556055 39.02748905
-76.3011059 39.02944121
-76.29833817 39.02971604
-76.28999178 39.02665645
-76.28860901 39.02276832
-76.27278148 39.00222035
-76.25973435 38.99110582
-76.24888428 38.98555262
-76.2352747 38.98221424
-76.22721551 38.98137763
-76.21278218 38.98137763
-76.2005625 38.98249312
-76.18331504 38.98666002
-76.16721704 38.99415725
-76.16027198 38.99832824
-76.1516696 39.00500102
-76.14527423 39.01305205
-76.06304828 39.13999069
-76.06220474 39.1427716
-76.06639208 39.14415802
-76.06916876 39.14415802
-76.07972112 39.14054849
-76.14139405 39.11249708
-76.22084139 39.06082561
-76.2600042 39.14694299
-76.26139844 39.15083144
-76.26111929 39.15554852
-76.258055 39.16137719
-76.17027101 39.31332248
-76.16639863 39.31971769
-76.09967552 39.35760443
-76.0919914 39.36226555
-75.97778037 39.38999405
-75.85638456 39.52916151
-75.84800138 39.54033653
-75.84638333 39.54249553
-75.83833784 39.55776632
-75.83276614 39.57138361
-75.83167878 39.57749283
-75.83860795 39.58111147
-75.93888516 39.60443676
-75.94276521 39.60388688
-76.0744481 39.55943209
-76.08306222 39.55332294
-76.08611631 39.54972053
-76.09555279 39.53333394
-76.11776437 39.49471515
-76.11999374 39.48971807
-76.11944417 39.48665756
-76.11665013 39.48333023
-76.11138811 39.48027379
-76.09972943 39.47638046
-76.07084915 39.47165835
-76.06139052 39.46471672
-76.05943076 39.46166435
-76.05943239 39.4588869
-76.06054201 39.45610542
-76.06722676 39.44749012
-76.08306267 39.43610555
-76.09749838 39.42609965
-76.18055988 39.37582452
-76.19526313 39.36805458
-76.20472389 39.36499836
-76.20973706 39.36388664
-76.21472376 39.36499836
-76.2219351 39.36832948
-76.22694658 39.37499578
-76.22917402 39.37971355
-76.22999392 39.39666449
-76.22527791 39.41888736
-76.25696019 39.4447127
-76.35972765 39.39999972
-76.48028312 39.30332546
-76.48084142 39.3019389
-76.48083911 39.29860792
-76.45168016 39.25860849
-76.43527431 39.2441572
-76.41944746 39.23416467
-76.41361621 39.23221226
-76.40167254 39.22999305
-76.39500377 39.22999305
-76.386947 39.22637928
-76.38861045 39.22471387
-76.41639307 39.2097172
-76.43856388 39.21221529
-76.46789542 39.21621305
-76.47020895 39.21921238
-76.47039045 39.22554657
-76.48472897 39.23137955
-76.48721532 39.23472251
-76.49167106 39.23832822
-76.51139928 39.24777911
-76.54944554 39.26111474
-76.57668042 39.26721869
-76.61111179 39.26055285
-76.61665421 39.25721792
-76.61860406 39.25417001
-76.61694398 39.24832886
-76.61388774 39.24638855
-76.60972672 39.24554371
-76.60388178 39.24582667
-76.59333682 39.24499396
-76.59112918 39.24459377
-76.5872164 39.24388637
-76.57834237 39.24027256
-76.47827763 39.17715756
-76.44305413 39.14888317
-76.43888812 39.14193895
-76.42470925 39.11526986
-76.41833402 39.10138983
-76.39306219 39.02054537
-76.39249869 39.01082912
-76.39500493 39.00638732
-76.44943339 38.91666472
-76.45249541 38.91304764
-76.45472432 38.91193625
-76.45917074 38.91137449
-76.46194841 38.91193625
-76.46889125 38.91554525
-76.49526433 38.93804005
-76.49943438 38.94248975
-76.52361861 38.85471472
-76.53750239 38.7316627
-76.51222503 38.56193569
-76.51055714 38.55332538
-76.50500326 38.53110689
-76.49471623 38.50972104
-76.48916547 38.5013898
-76.47833206 38.49027079
-76.44194318 38.45721725
-76.40666439 38.425833
-76.39611909 38.41387822
-76.38054783 38.38638542
-76.37554627 38.37416027
-76.37527957 38.36971625
-76.37609631 38.36361181
-76.38028324 38.35694583
-76.4024966 38.33860445
-76.41000512 38.33582094
-76.42222444 38.33471805
-76.43554629 38.33527151
-76.44305347 38.33694
-76.4486061 38.33943668
-76.4541785 38.34249491
-76.57917563 38.43193768
-76.63166715 38.48360427
-76.64222823 38.49832722
-76.66500953 38.5819404
-76.66639212 38.58832854
-76.66749686 38.60193728
-76.66722314 38.61444708
-76.66582826 38.63249273
-76.66639508 38.64111156
-76.66916255 38.65276908
-76.67527675 38.67082729
-76.67666458 38.67443977
-76.67833423 38.67555908
-76.6819435 38.66444285
-76.68500061 38.64888592
-76.66610466 38.48054576
-76.66082562 38.46888146
-76.64944379 38.45332246
-76.59444698 38.40499401
-76.48195449 38.31554876
-76.45306168 38.30083159
-76.44443849 38.29916314
-76.37111066 38.28833241
-76.38722605 38.2613872
-76.39223005 38.24888026
-76.39306405 38.24361251
-76.3919512 38.23860332
-76.38778876 38.22915861
-76.38277161 38.22193574
-76.37554895 38.21415949
-76.34777784 38.19388082
-76.3336237 38.17805395
-76.32139724 38.16137491
-76.31750695 38.15304556
-76.31554882 38.13943673
-76.30804796 38.04943733
-76.30999944 38.0463918
-76.31220509 38.04527295
-76.3191423 38.04810845
-76.33860759 38.05888498
-76.54861821 38.18638343
-76.56027654 38.20332531
-76.57779227 38.21860306
-76.58612052 38.2238788
-76.59778086 38.22971204
-76.61471303 38.23638554
-76.62998574 38.23943953
-76.65388361 38.24193604
-76.67443666 38.24249352
-76.6955433 38.24166539
-76.70861714 38.23999296
-76.73276971 38.23555337
-76.74583389 38.23166318
-76.86527992 38.27138152
-76.87609514 38.27777242
-76.91582846 38.30916174
-76.96861697 38.35638832
-76.97165915 38.36055353
-77.04028187 38.44137556
-77.04861903 38.43526679
-77.07084353 38.41916271
-77.07972922 38.41387822
-77.17832709 38.36888401
-77.18443447 38.366662
-77.1905513 38.365551
-77.19861294 38.36582976
-77.20556128 38.36915873
-77.23500365 38.39028003
-77.24444276 38.39833594
-77.24777677 38.40221442
-77.26444842 38.48387901
-77.26195157 38.4916647
-77.24804367 38.52416949
-77.23528153 38.54972127
-77.23388906 38.55166474
-77.18055166 38.6058284
-77.095278 38.68138593
-77.07972863 38.68971814
-77.06945935 38.69360544
-77.05943319 38.69638555
-77.03721926 38.69860398
-77.03167515 38.69804634
-77.02695172 38.69860398
-77.02166925 38.70054764
-77.0061209 38.75500344
-77.01946043 38.79610517
-77.02278348 38.80309229
-77.02166832 38.8088873
-77.01444446 38.85443992
-77.01501196 38.86388845
-77.01889395 38.86943717
-77.03944815 38.89221824
-77.05194338 38.90165893
-77.0611134 38.9052679
-77.06168797 38.90457278
-77.0502798 38.87887772
-77.03722025 38.8433224
-77.03500274 38.74222175
-77.03582835 38.73610775
-77.03805681 38.72943613
-77.0399924 38.72637713
-77.04305678 38.72276453
-77.05139532 38.71666274
-77.14167683 38.66221234
-77.19665176 38.64388349
-77.24028134 38.62054443
-77.30749319 38.48081646
-77.32861347 38.43305277
-77.32640401 38.40248915
-77.32001124 38.34527439
-77.24633801 38.33283141
-77.2241668 38.33360707
-77.17388894 38.34083045
-77.16806063 38.34249491
-77.16166224 38.34471283
-77.07555878 38.37609948
-77.0619323 38.38193732
-77.02972919 38.31193308
-76.93249152 38.20304658
-76.87694371 38.17832863
-76.85333479 38.17027387
-76.83778246 38.16749471
-76.68943569 38.15138131
-76.59249648 38.12916052
-76.58944726 38.11639209
-76.50111275 38.02360705
-76.40972669 37.97693995
-76.40028606 37.97221435
-76.34944175 37.95665631
-76.29055798 37.93499165
-76.27251153 37.92666352
-76.25139986 37.91387657
-76.24722208 37.91026991
-76.24167153 37.90499524
-76.2341627 37.89527793
-76.22806336 37.88611399
-76.22833292 37.87721667
-76.28555369 37.69694272
-76.33751012 37.62665858
-76.35360951 37.61859862
-76.36776691 37.63249359
-76.37165881 37.63471858
-76.41250461 37.64415965
-76.49082666 37.65554717
-76.5658299 37.74305214
-76.70249706 37.83305792
-76.83444118 37.95304955
-76.88139596 38.00905826
-76.88339428 38.01489069
-76.88488934 38.02071101
-76.88606061 38.0267212
-76.88804443 38.03254965
-76.90750309 38.06305344
-76.91444573 38.07221843
-76.92083388 38.08055138
-76.92917175 38.088331
-76.93888673 38.09499582
-77.0480516 38.15804235
-77.05277868 38.1602681
-77.05860523 38.16221108
-77.11915265 38.17360645
-77.12832565 38.17527073
-77.13389606 38.17276624
-77.13444285 38.17027387
-77.13082355 38.16526492
-77.11166437 38.14277329
-77.10972087 38.14110905
-77.02501089 38.09748806
-77.01666505 38.09527049
-76.99305765 38.09499582
-76.9788818 38.09166341
-76.95583908 38.08166622
-76.93998537 38.07221843
-76.92694443 38.05916369
-76.91971681 38.0480519
-76.90433931 38.01916404
-76.90266729 38.00583105
-76.90233598 38.00149311
-76.90233902 37.99816494
-76.85278579 37.93277027
-76.84415986 37.92276603
-76.72471443 37.79805168
-76.7158361 37.79194142
-76.67222481 37.76527545
-76.65527223 37.76194375
-76.64334207 37.76250105
-76.62887324 37.75972262
-76.61500063 37.7527806
-76.58972273 37.7274843
-76.57667888 37.69276717
-76.57000657 37.66888925
-76.56777954 37.66443919
-76.55943398 37.65416209
-76.54194136 37.63333755
-76.5358259 37.62721583
-76.52417359 37.6213768
-76.51305895 37.61915991
-76.42138629 37.60332681
-76.29472335 37.56971886
-76.28666945 37.56750204
-76.2452736 37.49526953
-76.23693731 37.4411004
-76.23638971 37.43249633
-76.236668 37.42055328
-76.23805331 37.37804678
-76.2408273 37.36888591
-76.2611188 37.33416472
-76.28944434 37.33554952
-76.40221753 37.34415708
-76.37499996 37.29805148
-76.37111099 37.29083297
-76.36971865 37.28138194
-76.37165692 37.27833389
-76.38110849 37.27388091
-76.44833871 37.26277477
-76.45472511 37.26194312
-76.46139881 37.26333189
-76.47944461 37.26832581
-76.48499766 37.26998911
-76.49222268 37.27361042
-76.57889161 37.32361125
-76.682773 37.42972253
-76.67054496 37.38665861
-76.61027379 37.30943241
-76.60194039 37.30221789
-76.58555604 37.29193916
-76.54305618 37.26888294
-76.47361627 37.23332833
-76.45750057 37.22610205
-76.44915732 37.22360717
-76.43611292 37.22248892
-76.37720742 37.21415656
-76.29249621 37.13915921
-76.28750419 37.13193741
-76.26777721 37.09916319
-76.26694842 37.08832876
-76.26806476 37.078883
-76.28721707 37.00972085
-76.28916393 37.00638271
-76.29249763 37.00361371
-76.29695525 37.00166007
-76.38972091 36.97332054
-76.43638966 36.99722
-76.55749353 37.08443742
-76.60610951 37.12443306
-76.61444217 37.13221191
-76.61582741 37.13611144
-76.61610507 37.14305068
-76.61555814 37.15082962
-76.61221714 37.16137787
-76.6119393 37.17582987
-76.61527801 37.191376
-76.62138139 37.20582423
-76.6266595 37.21388204
-76.63612324 37.22137874
-76.64138464 37.22387362
-76.65388251 37.22693771
-76.67833473 37.22610205
-76.78522373 37.23504811
-76.8795646 37.24505193
-76.88704553 37.24688073
-76.89038146 37.2487176
-76.89288826 37.25088147
-76.89704617 37.25588343
-76.90556132 37.26804725
-76.90605481 37.27021519
-76.9702745 37.29416366
-76.97805477 37.30360265
-76.98500079 37.30971906
-76.99554326 37.3160979
-77.23860505 37.33610667
-77.23222575 37.29639219
-77.14612133 37.29193916
-77.02722008 37.28361046
-76.86493801 37.21338145
-76.71665481 37.14749117
-76.64805944 37.04916155
-76.64168154 37.04444686
-76.57556822 37.01583609
-76.48527575 36.96444057
-76.47999489 36.96110656
-76.47667053 36.95277964
-76.47749877 36.90526902
-76.33168203 36.86361619
-76.29361009 36.84332295
-76.31695945 36.87887666
-76.31916702 36.88333657
-76.31834176 36.93999268
-76.31582719 36.94526406
-76.31166183 36.94721762
-76.26139976 36.95888255
-76.24888582 36.95693704
-76.23555361 36.95083011
-76.19526565 36.92943787
-76.16887912 36.92055008
-76.15278208 36.91721213
-76.07390045 36.90499456
-76.05972544 36.90471607
-76.05333074 36.90637897
-76.04194904 36.91026986
-76.02722282 36.91776913
-76.01528815 36.92110304
-76.01001532 36.92137751
-76.00306961 36.91999308
-75.99749769 36.9180557
-75.98999002 36.91387822
-75.98306533 36.90750103
-75.97860694 36.89749132
-75.96389475 36.85805449
-75.96194278 36.85054745
-75.88639393 36.64054645
-75.85168515 36.54907267
-75.84943741 36.53166469
-75.84415782 36.50666276
-75.82778907 36.4408268
-75.80915941 36.37082975
-75.78528247 36.2836082
-75.71666087 36.12443692
-75.70750668 36.10860299
-75.69999631 36.09665806
-75.65916828 36.04361497
-75.63582755 36.00777793
-75.5755638 35.90888346
-75.55332968 35.85888804
-75.5291711 35.80387678
-75.53611486 35.79916589
-75.55555519 35.80665977
-75.5583287 35.80943065
-75.58639556 35.846941
-75.58860269 35.85083326
-75.59056364 35.86111047
-75.59056067 35.86693479
-75.58694332 35.88860679
-75.5877866 35.8936124
-75.59222508 35.90388183
-75.63305457 35.94888097
-75.64084115 35.9569403
-75.660831 35.97443861
-75.68332144 35.99166283
-75.70084226 36.00805223
-75.72860772 36.06110217
-75.73860477 36.10583156
-75.73971838 36.11333096
-75.73693542 36.11832924
-75.73805026 36.12609899
-75.73889458 36.1313797
-75.74944186 36.17722055
-75.7530675 36.18832293
-75.75584296 36.19609707
-75.76055896 36.20833324
-75.76833884 36.22248585
-75.81165884 36.31944357
-75.86389393 36.47637932
-75.86999246 36.4986046
-75.87916434 36.53277034
-75.88270305 36.54994025
-75.88194025 36.58194014
-75.91000229 36.66137376
-75.91278105 36.66916238
-75.92999155 36.70638284
-75.93610693 36.71443804
-75.93888638 36.71666171
-75.93970915 36.71666171
-75.94665644 36.71666171
-75.95222624 36.71443804
-75.95584623 36.71166553
-75.96222538 36.70249247
-75.96665806 36.6808252
-75.97555258 36.62082917
-75.97777988 36.57638753
-75.97610258 36.56527025
-75.97472122 36.5608274
-75.96884091 36.54971831
-75.96333913 36.54166396
-75.95973343 36.53889176
-75.95139835 36.53722118
-75.94444497 36.54138553
-75.9433201 36.54527147
-75.94329525 36.54971831
-75.94526309 36.55832553
-75.94444499 36.56110583
-75.9408246 36.56388615
-75.92249858 36.57138373
-75.91362439 36.57444654
-75.91166741 36.57194061
-75.90924036 36.54999674
-75.89999458 36.49694213
-75.89916904 36.48860157
-75.92332531 36.4849942
-75.9305574 36.4849942
-75.96111698 36.48860157
-75.96777202 36.48999368
-75.97389316 36.49249544
-75.97694399 36.49665968
-76.01279782 36.5498434
-76.01501609 36.55943523
-76.01777535 36.56471742
-76.02277873 36.57138373
-76.04527268 36.58665342
-76.04306017 36.57471287
-76.04055737 36.56860744
-76.02899518 36.54999674
-76.03860766 36.5205437
-76.03917318 36.51583466
-76.03472583 36.49665968
-75.98998816 36.41582634
-75.98389087 36.40749429
-75.94665335 36.37193125
-75.91640131 36.35139027
-75.88333475 36.29555054
-75.79638452 36.11805492
-75.78389052 36.08027579
-75.7833229 36.07388993
-75.78416809 36.0711105
-75.7855488 36.06998905
-75.79138298 36.06915804
-75.79666337 36.07083619
-75.80942616 36.07833139
-75.84361152 36.10110361
-75.85166667 36.10833271
-75.85777449 36.11666718
-75.93804996 36.27444171
-75.93693626 36.28277305
-75.93833001 36.28721914
-75.94248486 36.29083411
-75.96583258 36.30832411
-75.97083836 36.3119351
-75.97749619 36.31276623
-75.98998876 36.31249188
-75.99665676 36.31166074
-75.99804931 36.30999041
-75.96111805 36.2024915
-75.95639419 36.19609707
-75.9531676 36.189271
-75.9408243 36.18177123
-75.92617437 36.17326696
-75.92433447 36.17077379
-75.92783532 36.16976925
-75.94942918 36.16860335
-75.98998784 36.17694622
-76.00527803 36.1808272
-76.01167658 36.18332443
-76.03066602 36.1997078
-76.03415922 36.20471846
-76.03800299 36.21421535
-76.04750094 36.22526959
-76.13722486 36.28638802
-76.14250511 36.28972057
-76.18222066 36.31444061
-76.18971074 36.31888678
-76.1955411 36.31999228
-76.20194606 36.31916114
-76.20695004 36.31666773
-76.22166455 36.29860876
-76.22444372 36.29361394
-76.22223009 36.28889348
-76.18361463 36.26915648
-76.16444379 36.26249954
-76.14973635 36.25944139
-76.1444554 36.25638324
-76.09216593 36.19760187
-76.07649758 36.18043588
-76.07532918 36.17777325
-76.06305247 36.15332166
-76.1299907 36.12609899
-76.20334207 36.09748908
-76.21139617 36.09443932
-76.21694801 36.09332592
-76.22500748 36.09360831
-76.23582013 36.09499602
-76.33417245 36.13471999
-76.3708321 36.14999746
-76.36776707 36.11832924
-76.37138786 36.07694368
-76.49276759 36.01082348
-76.49777299 36.0083346
-76.51083326 36.00666056
-76.52640011 36.00721723
-76.64695677 36.02916549
-76.65666789 36.03110983
-76.66777121 36.03611591
-76.68588032 36.06576949
-76.69089132 36.07011007
-76.69271597 36.07260308
-76.69521033 36.07810951
-76.70904463 36.11410955
-76.71138382 36.12093932
-76.72749044 36.16526702
-76.72778318 36.16944248
-76.72111079 36.20193879
-76.71665406 36.21693856
-76.71112115 36.2308169
-76.70250021 36.24388445
-76.69861093 36.24805205
-76.70611839 36.26415772
-76.74415255 36.23027226
-76.74804034 36.22610067
-76.75666759 36.20971703
-76.75834475 36.19860239
-76.7602874 36.15360809
-76.76028498 36.13665639
-76.75383723 36.09477415
-76.73683359 36.0526026
-76.73099996 36.04260649
-76.73138528 35.9422133
-76.73055916 35.93943411
-76.7280566 35.93888553
-76.66916026 35.93332716
-76.65527112 35.93276648
-76.56027589 35.93832485
-76.54722616 35.94110001
-76.53555662 35.94443586
-76.5238966 35.94777171
-76.37805383 35.9569403
-76.35665651 35.94332256
-76.30416798 35.92583266
-76.27917632 35.9191651
-76.26749688 35.91889081
-76.30416596 35.94193095
-76.30722348 35.94388324
-76.30860255 35.94777171
-76.30833279 35.95110757
-76.3052708 35.95610128
-76.29695256 35.96221639
-76.29167057 35.96471327
-76.18082681 35.99471642
-76.16860972 35.99721738
-76.08417035 35.99443808
-76.07084911 35.99193309
-76.05638401 35.98526927
-76.0458368 35.97916214
-76.03332374 35.9694408
-76.02555351 35.96277305
-76.02362159 35.95833192
-76.01973561 35.92666359
-76.0238949 35.91889081
-76.05833219 35.84249618
-76.05305297 35.79361608
-76.04167153 35.7491619
-76.03694372 35.69388031
-76.037783 35.68777029
-76.03889446 35.6852658
-76.0422186 35.68249513
-76.05055566 35.68138606
-76.0969544 35.68665718
-76.10750103 35.68943592
-76.11389402 35.69221467
-76.11999294 35.69694137
-76.12833187 35.70083325
-76.13390208 35.7005469
-76.13722349 35.69777217
-76.13860699 35.69582019
-76.13945143 35.69110156
-76.13750909 35.68638294
-76.13501159 35.68332593
-76.10583839 35.66166487
-76.10055737 35.65916042
-76.03527194 35.64999763
-76.03083757 35.6497234
-76.02443976 35.65832561
-75.99499629 35.70694331
-75.99276422 35.71360997
-75.98749995 35.77582942
-75.9866671 35.78971994
-75.98750123 35.7947212
-75.99249716 35.80416315
-75.99554324 35.81332685
-75.98998966 35.87749042
-75.98889412 35.88360925
-75.97694759 35.89305174
-75.96445172 35.90249025
-75.94332021 35.91776947
-75.85360732 35.97499527
-75.84805878 35.97554789
-75.83028578 35.96831942
-75.8191673 35.96166377
-75.78332374 35.9197177
-75.7508401 35.87999119
-75.74749785 35.87582459
-75.723622 35.82305124
-75.72028142 35.81444005
-75.71972415 35.81027765
-75.72054839 35.69498939
-75.72111518 35.69027076
-75.73638749 35.62721995
-75.73998963 35.61888408
-75.74333118 35.61388741
-75.78416858 35.57471318
-75.78750769 35.57194271
-75.79305903 35.56944243
-75.81695677 35.56609933
-75.83833723 35.5669462
-75.86000522 35.58471433
-75.89362019 35.57555198
-75.97555204 35.52166379
-75.97887783 35.51888535
-75.98195061 35.51305427
-76.00222486 35.46610402
-76.04110572 35.42416332
-76.13194232 35.36138545
-76.13444646 35.35832908
-76.14917235 35.33694272
-76.45944328 35.37166344
-76.46444318 35.37276423
-76.49305619 35.38333665
-76.49916232 35.38611081
-76.52250071 35.40416316
-76.56728324 35.4824435
-76.56744634 35.48377825
-76.56678214 35.48610498
-76.57472332 35.50805392
-76.57194593 35.5083362
-76.55416889 35.50944111
-76.50805588 35.5311081
-76.57972537 35.55054534
-76.58751136 35.55138413
-76.59277903 35.55110184
-76.61027429 35.53916525
-76.61944847 35.53249935
-76.63194613 35.5224945
-76.61610585 35.45888599
-76.60139173 35.43138522
-76.65249699 35.41499789
-76.90556315 35.46027314
-76.92027542 35.46305148
-76.93277334 35.46832589
-76.94082909 35.47554799
-76.94415565 35.47971352
-76.95278791 35.48555254
-77.05082908 35.53027335
-77.04833747 35.52360749
-77.02695249 35.49193596
-77.01916046 35.48193541
-76.83250146 35.39221963
-76.51916145 35.30665799
-76.50388658 35.31054889
-76.49444936 35.30721844
-76.46888935 35.27166456
-76.4827727 35.23249496
-76.4847254 35.22720926
-76.48805156 35.22221386
-76.49444598 35.22137928
-76.56361916 35.23360371
-76.66583081 35.17694557
-76.66915967 35.17416372
-76.67165603 35.16888628
-76.66694109 35.16443937
-76.66139168 35.16277027
-76.59638894 35.14804681
-76.58168278 35.1472163
-76.57583374 35.14972396
-76.57251272 35.15248964
-76.5755647 35.15665429
-76.58472873 35.16332664
-76.58555352 35.16638666
-76.58472739 35.16888628
-76.58056835 35.17082954
-76.57362363 35.17166409
-76.56750901 35.16888628
-76.56305335 35.16583029
-76.55916301 35.16166157
-76.55444542 35.15443691
-76.55139343 35.14388217
-76.55444563 35.13193663
-76.56054474 35.12109985
-76.57055426 35.10860216
-76.59999346 35.07721729
-76.60804855 35.07110971
-76.65417524 35.0433296
-76.71972886 35.00527436
-76.73443308 34.99777586
-76.76140265 34.98777043
-76.79255119 34.98671193
-76.79989385 34.98521474
-76.81188654 34.98471568
-76.81690042 34.98571783
-76.83606152 34.99255581
-76.86722048 35.00000556
-76.9763963 35.06805392
-77.0350012 35.10360715
-76.96501274 34.99777586
-76.94444138 34.97748327
-76.93499764 34.9708264
-76.92388855 34.96499862
-76.89000416 34.95388237
-76.84927208 34.94443638
-76.83211605 34.94260514
-76.82260109 34.9410999
-76.81010593 34.93777146
-76.77888026 34.92666326
-76.75306152 34.9052679
-76.74082738 34.91693956
-76.73666109 34.92027202
-76.69721837 34.94887966
-76.64750393 34.97804271
-76.63667123 34.98221231
-76.62554718 34.9847197
-76.61054603 34.98249404
-76.57000342 34.98137517
-76.53332855 35.00471402
-76.46417715 35.06777575
-76.46055713 35.07055338
-76.45445377 35.07138385
-76.44888418 35.06888841
-76.44249012 35.06193428
-76.43305972 35.04472041
-76.4316752 35.04083421
-76.430498 34.99455609
-76.4306668 34.99121558
-76.43149296 34.98804411
-76.43299726 34.98655497
-76.43648975 34.98554879
-76.45666602 34.9694419
-76.46111857 34.96610542
-76.46444684 34.96111075
-76.46694965 34.9552709
-76.46833289 34.94915736
-76.46444388 34.93943367
-76.45834377 34.93387554
-76.4511127 34.93166195
-76.4458314 34.93193966
-76.41532404 34.94115624
-76.32749674 34.96804935
-76.32251309 34.97054467
-76.32167272 34.97665418
-76.32251221 34.98193863
-76.32860893 34.99026978
-76.33889445 35.0022187
-76.35306103 35.01777525
-76.35305972 35.02332227
-76.34943943 35.02388261
-76.32722654 35.01998841
-76.31220721 35.01500577
-76.30555923 35.00777776
-76.2708383 34.96415746
-76.2727795 34.96111075
-76.29249531 34.93693432
-76.33583411 34.8869434
-76.33944584 34.88416635
-76.3488942 34.87832649
-76.36944811 34.86859877
-76.37999241 34.86444527
-76.39138335 34.86193787
-76.41138773 34.84777089
-76.48138805 34.77638461
-76.49694664 34.74222287
-76.49888473 34.73638302
-76.50333963 34.73305056
-76.62137892 34.71277407
-76.65804733 34.74832836
-76.76529091 34.76194395
-77.08612487 34.67610091
-77.09222326 34.67527182
-77.09611252 34.67666035
-77.10249091 34.68166306
-77.12333516 34.69331696
-77.1755524 34.6547136
-77.27305148 34.58443814
-77.30499058 34.56193599
-77.31416112 34.55749673
-77.33250294 34.56566287
-77.33649227 34.56632694
-77.34016764 34.5679972
-77.36199618 34.58116605
-77.36332531 34.59182348
-77.35999951 34.59282564
-77.36832786 34.60333013
-77.36500448 34.60610315
-77.33389725 34.63499655
-77.33000035 34.63971753
-77.33000044 34.64249861
-77.37222046 34.72665529
-77.39056286 34.73443908
-77.39555761 34.73555393
-77.4288738 34.74193712
-77.42444032 34.71305177
-77.40943394 34.68915707
-77.3857191 34.61260709
-77.37954704 34.5711083
-77.37921633 34.56843589
-77.37871621 34.55610821
-77.37249915 34.52054587
-77.37998781 34.51583293
-77.38276437 34.51500384
-77.39167728 34.51444038
-77.4119406 34.51583293
-77.4305545 34.51305186
-77.44776962 34.50805317
-77.4627869 34.50000375
-77.57362294 34.43693654
-77.60722776 34.41666408
-77.62193087 34.40777349
-77.63667477 34.39804979
-77.66443842 34.37943148
-77.68221989 34.36555026
-77.70527748 34.34193728
-77.7508426 34.29277143
-77.76362453 34.27777133
-77.83500142 34.19193232
-77.85861014 34.1574969
-77.86582446 34.14415901
-77.86972326 34.13082514
-77.88333284 34.0752761
-77.88362163 34.06499699
-77.88194153 34.05693549
-77.8797124 34.04943746
-77.88416902 34.03277113
-77.91305911 33.95166115
-77.92138749 33.93693474
-77.92527636 33.93221778
-77.93083552 33.92777047
-77.93443 33.92694541
-77.92249944 33.99193642
-77.92111627 34.01194326
-77.92027407 34.0266576
-77.92443882 34.10722022
-77.925275 34.11305605
-77.92972275 34.12499334
-77.9486046 34.1574969
-77.96166648 34.15860369
-77.95611399 34.13999343
-77.95083261 34.11943924
-77.94777066 34.09138298
-77.9449957 34.06499699
-77.9455434 34.03694073
-77.94694184 34.02054406
-77.94860659 34.0088885
-77.952792 33.99082963
-77.95527739 33.9849938
-77.97389075 33.94721787
-77.97833091 33.93832326
-78.01362419 33.89193848
-78.01888963 33.88943913
-78.03277703 33.88777693
-78.03860445 33.88833234
-78.06973326 33.89500128
-78.10139055 33.90471291
-78.10603786 33.90565971
-78.14639429 33.9138812
-78.16139054 33.9155434
-78.23444073 33.91972105
-78.24027987 33.91999473
-78.43720554 33.89804799
-78.51806667 33.87998911
-78.57222161 33.88167144
-78.57640394 33.88110798
-78.58778527 33.87749379
-78.60055664 33.87082485
-78.8274968 33.7302699
-78.85444708 33.71221505
-78.8680573 33.70221566
-78.88137968 33.69193252
-78.91777026 33.65749711
-78.93749583 33.63804971
-78.98083225 33.59166291
-79.13333021 33.42194089
-79.14195601 33.4094341
-79.14750768 33.39527517
-79.14973301 33.38360955
-79.1641702 33.31444088
-79.19644372 33.27893891
-79.26806851 33.30693882
-79.26945358 33.31082468
-79.26972809 33.31638683
-79.26916305 33.32249433
-79.26722203 33.3291673
-79.25973349 33.34471475
-79.24749661 33.36471756
-79.2397168 33.37526632
-79.23277381 33.38305213
-79.2291699 33.38582515
-79.19166848 33.42860379
-79.18749658 33.43471934
-79.18859295 33.43638155
-79.19415416 33.43471934
-79.20889753 33.4269436
-79.22610871 33.413326
-79.27139049 33.3733244
-79.288336 33.33250177
-79.29083232 33.32638622
-79.29471912 33.3119355
-79.29666341 33.29833198
-79.29526907 33.28804885
-79.29388736 33.28027311
-79.28250548 33.26639188
-79.25894269 33.24572097
-79.25228677 33.24238247
-79.22578447 33.2337213
-79.22378268 33.23138697
-79.20472622 33.18555155
-79.20584097 33.16554271
-79.23305942 33.14110869
-79.32236418 33.08313073
-79.34258262 33.0753892
-79.36279774 33.062488
-79.37054099 33.03839809
-79.38193691 33.00971801
-79.38806759 33.00805178
-79.39167473 33.00750241
-79.44526798 33.00471529
-79.49305871 33.00416995
-79.49360638 33.00916662
-79.49555078 33.01166999
-79.51306594 33.03110934
-79.51665957 33.03360668
-79.52611042 33.03555665
-79.53694312 33.033333
-79.55695074 33.02416672
-79.57084353 33.01639299
-79.57888715 33.01082682
-79.59695222 32.9938848
-79.60804591 32.9791604
-79.62859747 32.9430507
-79.6272124 32.93555065
-79.6133246 32.91833093
-79.61111697 32.9166647
-79.72832887 32.80804381
-79.73693439 32.80027009
-79.79472476 32.77527261
-79.81582538 32.76721514
-79.85304991 32.77005458
-79.85688955 32.77038661
-79.85971555 32.7712157
-79.88355906 32.78971528
-79.88439492 32.79205364
-79.90111046 32.80971809
-79.90028342 32.81249313
-79.89222863 32.82138573
-79.88110593 32.8291675
-79.87777383 32.83277566
-79.87721455 32.83749865
-79.87804996 32.84054536
-79.88055927 32.84444128
-79.8877887 32.84916226
-79.89389018 32.85166563
-79.89999821 32.85360554
-79.9416696 32.85388526
-79.94360035 32.85305416
-79.97027053 32.79193894
-79.96806296 32.78388147
-79.96222433 32.77388409
-79.94943066 32.76166909
-79.94444541 32.75888802
-79.92477518 32.74711172
-79.91111611 32.7456105
-79.90244246 32.74393823
-79.8832706 32.73477598
-79.8814399 32.73227261
-79.88243705 32.72193917
-79.87027299 32.70499715
-79.87331963 32.70000248
-79.8841698 32.68720994
-79.90028337 32.67388614
-79.91721599 32.6624942
-79.98778256 32.61832703
-80.04695439 32.60610197
-80.22277896 32.54083124
-80.32112021 32.48193766
-80.32639865 32.48027143
-80.33168356 32.479714
-80.40915895 32.47166056
-80.41639704 32.48971943
-80.41972604 32.49388501
-80.42304916 32.49638637
-80.43277074 32.50027826
-80.44082363 32.50166276
-80.53694125 32.51500266
-80.61138967 32.52027503
-80.66693938 32.52416693
-80.67165458 32.52166356
-80.68028502 32.50416814
-80.68221946 32.49971681
-80.6787706 32.49839872
-80.57222953 32.48610726
-80.55333386 32.48443901
-80.54999209 32.48499442
-80.54445062 32.48749377
-80.54027797 32.49055054
-80.53582608 32.49166538
-80.52667382 32.4922228
-80.51946068 32.49027082
-80.48472422 32.47665321
-80.479443 32.47360651
-80.4283318 32.40582234
-80.42805295 32.40304529
-80.43083208 32.39166743
-80.44248904 32.35193952
-80.45834825 32.32527381
-80.46278237 32.31916027
-80.46721611 32.31582781
-80.53332761 32.28611338
-80.57444591 32.26805249
-80.63138208 32.25638687
-80.64183023 32.2898302
-80.64350013 32.29233155
-80.64349872 32.29649713
-80.64166714 32.3429946
-80.65360923 32.42276838
-80.67443812 32.45027526
-80.67471594 32.39721751
-80.66860977 32.34721451
-80.67444585 32.33704608
-80.67345115 32.33239151
-80.67394446 32.31655226
-80.67494244 32.31421591
-80.67645022 32.31238467
-80.68011241 32.31171657
-80.6829458 32.31221765
-80.68611641 32.31404889
-80.71112125 32.31971769
-80.75889713 32.36277002
-80.76194462 32.36693559
-80.76861067 32.38055119
-80.79665911 32.45665845
-80.79943868 32.46610646
-80.80694589 32.50027826
-80.82778213 32.52332375
-80.83694548 32.51666487
-80.82750268 32.46249629
-80.81695056 32.42166561
-80.81554988 32.41666491
-80.78332855 32.3105494
-80.76640885 32.28472485
-80.74749122 32.25972134
-80.74415593 32.25638687
-80.73694309 32.26138556
-80.73277248 32.2627761
-80.72084646 32.26361122
-80.71333679 32.26082612
-80.70360765 32.25555375
-80.67694241 32.23582865
-80.67138574 32.2283286
-80.66888192 32.22166167
-80.67000163 32.2141576
-80.67277195 32.20916293
-80.71861259 32.15832883
-80.72278015 32.15499436
-80.81972604 32.10194063
-80.82139874 32.10360686
-80.8188895 32.11639135
-80.80109752 32.15248898
-80.82555871 32.15665455
-80.87917139 32.07944049
-80.89472685 32.05555384
-80.89723438 32.04277136
-80.89695299 32.03694156
-80.89583866 32.03194086
-80.89296023 32.02785578
-80.8427704 32.01860499
-80.83778833 32.01554822
-80.8341608 32.01221375
-80.83195884 32.00777852
-80.83277632 32.00166498
-80.83555311 31.99638859
-80.85472168 31.97193847
-80.93055147 31.89777313
-80.93860648 31.89138591
-80.96834141 31.86777696
-80.97694371 31.86166544
-80.98276856 31.8591661
-81.05555101 31.79222511
-81.12916365 31.69860633
-81.12582102 31.69527789
-81.12638635 31.68833124
-81.13583912 31.61805578
-81.13806037 31.60861381
-81.16000377 31.56833049
-81.16472091 31.56499803
-81.16945415 31.56305409
-81.23950852 31.55994098
-81.2440019 31.56027905
-81.27305795 31.56249868
-81.28500541 31.56805681
-81.29749319 31.56944332
-81.30749558 31.56611287
-81.31778281 31.56110814
-81.32722395 31.55638716
-81.33555404 31.55083306
-81.29083465 31.49083067
-81.28860687 31.48971784
-81.28332475 31.49027526
-81.27361788 31.49360973
-81.26112552 31.50166519
-81.24300075 31.50194289
-81.20472708 31.47471774
-81.27750215 31.35722237
-81.27582644 31.28083337
-81.27166707 31.27750091
-81.26916607 31.27416644
-81.26722413 31.26611098
-81.26695236 31.25972176
-81.2752794 31.23472227
-81.28222262 31.22193979
-81.28972207 31.21416204
-81.36389006 31.16249684
-81.41471663 31.17611042
-81.40943703 31.18555239
-81.4077705 31.19305243
-81.40722963 31.20194101
-81.40805084 31.20555318
-81.40943246 31.20638429
-81.43110797 31.21166471
-81.43527281 31.21166471
-81.44055244 31.2111093
-81.44471614 31.20888766
-81.45027887 31.20360925
-81.49638739 31.12777566
-81.4969507 31.12555402
-81.4938776 31.11749857
-81.48805157 31.11027622
-81.4830623 31.10666606
-81.44332502 31.08111317
-81.43166849 31.09361392
-81.42999233 31.10027482
-81.40472194 31.11416409
-81.40222548 31.1144418
-81.40082971 31.1094411
-81.39999128 31.08610985
-81.40140102 31.07944292
-81.41749323 31.03388521
-81.42138221 31.02416755
-81.46501745 30.93444268
-81.46834286 30.9308305
-81.47888877 30.92360816
-81.49889498 30.9044445
-81.50389207 30.89694244
-81.53388583 30.85055162
-81.5336207 30.84833401
-81.5141749 30.80583307
-81.50612289 30.79472084
-81.49583886 30.78333293
-81.48998958 30.77250243
-81.48693351 30.76416524
-81.48638667 30.75361246
-81.48693229 30.74805232
-81.48889051 30.74222253
-81.49526851 30.7322171
-81.50734663 30.71346597
-81.47694892 30.6905533
-81.43527192 30.63943948
-81.44415711 30.57305189
-81.45306774 30.50833254
-81.41362428 30.46944176
-81.41139093 30.46471877
-81.39111486 30.38721895
-81.39029308 30.3827797
-81.3927685 30.35805389
-81.39222734 30.29138859
-81.38944762 30.27499997
-81.386126 30.26111271
-81.36111729 30.19027379
-81.32973043 30.07444465
-81.30416859 29.97388727
-81.28722334 29.9038875
-81.25527884 29.79666922
-81.24804625 29.77666641
-81.18526908 29.61971882
-81.15916401 29.55833595
-81.01390225 29.24305425
-80.96610616 29.15305369
-80.82972534 28.93971789
-80.70249946 28.74722004
-80.68943908 28.72749694
-80.68249621 28.71749755
-80.67639439 28.70944008
-80.64111627 28.67277497
-80.63583798 28.66555062
-80.58721324 28.59055417
-80.56945395 28.56194855
-80.56249975 28.54722213
-80.55249307 28.52499969
-80.53333053 28.47138452
-80.52972398 28.45666414
-80.53029575 28.45111004
-80.53306804 28.44666475
-80.53693552 28.44333028
-80.54055581 28.44110461
-80.55611036 28.4349951
-80.56361421 28.43000044
-80.59695986 28.40221787
-80.59778051 28.33916475
-80.59778557 28.2741697
-80.59778111 28.24666685
-80.59555821 28.2261046
-80.5908417 28.1947179
-80.58695168 28.1736083
-80.58084109 28.1422216
-80.57305888 28.11110857
-80.5613814 28.07944417
-80.53944663 28.03805204
-80.53443789 28.02944318
-80.49665466 27.9688874
-80.47500761 27.93583044
-80.46417367 27.918331
-80.45249339 27.89638828
-80.44611393 27.88110847
-80.4447209 27.87583006
-80.44472088 27.87249961
-80.44526762 27.86750092
-80.44665811 27.86444214
-80.50778228 27.95471639
-80.55776662 28.03805204
-80.56499921 28.05111222
-80.59138484 28.11027747
-80.59472683 28.11944375
-80.60082334 28.1374986
-80.60722139 28.16110755
-80.61944851 28.21138825
-80.62111306 28.22443837
-80.6216561 28.32805655
-80.61805396 28.39972053
-80.61583161 28.40583407
-80.60750438 28.4188862
-80.6030542 28.43082953
-80.5916694 28.4688892
-80.58527258 28.49444007
-80.58332643 28.50889079
-80.58277186 28.53472541
-80.5836167 28.54472279
-80.58611937 28.55805464
-80.60221518 28.60750021
-80.60416548 28.60972185
-80.6516667 28.61416312
-80.65889374 28.61360972
-80.66194037 28.61055497
-80.66471614 28.59499946
-80.66833062 28.59055417
-80.67331709 28.58861024
-80.67832877 28.58833052
-80.7447197 28.60027385
-80.75056509 28.6013907
-80.7608366 28.60610968
-80.76529361 28.60972185
-80.77722132 28.62305371
-80.78111368 28.63083146
-80.78583067 28.64444102
-80.77999313 28.67999933
-80.77778457 28.68583113
-80.77332554 28.68832847
-80.77166806 28.68888589
-80.76722862 28.68805277
-80.76363062 28.68888589
-80.74943108 28.70166233
-80.74554367 28.70527451
-80.74277346 28.7102732
-80.74249009 28.71526988
-80.74554708 28.725551
-80.74860833 28.72971858
-80.75583978 28.73583011
-80.81304684 28.77166612
-80.84415854 28.7905561
-80.84306753 28.77138641
-80.82305713 28.65166336
-80.75889476 28.42555515
-80.75557177 28.41583145
-80.71888138 28.33749852
-80.57666736 28.03444187
-80.48693459 27.85416304
-80.46972444 27.82361146
-80.4605567 27.81111071
-80.45666186 27.80777221
-80.44194494 27.78722003
-80.43248989 27.7691672
-80.39723226 27.69555122
-80.38556155 27.66860982
-80.37193905 27.63221839
-80.35916051 27.59610869
-80.3563819 27.58777955
-80.35387771 27.5774944
-80.35472005 27.57194433
-80.35333579 27.55472058
-80.35028073 27.53916709
-80.34723545 27.52944339
-80.31471382 27.43666376
-80.3094282 27.4233299
-80.21139878 27.20555485
-80.14944522 27.13638819
-80.10527096 27.05166604
-80.08473883 26.99249274
-80.0802931 26.97888318
-80.05166829 26.86444256
-80.04357856 26.8308302
-80.03916892 26.81249965
-80.03555181 26.79694616
-80.03332336 26.78666504
-80.02861301 26.64110939
-80.02888454 26.62360794
-80.03168027 26.5644447
-80.03389373 26.55138854
-80.03612246 26.54916489
-80.03916994 26.54694526
-80.04169165 26.53577132
-80.04638228 26.51500315
-80.05081982 26.49249294
-80.0675052 26.38360844
-80.09472401 26.20055054
-80.13193932 25.90555338
-80.13611619 25.90555338
-80.14194638 25.90305202
-80.17610286 25.85166452
-80.180282 25.84388878
-80.18415775 25.83333398
-80.18832139 25.80166354
-80.18859432 25.79666887
-80.18860177 25.79083304
-80.18666163 25.77777688
-80.18611483 25.75777609
-80.18971281 25.74499562
-80.19276998 25.74138344
-80.25584475 25.68416615
-80.30999636 25.6108299
-80.31277172 25.60277847
-80.31443467 25.59194395
-80.31332574 25.54249837
-80.31193617 25.53805509
-80.33361809 25.5130556
-80.33999641 25.5025008
-80.34166927 25.49916231
-80.34250074 25.49499673
-80.37609798 25.31972061
-80.41639841 25.25861142
-80.42582659 25.24110796
-80.42666589 25.21944093
-80.42166203 25.20833072
-80.4147184 25.20194149
-80.39750897 25.18665564
-80.39862047 25.18472177
-80.40028304 25.18499545
-80.41027755 25.1869414
-80.4166549 25.18888533
-80.42165584 25.1919421
-80.42582598 25.19999756
-80.44611342 25.23943972
-80.4502867 25.24166337
-80.45500257 25.2433296
-80.4627809 25.2433296
-80.49972302 25.22416594
-80.50445761 25.24083227
-80.50889177 25.24249447
-80.53999537 25.24554923
-80.56361295 25.24305189
-80.57389096 25.24138566
-80.57917706 25.23888431
-80.65221758 25.1869414
-80.68222724 25.16361015
-80.82778874 25.1622176
-81.0466638 25.12777615
-81.08805953 25.1155531
-81.10333965 25.12638762
-81.14584312 25.15916285
-81.14750174 25.16166421
-81.17639109 25.22860721
-81.17748763 25.23388159
-81.17805541 25.24972084
-81.1561155 25.3094415
-81.13916837 25.31438787
-81.13599671 25.32055574
-81.13400464 25.32305307
-81.13134039 25.32472332
-81.1284979 25.32372117
-81.10866673 25.29872168
-81.09222674 25.28249808
-81.09110671 25.2780548
-81.00334557 25.21110576
-80.98331902 25.20110838
-80.97888009 25.20027325
-80.97333 25.20110838
-80.93249093 25.21693957
-80.92528248 25.22277138
-80.91860614 25.23138627
-80.91471932 25.24277419
-80.9152799 25.25139109
-80.92277572 25.26194589
-80.95444769 25.2991644
-80.98083331 25.32055574
-80.98500087 25.32277538
-80.99194037 25.32333077
-81.00557276 25.32305307
-81.03750462 25.32749635
-81.04749902 25.33166796
-81.04923869 25.33263791
-81.09255591 25.3567741
-81.10621908 25.36410913
-81.10905719 25.36577536
-81.12305149 25.37494365
-81.12539101 25.37694394
-81.12739476 25.38210764
-81.14361737 25.40138801
-81.14612336 25.41527527
-81.32361589 25.78000054
-81.33168011 25.79610944
-81.33667027 25.80499801
-81.33971388 25.80888789
-81.34361308 25.81249806
-81.37193139 25.83277857
-81.38166503 25.83860836
-81.40222298 25.84888546
-81.55860945 25.91971835
-81.61832689 25.93055085
-81.6747068 25.91444396
-81.73658667 25.95944425
-81.78056457 26.08694304
-81.79889381 26.09805325
-81.80193958 26.10194313
-81.81111102 26.13888796
-81.81695494 26.16555166
-81.84583756 26.35055148
-81.87609937 26.45833121
-81.87499371 26.4533305
-81.87527941 26.4483298
-81.87944751 26.44333111
-81.88276914 26.44138718
-81.89083704 26.43971692
-81.96857004 26.48083135
-81.97005537 26.48283364
-81.96556856 26.50450067
-81.96455713 26.50633593
-81.96255465 26.50733406
-81.96155436 26.50749706
-81.95904861 26.50633593
-81.95755284 26.50433163
-81.95622468 26.49950198
-81.95488017 26.49800076
-81.95205341 26.49783172
-81.94872297 26.49849982
-81.9187309 26.51233275
-81.92277935 26.53360938
-81.78721378 26.69110434
-81.77888451 26.70583276
-81.77779381 26.71055576
-81.78472828 26.71110916
-81.78971928 26.7091612
-81.88890327 26.66166559
-81.89334465 26.65888653
-81.91221244 26.63416475
-81.91472118 26.63027688
-81.91639758 26.62722213
-81.91915539 26.62055721
-81.91972441 26.61444166
-81.91833275 26.60333145
-81.92110444 26.58971787
-81.94665747 26.54222427
-81.95083767 26.5394432
-82.01599706 26.52839135
-82.02117297 26.52805528
-82.02816542 26.53022259
-82.06416427 26.54499931
-82.06639544 26.5497203
-82.06862376 26.56138994
-82.0799993 26.68388602
-82.07972469 26.70777469
-82.04943974 26.84777825
-82.01722894 26.9647162
-82.10027402 26.95249517
-82.19194244 26.93805451
-82.16416587 26.87416425
-82.15083119 26.81888687
-82.15083515 26.79639075
-82.15222155 26.78750017
-82.15417487 26.78360827
-82.15834237 26.78000012
-82.16389263 26.77888729
-82.28833281 26.82833286
-82.2938773 26.83083221
-82.30278749 26.83722143
-82.35305556 26.9013894
-82.37609484 26.93138758
-82.38166444 26.93943901
-82.39527568 26.95999723
-82.48416331 27.146943
-82.54472686 27.27944249
-82.54138769 27.28028164
-82.53805385 27.28527832
-82.53694187 27.29138783
-82.537221 27.29722366
-82.54499471 27.31971776
-82.56723003 27.38249519
-82.5758353 27.40000067
-82.5872214 27.40971833
-82.65526933 27.46166325
-82.64611713 27.4652714
-82.59306971 27.4955493
-82.58860714 27.49833238
-82.57362424 27.55083473
-82.57444056 27.55861248
-82.58138668 27.56055641
-82.58861274 27.55888817
-82.61611118 27.55360775
-82.54749846 27.64055557
-82.53472515 27.65666649
-82.4697284 27.72943928
-82.46195202 27.73638392
-82.44221581 27.74499881
-82.40833683 27.77610982
-82.40166668 27.78527811
-82.3894503 27.81361207
-82.38805804 27.820279
-82.38829981 27.8246146
-82.38833681 27.82527769
-82.39615945 27.84784827
-82.40750013 27.88055105
-82.42249882 27.91749587
-82.42582512 27.92138374
-82.44332207 27.93082974
-82.68749436 28.03222023
-82.69137349 28.03222023
-82.6930567 28.02749925
-82.71916542 27.93166688
-82.71916291 27.9280547
-82.71722559 27.92555737
-82.70418259 27.91721817
-82.63751441 27.88360781
-82.6035987 27.87305301
-82.59638471 27.8355568
-82.59444556 27.82527769
-82.59472565 27.81333436
-82.62276954 27.72249867
-82.63138181 27.70027422
-82.6416745 27.69194106
-82.64750797 27.69083426
-82.68383218 27.70921914
-82.68800033 27.7095552
-82.69099571 27.71121741
-82.71234341 27.7375531
-82.72717021 27.75905511
-82.76001007 27.7902768
-82.81026704 27.82389118
-82.81471552 27.82582908
-82.82028413 27.82472027
-82.82223872 27.82277432
-82.82251798 27.81805736
-82.82112332 27.81277895
-82.81806287 27.80888907
-82.80915444 27.80249984
-82.79889087 27.79582889
-82.79055678 27.78971938
-82.77305621 27.77138682
-82.74811821 27.72966467
-82.73861079 27.71449956
-82.73593873 27.70899577
-82.7289538 27.68816588
-82.72844766 27.68582954
-82.72962317 27.68233206
-82.73094678 27.68050082
-82.72250021 27.65694218
-82.72639421 27.65694218
-82.7302824 27.66027867
-82.74444638 27.6794383
-82.83500805 27.81444317
-82.8438837 27.83277774
-82.85333401 27.85527788
-82.85499985 27.86194079
-82.8561112 27.87971994
-82.85360206 27.89194299
-82.84972936 27.90388833
-82.83639422 27.93055203
-82.82750132 27.94305278
-82.8236274 27.94666496
-82.83555674 27.91555194
-82.83999839 27.89749709
-82.83890285 27.88721999
-82.83473362 27.88527606
-82.8305587 27.88943962
-82.80943467 27.93666154
-82.79750247 27.9697185
-82.77389602 28.0702799
-82.7497275 28.23054989
-82.71610469 28.3055564
-82.66501606 28.43388831
-82.66305701 28.43999581
-82.64167449 28.53944237
-82.62860741 28.69638795
-82.63555638 28.75083423
-82.63806401 28.75388898
-82.65417977 28.76777825
-82.6708429 28.78583512
-82.67639359 28.79305746
-82.68083044 28.80221971
-82.67917254 28.80694472
-82.67443896 28.8111103
-82.64111535 28.82583067
-82.6344409 28.83444355
-82.62805669 28.84694229
-82.62693979 28.85221868
-82.62609327 28.86472145
-82.62609392 28.87027353
-82.62748773 28.87610936
-82.63110146 28.88499592
-82.63416796 28.88916753
-82.63918062 28.89277569
-82.64999589 28.89721897
-82.75083701 29.00750005
-82.76945991 29.07055518
-82.8027754 29.15499762
-82.83195736 29.16388619
-82.93306213 29.18277215
-82.95944133 29.18638432
-82.9658413 29.18610863
-82.98194926 29.18083022
-82.98555103 29.17860858
-83.07167156 29.22443796
-83.10028209 29.27444297
-83.22250841 29.42277567
-83.35222142 29.5052782
-83.37443615 29.51416476
-83.39473013 29.5208337
-83.39805923 29.52472157
-83.39973263 29.52805605
-83.40750792 29.57582935
-83.42806242 29.66833128
-83.46694604 29.68055231
-83.53416458 29.72083161
-83.53917194 29.72443976
-83.57639442 29.75805615
-83.57862036 29.76249943
-83.57945268 29.76694472
-83.57861235 29.77861236
-83.57972632 29.79416585
-83.5822293 29.80416524
-83.58556342 29.81166328
-83.62609684 29.86944403
-83.62943991 29.87332988
-83.63612781 29.87999883
-83.66944232 29.90610914
-83.73777545 29.95249593
-83.77471899 29.97333186
-83.79083075 29.97638661
-83.79360835 29.97333186
-83.82445193 29.98444005
-83.88222283 30.01305574
-83.89639925 30.02222001
-83.93750294 30.05055598
-84.00500282 30.09527856
-84.01695086 30.09999753
-84.0316794 30.10139008
-84.20361179 30.10583336
-84.20750468 30.10555626
-84.25115383 30.09894909
-84.25889376 30.0977779
-84.26972748 30.09499884
-84.32917854 30.07083247
-84.45222736 30.00944357
-84.46001095 29.99860502
-84.46166909 29.99332863
-84.46222089 29.98694141
-84.44166276 29.95972029
-84.43332299 29.95638581
-84.4199918 29.95527499
-84.40472276 29.95583242
-84.38611879 29.95805204
-84.34333835 29.94638642
-84.33721644 29.94416277
-84.3338885 29.9402749
-84.33249584 29.93499649
-84.33276765 29.92943837
-84.33721545 29.91055443
-84.34084109 29.89999963
-84.3438887 29.89638745
-84.35221578 29.89055766
-84.37331705 29.88582862
-84.37917069 29.88805227
-84.3774835 29.89277326
-84.36805944 29.89638745
-84.36416749 29.89999963
-84.36444377 29.90193954
-84.36639497 29.90444492
-84.3705442 29.90777537
-84.375822 29.91055443
-84.3894531 29.91388689
-84.40973111 29.91693963
-84.44583009 29.92082951
-84.45279363 29.92111124
-84.51583546 29.91472
-84.55082334 29.8994422
-84.57472036 29.88694548
-84.65195125 29.84583105
-84.72277923 29.80083479
-84.74749607 29.78333334
-84.75695478 29.77916576
-84.83000099 29.75111353
-84.86555257 29.73749592
-84.88528869 29.74721962
-84.86220672 29.78055227
-84.85971754 29.7858347
-84.85777504 29.7919422
-84.85749219 29.79749831
-84.86000222 29.80138819
-84.86582567 29.80360782
-84.87249305 29.80305241
-84.8777795 29.80083479
-84.9150109 29.77972117
-84.97778815 29.73360604
-85.06000195 29.71999648
-85.20889542 29.6994443
-85.2952662 29.68888748
-85.34167706 29.67638875
-85.35417204 29.67666444
-85.36000242 29.67888407
-85.36944482 29.685551
-85.3791621 29.69666322
-85.38361462 29.70360786
-85.38973141 29.71832623
-85.40056495 29.75166491
-85.41139221 29.78527728
-85.41305354 29.80222131
-85.41332716 29.81388693
-85.41166296 29.84721757
-85.40722685 29.86249536
-85.40472264 29.86777578
-85.40083169 29.87138796
-85.39639128 29.87305218
-85.39138546 29.86999742
-85.39056709 29.86583185
-85.39084245 29.85972234
-85.39639389 29.8380533
-85.3997379 29.81916534
-85.39999201 29.81361325
-85.39666898 29.79166449
-85.3877855 29.74721962
-85.38362076 29.73499255
-85.3722231 29.71388295
-85.35915684 29.69333076
-85.35583169 29.68944088
-85.3508323 29.68666182
-85.34554946 29.68527329
-85.34138609 29.68527329
-85.31416095 29.69499498
-85.3055601 29.69999971
-85.30332543 29.70249503
-85.30221629 29.74416084
-85.30443862 29.80277873
-85.30555886 29.81388693
-85.30944057 29.82361264
-85.35915919 29.89416581
-85.36665274 29.90166183
-85.39945017 29.92888296
-85.41220841 29.93832895
-85.54638128 30.03388764
-85.60943628 30.06666891
-85.61776266 30.0733298
-85.62944737 30.09643969
-85.63194169 30.09877402
-85.63360049 30.10110835
-85.63394439 30.10444081
-85.63261215 30.10677514
-85.62778249 30.10993856
-85.62294321 30.10977758
-85.60044346 30.10293959
-85.59694631 30.10177444
-85.55976966 30.0834439
-85.55211106 30.07777711
-85.54477439 30.07027907
-85.54460587 30.06677757
-85.52362359 30.06221758
-85.51945776 30.05888914
-85.48167007 30.02888694
-85.4722276 30.02277341
-85.46111285 30.01777874
-85.45195193 30.01527738
-85.44665686 30.0150037
-85.43638702 30.01666792
-85.43249843 30.01805645
-85.42721082 30.02027809
-85.39805358 30.03500047
-85.39361827 30.03777752
-85.39167693 30.04388905
-85.39222465 30.04944113
-85.40360441 30.0530513
-85.42277626 30.0577743
-85.44249049 30.05416413
-85.64589205 30.14516484
-85.64888114 30.14683107
-85.68966329 30.18708622
-85.68683162 30.19425221
-85.66362532 30.24610859
-85.74695413 30.2972204
-85.83307069 30.29110887
-85.83889346 30.28972035
-85.84138535 30.28444194
-85.84666427 30.26305665
-85.84805957 30.2500025
-85.84500115 30.23999506
-85.84250034 30.23527407
-85.83666419 30.22832943
-85.83362431 30.22666522
-85.82667992 30.22638751
-85.82193974 30.22916255
-85.81444677 30.23666058
-85.80695355 30.24249239
-85.79638125 30.24332953
-85.77500465 30.24193899
-85.76222766 30.2408322
-85.75944314 30.23916395
-85.73900506 30.19883032
-85.72301562 30.16599674
-85.72200384 30.16333037
-85.72265716 30.15966386
-85.72555488 30.12583013
-85.77999807 30.16277496
-85.83028652 30.19555421
-85.87221687 30.21693951
-85.90249102 30.23221932
-85.92999399 30.24471805
-86.0308348 30.28388653
-86.08583424 30.30360761
-86.16472647 30.32944223
-86.24639057 30.35583225
-86.26472256 30.36083094
-86.31250764 30.37249857
-86.33417433 30.37638644
-86.34055542 30.39249535
-86.22749888 30.39972171
-86.17917091 30.39638724
-86.16250617 30.39083314
-86.10804362 30.37499993
-86.10472038 30.37610874
-86.10194672 30.37916551
-86.10221946 30.38611216
-86.12027701 30.42166644
-86.1252775 30.43055502
-86.19749612 30.47305394
-86.25666049 30.49499867
-86.26333577 30.49666692
-86.43805016 30.49610748
-86.48859594 30.47249853
-86.49722519 30.46749582
-86.58629548 30.43350312
-86.600174 30.43183689
-86.63199687 30.42608356
-86.66780818 30.42470108
-86.71476376 30.42194012
-86.78029146 30.41666373
-86.92666516 30.39916429
-86.97084374 30.39333047
-87.06361616 30.37999862
-87.08083879 30.37722157
-87.09834556 30.37305197
-87.12610381 30.36388771
-87.19027489 30.35416401
-87.17971482 30.36344499
-87.17971006 30.3664434
-87.17905972 30.36761459
-87.16904908 30.3764448
-87.12166439 30.39305277
-87.11000286 30.39583183
-87.0941643 30.39944199
-87.07556327 30.40221904
-87.01528994 30.40610893
-87.00361746 30.40888598
-86.99332623 30.41333328
-86.97916974 30.42111103
-86.93638103 30.4500004
-86.95361111 30.47083029
-87.01251644 30.51999816
-87.10193894 30.52666308
-87.17111497 30.5263894
-87.1625045 30.51972045
-87.15916985 30.51583259
-87.15361176 30.50138991
-87.15279035 30.49582575
-87.15305457 30.48333104
-87.15583804 30.4719391
-87.15888478 30.46666471
-87.1797166 30.43166584
-87.2661126 30.35111126
-87.28838268 30.34136744
-87.29676359 30.33577309
-87.30665266 30.32138677
-87.33416699 30.31472185
-87.45307033 30.29055548
-87.50939734 30.27940502
-87.52556549 30.27722362
-87.52860666 30.27888784
-87.52667813 30.28166892
-87.48167373 30.32416784
-87.47888164 30.32583206
-87.42471426 30.36610733
-87.37693714 30.41110762
-87.38194221 30.46166401
-87.42039819 30.4809464
-87.4088913 30.45277745
-87.42277494 30.4205516
-87.46139645 30.36194176
-87.46528851 30.35750049
-87.56862103 30.27944526
-87.65028897 30.25333496
-87.66166148 30.2505559
-87.73360758 30.23499435
-87.77722917 30.23166391
-88.00861805 30.21860775
-88.02054942 30.21860775
-88.02362429 30.21944287
-88.02528619 30.22333074
-88.02528315 30.22944025
-88.02111613 30.23249501
-87.95249135 30.24833023
-87.91529213 30.24499777
-87.88194151 30.23777342
-87.87470614 30.2369403
-87.8691544 30.23777342
-87.78332955 30.26083098
-87.77306173 30.26500259
-87.76055771 30.27416887
-87.75722628 30.27999866
-87.75639179 30.28527908
-87.75667571 30.29027777
-87.75805633 30.29582986
-87.76056036 30.30027314
-87.76750169 30.30805693
-87.83167633 30.36083094
-87.86610097 30.38194054
-87.87748474 30.38666555
-87.89861904 30.4002731
-87.91000028 30.41027651
-87.91250093 30.4141664
-87.93416026 30.49527437
-87.92721771 30.52166439
-87.91999715 30.53194149
-87.91555182 30.53555366
-87.90834054 30.5463902
-87.90834695 30.56027947
-87.91055128 30.57861202
-87.91305522 30.59388982
-87.92833527 30.63638674
-87.93277219 30.64583072
-87.94471993 30.66721602
-87.94694344 30.66971737
-87.95222148 30.67222074
-88.02027246 30.7011081
-88.02178808 30.69803081
-88.08083322 30.57833231
-88.08417316 30.57111198
-88.10055924 30.51500349
-88.10139462 30.51027647
-88.10221792 30.47027488
-88.10721726 30.39749806
-88.10999409 30.37222087
-88.11221168 30.36194176
-88.12499814 30.32944223
-88.12998901 30.31833
-88.13276722 30.31444414
-88.13806206 30.31361103
-88.18888919 30.32472124
-88.19360176 30.32666518
-88.19722465 30.33388752
-88.1963799 30.34083417
-88.19471276 30.34527946
-88.19082848 30.35055183
-88.18860042 30.35583225
-88.18776865 30.36110864
-88.19415418 30.36666476
-88.33833098 30.40360757
-88.35027536 30.40499609
-88.36249982 30.40416499
-88.40219606 30.38766368
-88.40417388 30.3630566
-88.405277 30.35694307
-88.40721946 30.35277749
-88.45278512 30.31971853
-88.46306 30.31527525
-88.47027241 30.31611239
-88.48693694 30.3233307
-88.49028544 30.32638747
-88.55221849 30.34611056
-88.56750991 30.35055183
-88.61443494 30.36361201
-88.68971598 30.34638625
-88.7025019 30.34499974
-88.72250268 30.34638625
-88.7447168 30.35416401
-88.78332819 30.3747182
-88.79305634 30.38055403
-88.8325005 30.41305155
-88.83582982 30.41693942
-88.91611173 30.43527399
-88.9238906 30.43611113
-88.9763989 30.42610972
-88.98137796 30.42388607
-88.98277748 30.4205516
-88.98499719 30.38638584
-89.19665569 30.32861112
-89.20804897 30.32555637
-89.25084097 30.3174989
-89.26362137 30.3166678
-89.26916533 30.3177766
-89.27416926 30.32111309
-89.31332652 30.30833463
-89.41583138 30.2319396
-89.43582399 30.19388798
-89.43889547 30.18916498
-89.44665328 30.18388657
-89.45084196 30.18221833
-89.45666139 30.18194063
-89.49860981 30.18388657
-89.52206329 30.18685882
-89.57582992 30.15277557
-89.57999991 30.15110934
-89.58389023 30.15082962
-89.59415818 30.15250188
-89.60278597 30.15471749
-89.69500618 30.18377589
-89.8197313 30.22333074
-89.976946 30.26277693
-89.9822173 30.26999927
-89.98611202 30.29611159
-89.98970859 30.30610897
-89.99499839 30.31416443
-90.00666789 30.32416784
-90.0577731 30.35694307
-90.06999979 30.36083094
-90.089445 30.36555394
-90.18249335 30.38694326
-90.19276673 30.38860748
-90.20638738 30.3891649
-90.22112075 30.38472162
-90.2305593 30.38083174
-90.24194326 30.37222087
-90.41027745 30.20860836
-90.41973049 30.19832925
-90.42582676 30.18638391
-90.42999396 30.17083041
-90.43137783 30.15777426
-90.42971186 30.14582892
-90.42666343 30.12972001
-90.42361944 30.11722128
-90.41721936 30.10277659
-90.4080529 30.09305088
-90.34973193 30.06166418
-90.17444191 30.02388825
-90.16583221 30.02305715
-90.13166411 30.02222001
-90.04333691 30.03472478
-90.02472198 30.03861064
-89.8119323 30.09916441
-89.71894745 30.1386106
-89.72193875 30.13810952
-89.72327812 30.1386106
-89.72544248 30.14077388
-89.72593748 30.14344427
-89.72244305 30.14677875
-89.72027608 30.14777285
-89.68611042 30.16471889
-89.67361561 30.16833107
-89.66721761 30.16777767
-89.64195612 30.13611327
-89.64334414 30.13027744
-89.71915815 30.05805603
-89.76722482 30.04444446
-89.77888478 30.04555326
-89.80278638 30.04499987
-89.80861139 30.04361134
-89.82640213 30.03416334
-89.82917858 30.031666
-89.84388848 30.00889017
-89.84360653 30.00527799
-89.83555104 29.98110961
-89.8244475 29.95304933
-89.8191671 29.94499588
-89.81388774 29.94194113
-89.68665953 29.87999883
-89.68056134 29.87805087
-89.65805376 29.87389133
-89.63667024 29.87249878
-89.62971466 29.87249878
-89.62387888 29.87277447
-89.61249867 29.87582923
-89.59638621 29.8838867
-89.58972043 29.89777396
-89.58555394 29.90833078
-89.56582182 29.96111082
-89.48582353 30.07083247
-89.48306414 30.07416694
-89.48055314 30.07582915
-89.47666332 30.07610886
-89.47111764 30.07500006
-89.39944643 30.0508357
-89.38221385 30.02916465
-89.3338908 29.87999883
-89.33361938 29.87638665
-89.40417488 29.76249943
-89.41220915 29.79027798
-89.42972519 29.80833484
-89.44804742 29.82138698
-89.47054643 29.83249719
-89.47500725 29.83277892
-89.47999526 29.83193977
-89.58473061 29.74388716
-89.5963837 29.73388374
-89.662514 29.66638734
-89.7502928 29.63666486
-89.75388816 29.63360809
-89.75334022 29.63083104
-89.67916869 29.52750064
-89.67639066 29.52389047
-89.51916314 29.46249553
-89.46416789 29.40305459
-89.31749993 29.35055225
-89.2558454 29.33471904
-89.18721333 29.33971773
-89.02916751 29.2158291
-89.01028393 29.19860737
-89.00834435 29.19416208
-89.00835052 29.17694235
-89.00917731 29.17138222
-89.02167044 29.14027724
-89.03694311 29.11610886
-89.047774 29.10471692
-89.15388571 29.03999958
-89.23222458 29.09694118
-89.23833035 29.10388582
-89.24526649 29.10527635
-89.24777454 29.10333041
-89.32138959 29.02694745
-89.32639743 29.01861026
-89.32779094 29.01388726
-89.3344494 28.99305335
-89.34222189 28.98054858
-89.36304949 28.95360918
-89.37748625 28.93971789
-89.38833807 28.93249756
-89.39834356 28.92805227
-89.40500279 28.92666576
-89.4119442 28.92777457
-89.41416777 28.93444351
-89.40249024 28.9691667
-89.39250081 28.97999719
-89.38556003 28.98638239
-89.37693409 28.99222225
-89.36583445 29.00361218
-89.30444614 29.07861265
-89.29943766 29.08638638
-89.27305659 29.1377779
-89.26945088 29.1491638
-89.27278312 29.15583476
-89.31916934 29.18055453
-89.32223458 29.18083022
-89.32639816 29.17777547
-89.32944843 29.17305247
-89.3311164 29.16721865
-89.33168018 29.15666586
-89.32973404 29.15166315
-89.3261138 29.13694277
-89.32416758 29.12694338
-89.32333261 29.11666427
-89.32695827 29.10638516
-89.33583204 29.09694118
-89.34389009 29.09083368
-89.35305739 29.08638638
-89.35888588 29.08472015
-89.36583445 29.08472015
-89.37277035 29.08611068
-89.3908449 29.0919445
-89.39556022 29.09388844
-89.39917179 29.09638577
-89.47860832 29.23360625
-89.59444988 29.24610901
-89.60972384 29.25111172
-89.7813832 29.3324974
-89.77223375 29.33805351
-89.76888887 29.34027716
-89.75334041 29.35471782
-89.75084243 29.35861374
-89.74942914 29.36277328
-89.74972738 29.36610775
-89.77139743 29.4133337
-89.77528072 29.41638845
-89.83167768 29.44388728
-89.98527434 29.4863842
-90.11916418 29.5513893
-90.17833034 29.57250092
-90.18665522 29.56722251
-90.20056756 29.55250012
-90.20306269 29.54777713
-90.20472418 29.54166359
-90.20472733 29.53694261
-90.19109886 29.51083029
-90.1738821 29.48999436
-90.17027728 29.48610851
-90.13445245 29.46777394
-90.11527763 29.46388607
-90.09666919 29.46138672
-90.0636134 29.46111103
-90.06110963 29.46166443
-90.0588832 29.46082729
-90.05139108 29.45471778
-90.02749443 29.43027572
-90.02582989 29.425273
-90.02639739 29.42249796
-90.05694426 29.31194723
-90.06220894 29.2205521
-90.05499331 29.22388657
-90.0508247 29.22416428
-90.04861321 29.22333116
-90.05193742 29.21471828
-90.06582464 29.1833356
-90.10999925 29.143332
-90.12193783 29.13472113
-90.13583431 29.12638596
-90.20666587 29.0919445
-90.21221506 29.09027626
-90.22409748 29.09013942
-90.23204965 29.09013942
-90.23665661 29.09055396
-90.23643435 29.09399107
-90.2352799 29.11527373
-90.2361105 29.12166497
-90.25557376 29.19721884
-90.27277649 29.25972058
-90.34500112 29.30916615
-90.4466588 29.32083379
-90.54998826 29.29277753
-90.589724 29.23332854
-90.64723875 29.15805238
-90.67860197 29.12972043
-90.69721766 29.11805481
-90.70140378 29.11583116
-90.70472371 29.11472235
-90.76500958 29.10943992
-90.87610251 29.12777448
-90.88055379 29.12972043
-90.91222251 29.15083205
-90.92832972 29.16277537
-90.93167012 29.16583013
-90.99249072 29.21638652
-90.99694471 29.21888788
-91.00306667 29.22083182
-91.02805369 29.21944329
-91.03473264 29.21861018
-91.03859937 29.21055472
-91.04000003 29.20388577
-91.04222042 29.19916479
-91.04554706 29.19527893
-91.04998878 29.19166474
-91.05555034 29.19055191
-91.06889621 29.19249383
-91.08639312 29.19721884
-91.09695749 29.20221954
-91.19471899 29.22694535
-91.21945584 29.23166432
-91.24695285 29.24083261
-91.26278634 29.24777524
-91.27305707 29.25278198
-91.2827748 29.25888947
-91.2994384 29.2713862
-91.32223598 29.29527688
-91.33694765 29.31361346
-91.34082872 29.32083379
-91.34167889 29.32916494
-91.33778347 29.33527243
-91.22332632 29.36055566
-91.1638935 29.33499674
-91.16306093 29.33416564
-91.16194557 29.3313906
-91.1605517 29.31944325
-91.1622141 29.29555257
-91.16388784 29.2908336
-91.17415621 29.27583149
-91.17277952 29.2713862
-91.15444955 29.25055631
-91.15028374 29.24888405
-91.14611636 29.24916376
-91.12166347 29.25833205
-91.118059 29.26082938
-91.11610483 29.26333477
-91.11500802 29.26750034
-91.11332612 29.32055407
-91.11555359 29.33027777
-91.12388935 29.34472044
-91.12916372 29.34999885
-91.26722213 29.46693881
-91.41500332 29.54027708
-91.5230532 29.53222162
-91.54332807 29.54277844
-91.55110579 29.58611048
-91.55526561 29.62027423
-91.55665142 29.63055334
-91.55833516 29.63555404
-91.62527896 29.73249522
-91.62998977 29.73916416
-91.63444942 29.74222093
-91.82278482 29.79027798
-91.82501339 29.80083479
-91.83443857 29.82444374
-91.83751556 29.82805793
-91.84167047 29.83027756
-91.89917121 29.83611138
-91.95862138 29.82749447
-92.13612308 29.76722243
-92.17582566 29.69027601
-92.09973288 29.61555123
-92.13722893 29.59000036
-92.26723009 29.54222504
-92.27917766 29.53971966
-92.30833682 29.53971966
-92.33721828 29.54222504
-92.57001005 29.57582935
-92.6877744 29.60027343
-92.74526663 29.61861001
-92.75695348 29.62277357
-92.81361239 29.64389123
-92.85527038 29.66305086
-92.89723827 29.68944088
-92.91389249 29.69721863
-93.03750584 29.73916416
-93.11833222 29.76361226
-93.1447332 29.76944608
-93.24083485 29.78499957
-93.27223089 29.78694351
-93.29998498 29.78666379
-93.66777512 29.76388796
-93.71277663 29.76027779
-93.72582841 29.75805615
-93.74276889 29.75305142
-93.75723013 29.74694191
-93.78944258 29.7302776
-93.79861327 29.72443976
-93.80943258 29.71610861
-93.82278712 29.70722205
-93.82749804 29.70555381
-93.83417221 29.70388557
-93.84028363 29.70416327
-93.84583482 29.70583151
-93.85417344 29.70971737
-93.86166681 29.7155532
-93.88556538 29.74527367
-93.89974196 29.78722121
-93.90222464 29.79499896
-93.90139695 29.8066666
-93.89527322 29.81611259
-93.89195055 29.81999443
-93.87943262 29.82749447
-93.86805165 29.83027756
-93.85610902 29.83111068
-93.82000605 29.82972215
-93.81416726 29.83139039
-93.80665162 29.83722019
-93.77362581 29.89805569
-93.77251233 29.90277668
-93.76390274 29.95527499
-93.76305816 29.96749603
-93.76528334 29.97582718
-93.76750842 29.97944136
-93.77111904 29.98305354
-93.78777921 29.99443945
-93.7916663 29.99527256
-93.79666924 29.99416174
-93.84527228 29.98805022
-93.85110098 29.98638399
-93.85583894 29.98305354
-93.95666388 29.83249719
-93.95917502 29.81833021
-93.9594353 29.81277812
-93.95861783 29.80305241
-93.95528002 29.79333273
-93.95056621 29.78749892
-93.94582673 29.78444416
-93.93831614 29.77999887
-93.91472012 29.7655562
-93.89361563 29.74360945
-93.8877907 29.73722023
-93.85972965 29.69916659
-93.85388121 29.6905517
-93.85278677 29.68499559
-93.85333349 29.67943948
-93.85750346 29.67610903
-93.86639247 29.67332997
-93.87916871 29.67111235
-93.88611542 29.67083062
-93.89639479 29.67222317
-93.90195015 29.67444079
-93.91166626 29.68000092
-93.91776571 29.68166514
-93.92582379 29.68221854
-94.03639213 29.67916378
-94.06834359 29.67416509
-94.12609613 29.65666566
-94.14249744 29.65055212
-94.31750336 29.58416453
-94.45889492 29.52750064
-94.61999847 29.46194415
-94.64667075 29.45082991
-94.66055368 29.44332986
-94.68361084 29.4291649
-94.70444791 29.41305197
-94.7116749 29.40583365
-94.72805631 29.38582883
-94.73944003 29.37555374
-94.74860572 29.36971792
-94.75972887 29.36610775
-94.77250624 29.36388812
-94.78250048 29.36638948
-94.78722289 29.36944423
-94.78999371 29.37249899
-94.79137497 29.37666658
-94.7902795 29.38138756
-94.78500428 29.39361262
-94.77721878 29.40083094
-94.69444413 29.46610771
-94.68971981 29.46888677
-94.61221148 29.49443966
-94.53472643 29.51805464
-94.51583662 29.515833
-94.5080606 29.5155553
-94.50306014 29.51666813
-94.4755542 29.55250012
-94.47444595 29.55861164
-94.47582751 29.56139071
-94.48055956 29.56305492
-94.56221234 29.57389146
-94.56946214 29.57444485
-94.58223132 29.5722212
-94.67554655 29.55277783
-94.76584057 29.56805563
-94.73167292 29.61055656
-94.72916934 29.61527554
-94.72471422 29.62527895
-94.71944912 29.64222097
-94.71722136 29.65332917
-94.70777537 29.70304843
-94.70666613 29.70916196
-94.70612046 29.71610861
-94.7086122 29.75055409
-94.7100113 29.7561102
-94.7127828 29.76027779
-94.74443898 29.78388674
-94.75361176 29.78777662
-94.7650106 29.78416445
-94.81972518 29.76416566
-94.82889021 29.75972037
-94.95361616 29.69471728
-94.95750342 29.69694294
-95.00112174 29.7155532
-95.01306649 29.71749714
-95.05139789 29.72110931
-95.05555708 29.72083161
-95.05943179 29.71888566
-95.06193124 29.71693971
-95.06361667 29.71277414
-95.06249493 29.70860856
-95.01583876 29.56555024
-94.9811137 29.51277623
-94.90278367 29.42860747
-94.89917125 29.4244419
-94.87388509 29.37694227
-94.90278666 29.31444255
-95.07999962 29.18610863
-95.09388402 29.17777547
-95.09943744 29.17610924
-95.11138201 29.174441
-95.11583089 29.17749575
-95.15222138 29.18055453
-95.15804919 29.12833392
-95.15916337 29.11750141
-95.15360426 29.09583237
-95.14055839 29.06139092
-95.14084205 29.05749902
-95.15639149 29.04500028
-95.29638776 28.93610974
-95.30999845 28.92694145
-95.33195605 28.91277447
-95.35972034 28.89610815
-95.6136158 28.75777685
-95.6230469 28.75333558
-95.6865475 28.7392169
-95.69322223 28.73705362
-95.73322865 28.7340532
-95.74089052 28.73522238
-95.75054426 28.73938795
-95.75804452 28.7405531
-95.79721938 28.73694093
-95.92527966 28.69583053
-95.93083264 28.6938886
-95.94055038 28.68860818
-95.94445158 28.68527371
-95.94694454 28.68194125
-95.95471964 28.63194027
-95.95445107 28.62722331
-95.94972324 28.62416453
-95.9436062 28.62388883
-95.94221646 28.62388883
-95.93888864 28.62388883
-95.93250094 28.62499965
-95.91610433 28.63055174
-95.89611835 28.63999572
-95.87609798 28.65027483
-95.85387565 28.66333502
-95.84167233 28.67305268
-95.82639911 28.68027703
-95.80755738 28.68138584
-95.78283214 28.68752755
-95.77754539 28.68824395
-95.77154228 28.68979145
-95.77087091 28.68979145
-95.77755036 28.68466196
-95.82722164 28.64833492
-95.8580504 28.63527474
-95.89555326 28.62138748
-95.92944271 28.61027726
-95.9516775 28.60360832
-95.97332592 28.60027385
-95.98472706 28.59666569
-96.0005628 28.59027647
-96.03611981 28.57361216
-96.05943532 28.56083169
-96.06416323 28.55749923
-96.13109867 28.52194494
-96.15638717 28.51055904
-96.20805698 28.48749543
-96.2127795 28.48555351
-96.21444737 28.48833056
-96.21277882 28.4911056
-96.20445601 28.50249754
-96.19860761 28.50777796
-96.18971789 28.51444288
-96.14666291 28.53833356
-96.07749756 28.5716642
-96.06722496 28.57610949
-96.04583653 28.58444265
-96.02528775 28.59194471
-95.99888514 28.6024975
-95.99415724 28.60527656
-95.98276801 28.61583136
-95.97972584 28.63166457
-95.98028927 28.63638556
-95.98388445 28.64555184
-95.98582662 28.64916602
-95.98970979 28.65110996
-95.99360696 28.65193905
-96.02972855 28.64499844
-96.05916102 28.63444364
-96.08138459 28.62277399
-96.10695056 28.61221919
-96.12805272 28.60388804
-96.13917638 28.60027385
-96.20556785 28.57972167
-96.21666041 28.57805544
-96.22278148 28.57972167
-96.22471541 28.59027647
-96.21860833 28.601113
-96.21055965 28.60555628
-96.20360735 28.60471914
-96.19611048 28.6016664
-96.18582605 28.6019441
-96.18055598 28.60360832
-96.15472169 28.61527595
-96.14527762 28.62055637
-96.13806515 28.62638617
-96.13722228 28.62833413
-96.13778247 28.63194027
-96.18554851 28.69222036
-96.18777364 28.6949954
-96.1941486 28.69721905
-96.20083534 28.69749676
-96.26472099 28.68610884
-96.27000744 28.68416692
-96.38723013 28.73221793
-96.40099873 28.74016472
-96.4419403 28.76361469
-96.44387193 28.75694172
-96.43765148 28.72588706
-96.41611009 28.64083286
-96.41444814 28.63722069
-96.41082553 28.63499502
-96.3933468 28.62888752
-96.38778362 28.6280524
-96.376942 28.62833413
-96.3722274 28.62694359
-96.36999949 28.62333141
-96.36999917 28.62083408
-96.37249252 28.61805502
-96.37749121 28.61527595
-96.40221869 28.6030509
-96.43832216 28.59610827
-96.49554153 28.61944555
-96.55054988 28.64388963
-96.55526218 28.64666467
-96.55749287 28.65027483
-96.5627766 28.67111076
-96.562498 28.67722027
-96.55943576 28.69249605
-96.56138315 28.69721905
-96.56472009 28.70027381
-96.58029505 28.71443877
-96.58416152 28.71721783
-96.5897269 28.71944149
-96.59584284 28.72055231
-96.60194239 28.72055231
-96.641674 28.71971919
-96.64777924 28.7041657
-96.65139445 28.69249605
-96.65222125 28.68693994
-96.65083644 28.68138584
-96.58389335 28.5669412
-96.489993 28.50944419
-96.40889763 28.46055604
-96.39778272 28.4491641
-96.39612282 28.44555192
-96.39584216 28.44083295
-96.39834818 28.43610995
-96.40221647 28.43277346
-96.62471497 28.32416868
-96.65083883 28.31611322
-96.65695867 28.31472268
-96.66471317 28.31499837
-96.68998674 28.32610859
-96.69360651 28.32833224
-96.7005555 28.33610999
-96.70388894 28.34582967
-96.70221752 28.36999805
-96.70361238 28.39277388
-96.7058407 28.39694348
-96.70944665 28.40055365
-96.74694439 28.43777819
-96.78665879 28.47388789
-96.7894429 28.4761055
-96.79415485 28.47777375
-96.79972161 28.4749967
-96.8036089 28.47305276
-96.81277766 28.46166485
-96.84472718 28.41777941
-96.8458456 28.41221726
-96.84584531 28.4075003
-96.84445191 28.40194016
-96.83861558 28.39416442
-96.82501459 28.38194138
-96.7902847 28.3583284
-96.78361409 28.35055065
-96.78138939 28.34610938
-96.77999489 28.34083299
-96.78084245 28.24138441
-96.88275986 28.14027766
-96.92361019 28.12888773
-96.93832514 28.12527757
-96.98028632 28.12027284
-96.98638326 28.12194309
-97.01611092 28.13583036
-97.0280566 28.18638474
-97.16194454 28.16860961
-97.16583548 28.16666567
-97.17249478 28.15999874
-97.17720938 28.15193926
-97.216659 28.07777794
-97.21777638 28.0702799
-97.21278374 28.06388665
-97.20665989 28.0622164
-97.18554802 28.0611096
-97.1802839 28.05944136
-97.14778779 28.04138651
-97.14555873 28.03861348
-97.14416878 28.02805667
-97.10027882 28.06832993
-97.09584699 28.07111101
-97.08084334 28.07805564
-97.04861467 28.08833073
-97.02582885 28.07861105
-97.02193932 28.03305536
-97.02305276 28.03028234
-97.18472441 27.82749531
-97.19110269 27.82222092
-97.1961056 27.81971755
-97.20611631 27.81777764
-97.21666105 27.81805736
-97.22694716 27.82055469
-97.23111517 27.82249863
-97.34527573 27.85249882
-97.49249584 27.8780517
-97.51416809 27.87027395
-97.52055273 27.8663901
-97.5197356 27.8627739
-97.51390605 27.85583128
-97.48999369 27.82972097
-97.48859468 27.82833245
-97.48083519 27.82332973
-97.39277401 27.78333216
-97.3155578 27.71555403
-97.2797172 27.65610907
-97.38694204 27.39527767
-97.40860652 27.33222052
-97.4111135 27.32749551
-97.41610373 27.32472048
-97.48249574 27.30444801
-97.51473223 27.29888788
-97.49750246 27.30805617
-97.46000577 27.33360905
-97.45666212 27.33750094
-97.45584077 27.34389017
-97.48804524 27.39638648
-97.49332777 27.39583107
-97.51501909 27.38888643
-97.52305844 27.38194179
-97.52528859 27.37722081
-97.62128641 27.33688919
-97.62811208 27.3527224
-97.63827166 27.37088793
-97.67694022 27.38555397
-97.72332992 27.43221847
-97.76390464 27.46361121
-97.77000389 27.46221665
-97.77389032 27.4588862
-97.7741696 27.4533321
-97.77278089 27.44777599
-97.77055532 27.44305299
-97.76472187 27.43444212
-97.7233299 27.39555336
-97.67733479 27.3237787
-97.67466259 27.31827289
-97.67482536 27.31494244
-97.67999488 27.31093987
-97.66082949 27.27666343
-97.6391726 27.25472071
-97.62859763 27.25027944
-97.54166681 27.23388277
-97.53500083 27.23443818
-97.52945611 27.23638413
-97.47694714 27.25777747
-97.44972088 27.26749916
-97.43360985 27.26999851
-97.42888162 27.26999851
-97.42389471 27.26749916
-97.4247107 27.25583555
-97.44305101 27.13388483
-97.4458292 27.12222122
-97.47500271 27.03083414
-97.55054991 27.01111306
-97.55526956 27.0086117
-97.55915626 27.00527723
-97.56470888 26.99694205
-97.56555691 26.99083254
-97.56555526 26.97276964
-97.56138354 26.84805394
-97.55943253 26.83611263
-97.55138515 26.82277675
-97.54389282 26.81583413
-97.53860285 26.81361249
-97.52555849 26.8152767
-97.51888627 26.81444359
-97.5030728 26.80777464
-97.49861407 26.80500162
-97.49553717 26.80083604
-97.49193975 26.79027722
-97.47749852 26.7394411
-97.42304707 26.54555271
-97.41639765 26.41555256
-97.40194417 26.36944347
-97.37165707 26.36666441
-97.36722033 26.36361167
-97.31861391 26.24610824
-97.3194666 26.21333302
-97.31750026 26.16138609
-97.30721923 26.12277503
-97.25278553 25.98472144
-97.240831 25.98027615
-97.23472017 25.98138697
-97.21167039 25.99110865
-97.20696011 25.99388771
-97.18777505 26.00916551
-97.18138247 26.01805811
-97.17971636 26.02305479
-97.17860639 26.0291643
-97.17944183 26.03555554
-97.17778382 26.06166584
-97.17666934 26.06805708
-97.17360913 26.07361118
-97.1688902 26.07610852
-97.16443663 26.07471999
-97.15861793 26.06611114
-97.1505574 26.04027652
-97.14611633 26.01722097
-97.1411135 25.9830532
-97.14095453 25.97640236
-97.14074199 25.96643114
-97.13917818 25.96184901
-97.13806141 25.9568141
-97.13711097 25.94228087
-97.13694744 25.93972317
-97.13806745 25.92666701
-97.16028323 25.77222278
-97.18861079 25.67472418
-97.25445153 25.51083195
-97.27111085 25.47416483
-97.28556508 25.44277813
-97.29055289 25.43249902
-97.31055625 25.39972178
-97.31360972 25.39527649
-97.33611967 25.36500061
-97.3880568 25.28944473
-97.44278425 25.2016658
-97.45807306 25.1705568
-97.47472997 25.13388968
-97.50917238 25.05388851
-97.51139415 25.04861413
-97.51583789 25.03722218
-97.58416954 24.78472395
-97.6097279 24.68555509
-97.6516663 24.52027635
-97.67611654 24.39583433
-97.68027906 24.37027943
-97.68806783 24.32250009
-97.6972324 24.25583479
-97.7155573 24.07499652
-97.7224965 23.9552795
-97.72473287 23.89916901
-97.72446273 23.82083205
-97.74000856 23.58888801
-97.75418148 23.47277714
-97.76083606 23.40749835
-97.7630605 23.38166575
-97.76501504 23.33805601
-97.76639779 23.30083348
-97.76556183 23.2708353
-97.76194446 23.194722
-97.75639052 23.12583305
-97.74945303 23.08833683
-97.74362391 23.06805833
-97.74167018 23.05111028
-97.74084583 23.02749731
-97.74028125 23.00361065
-97.74138815 22.90583233
-97.7472237 22.87278141
-97.75084402 22.86055636
-97.7549992 22.84944413
-97.77894085 22.81786827
-97.79060405 22.79868297
-97.79673209 22.7886035
-97.97715335 22.96877881
-98.10582887 23.25075087
-98.2559349 23.64117373
-98.48059369 24.02075151
-98.64099651 24.32441373
-98.87561722 24.61723088
-99.08526607 24.84497754
-99.27119528 24.95342834
-99.44343461 25.10525945
-99.52896458 25.20286516
-99.57930679 25.36554135
-99.61234748 25.50652739
-99.56216248 25.61497818
-99.56823293 25.79934453
-99.55691648 25.96202072
-99.60726987 26.16807723
-99.78680108 26.48258453
-99.88967878 26.68864104
-100.0144284 26.92723279
