# California Central Valley Aquifer System from http://www.whymap.org/
-122.6476543 37.90571549
-122.6762654 38.10266379
-122.7290408 38.17850146
-122.4305768 38.20280644
-122.1110113 38.19859019
-122.0762613 38.37989925
-122.0974696 38.59496783
-122.2537037 38.7847591
-122.438269 39.02097638
-122.5242195 39.2530107
-122.6930491 39.58635741
-122.6997191 39.86068403
-122.7033852 40.10153942
-122.6233405 40.29624919
-122.5274049 40.56301695
-122.4781194 40.67314533
-122.3410007 40.67738143
-122.1115639 40.60113608
-121.9698226 40.4910206
-121.7854293 40.22851706
-121.737643 40.0507557
-121.7534123 39.87334644
-121.5648808 39.62011805
-121.4052275 39.43866327
-121.3105475 39.26988728
-121.2094135 39.08003636
-121.1268401 38.81428428
-120.9667639 38.47267026
-120.8392477 38.21123897
-120.7494024 38.05102877
-120.6289699 37.85289703
-120.4013693 37.54099643
-120.060376 37.21230448
-119.7244824 36.92580957
-119.3571737 36.68148821
-119.1811695 36.56776558
-119.0056356 36.42457121
-118.9034284 36.23506963
-118.7816442 35.99506763
-118.713955 35.75931246
-118.7581978 35.62461135
-118.6459689 35.39732982
-118.5904972 35.30474321
-118.5555813 35.23320281
-118.5650228 35.12800235
-118.665566 35.04384713
-118.8202508 34.92615504
-119.0503175 34.76652688
-119.264672 34.67831131
-119.3955935 34.65730761
-119.6116573 34.74972391
-119.819505 34.98916615
-119.8956788 35.14483394
-120.0564633 35.24582735
-120.1921618 35.39732982
-120.2324245 35.54884713
-120.1277836 35.71300763
-120.2782925 35.96980643
-120.4066685 36.09190606
-120.6555187 36.38666903
-120.8181691 36.6098841
-120.9679448 36.85419414
-121.1760158 37.16595612
-121.4167685 37.48620958
-121.6100159 37.68850913
-121.9380401 37.87397367
-122.1583778 37.97514553
-122.2894146 38.02940738
-122.2633001 38.04530671
-122.2405418 38.05916383
-122.2288613 38.06416003
-122.2158414 38.06666846
-122.1558427 38.0547569
-122.1308156 38.05535938
-122.0659058 38.05692172
-122.0158437 38.06610303
-121.9894335 38.06554978
-121.9155817 38.05416712
-121.8572227 38.04305561
-121.8372223 38.03721877
-121.8302735 38.03611599
-121.6977812 38.01721695
-121.6899858 38.01693848
-121.6862872 38.0175203
-121.6758268 38.01915619
-121.6536703 38.03849943
-121.6544976 38.04165794
-121.6543321 38.05716419
-121.6471622 38.07666145
-121.6444981 38.07899201
-121.641161 38.08016364
-121.6025011 38.10416513
-121.5955564 38.10555862
-121.5866717 38.10526796
-121.5797195 38.10360763
-121.4980456 38.04888401
-121.4394315 38.00916727
-121.4291633 38.00332685
-121.4213907 38.00249462
-121.4186128 38.0072164
-121.4199968 38.01277414
-121.4233127 38.01693848
-121.4308238 38.02388172
-121.4349931 38.02748862
-121.4705564 38.05499514
-121.550561 38.10889093
-121.5558153 38.11193682
-121.5766872 38.11583088
-121.5933344 38.11555186
-121.6536064 38.10360763
-121.6588976 38.10110709
-121.6672256 38.09388078
-121.6691604 38.08777373
-121.6792237 38.07599489
-121.6777337 38.07315979
-121.6783901 38.0694919
-121.6805571 38.06716559
-121.6833929 38.065158
-121.6995482 38.0578228
-121.7063951 38.05516085
-121.7163375 38.04867383
-121.7211227 38.04555183
-121.728071 38.04444481
-121.7361012 38.04471958
-121.9052729 38.06610303
-121.9777915 38.09721359
-122.1097361 38.06138107
-122.2641837 38.10999376
-122.2847242 38.12276239
-122.2994372 38.13110756
-122.3113923 38.13611247
-122.3652745 38.15554983
-122.3908377 38.14749149
-122.4752765 38.12054454
-122.4813719 38.11859776
-122.4813675 38.11793013
-122.4805644 37.93971309
-122.479171 37.93359818
-122.4433193 37.90693765
-122.4200005 37.89083525
-122.4194542 37.88471683
-122.4205458 37.87860213
-122.4516888 37.83638595
-122.4616803 37.83054989
-122.4913796 37.82777929
-122.5061094 37.83027516
-122.5122232 37.83305794
-122.6476543 37.90571549
