# Cambro-Ordovician Aquifer System from http://www.whymap.org/
-91.34865529 45.77570097
-91.19921174 45.55091277
-91.12225542 45.34578742
-91.12267492 45.17005372
-90.92634893 45.12125321
-90.59752773 44.98468266
-90.2025542 44.75115567
-89.93788882 44.57606901
-89.65184193 44.60524663
-89.43447179 44.60524663
-89.14201842 44.71224319
-88.86366076 44.867908
-88.64890656 45.052943
-88.38589213 45.2872005
-88.18692583 45.48252536
-87.88349303 45.55091277
-87.70650804 45.49229424
-87.59231057 45.34578742
-87.40491596 45.0822173
-87.37592618 44.867908
-87.48651757 44.71224319
-87.52488775 44.55661803
-87.57016175 44.45937244
-87.5145348 44.28436936
-87.55130941 44.21632613
-87.65341314 44.1580094
-87.73529039 44.0608272
-87.76911831 43.96366045
-87.75698235 43.84708072
-87.7301568 43.7013873
-87.84280607 43.54601921
-87.89851747 43.41981168
-88.01988313 43.35186456
-87.96584237 43.24510574
-87.9284851 43.09955553
-87.88671858 42.9443401
-87.85986672 42.81825651
-87.80228585 42.70189468
-87.86442306 42.53708657
-87.85992529 42.43046964
-87.88170339 42.3529417
-87.84870037 42.28511279
-87.77832951 42.13979039
-87.71307891 42.0041872
-87.642943 41.90734613
-87.44944672 41.6749899
-87.45410447 41.55884476
-87.46179848 41.42336986
-87.53070519 41.31694626
-87.68478986 41.31694626
-87.91560672 41.27825134
-88.15993162 41.26857799
-88.4233913 41.24923175
-88.73874409 41.23955886
-89.05406614 41.22988612
-89.25009665 41.26857799
-89.54633715 41.26857799
-89.73856403 41.24923175
-89.93537138 41.23955886
-90.16457069 41.29759849
-90.3902033 41.56852268
-90.52746687 41.84924882
-90.75635361 42.02355725
-91.06035835 42.2269797
-91.24371658 42.40139551
-91.36426589 42.61463781
-91.48901426 42.85704869
-91.47294312 43.14806843
-91.54918892 43.49747477
-91.71680611 43.78879919
-91.86456241 43.97337643
-91.98635941 44.19688661
-92.05314845 44.44964873
-92.04338465 44.69278787
-92.13489327 44.87763837
-92.17819598 45.15053276
-92.0843534 45.2872005
-91.94922795 45.50206336
-91.82709414 45.60954035
-91.67516879 45.70727309
-91.55115232 45.74637323
-91.34865529 45.77570097
