# Canning Basin from http://www.whymap.org/
118.8574541 -20.22923963
118.9471917 -20.12110928
118.9527676 -20.11277411
118.9621978 -20.09361045
118.9736072 -20.05471767
118.9747005 -20.04860816
118.976653 -20.04333176
118.9797088 -20.03944188
118.9835943 -20.03610942
119.0780513 -19.9699935
119.0824907 -19.96749616
119.1688809 -19.95694136
119.1888787 -19.95943869
119.233412 -19.96950852
119.365799 -19.99944029
119.3824232 -20.00369843
119.4341393 -20.01694174
119.546946 -20.06499879
119.5583282 -20.06832924
119.5785974 -20.07111031
119.5849769 -20.07055289
119.6013776 -20.06611162
119.6927494 -20.01832825
119.7208406 -19.99805176
119.7855334 -19.97165973
120.022479 -19.93305068
120.1574979 -19.91693977
120.1705402 -19.91638436
120.2038694 -19.91472014
120.2344286 -19.91027485
120.2447065 -19.90721808
120.3294425 -19.88110777
120.3449855 -19.87582736
120.5594077 -19.79194234
120.8785927 -19.66527264
120.9110981 -19.65055226
120.9866502 -19.61472027
121.0005552 -19.60777362
121.0274783 -19.59222012
121.0761011 -19.55777464
121.1246918 -19.52250007
121.1366796 -19.5136115
121.2080338 -19.45915918
121.2283077 -19.4430523
121.2388782 -19.43388602
121.2766577 -19.39499726
121.3202567 -19.34721791
121.3338769 -19.33221782
121.488592 -19.12305364
121.5036031 -19.0958305
121.5572114 -18.99360689
121.6394263 -18.81388346
121.7310945 -18.70110706
121.7688933 -18.66138518
121.7719295 -18.65721961
121.7766501 -18.6474939
121.7783227 -18.64277291
121.7791571 -18.63582827
121.778883 -18.63055188
121.7774691 -18.62499778
121.7710978 -18.61110649
121.7658188 -18.60277735
121.7622075 -18.59944288
121.7574781 -18.59638612
121.7650039 -18.55610682
121.8005357 -18.48027725
121.8099904 -18.46166297
121.8136026 -18.4583285
121.8180517 -18.45582915
121.8244448 -18.45555346
121.8299851 -18.45721768
121.8336094 -18.46055416
121.8461029 -18.46916302
121.8516462 -18.47138265
121.8844208 -18.47499684
121.8952629 -18.47249548
121.9396949 -18.4480514
121.9927512 -18.40999576
122.0083169 -18.39721931
122.0188888 -18.38721791
122.0285877 -18.37610568
122.0430438 -18.35499608
122.0666737 -18.31749987
122.0847114 -18.3141654
122.0991484 -18.30722076
122.1116497 -18.29944301
122.1285918 -18.2886105
122.3105168 -18.15943944
122.3180531 -18.15360563
122.3374851 -18.1313852
122.3533103 -18.10555461
122.3572284 -18.09555321
122.3660896 -18.0699963
122.3691366 -18.05110834
122.3697118 -18.03832988
122.3636004 -18.01027564
122.3597162 -18.00083166
122.3544264 -17.99249246
122.3474848 -17.98472074
122.3322015 -17.97943831
122.2527815 -17.95832871
122.2108297 -17.9008317
122.2113767 -17.88638299
122.2005502 -17.70777239
122.1991326 -17.70138719
122.1952463 -17.69249258
122.1874793 -17.67944045
122.1785818 -17.66749511
122.1741462 -17.65860654
122.1494216 -17.59027501
122.1441502 -17.57499721
122.1408221 -17.55805318
122.1386051 -17.5283307
122.1386015 -17.50860962
122.1438939 -17.36305397
122.1749836 -17.2433289
122.2533244 -17.11138683
122.259983 -17.10416449
122.281089 -17.08416571
122.2883058 -17.07749475
122.3624867 -17.01082945
122.3791525 -16.99610706
122.3994227 -16.98193807
122.438309 -16.95888655
122.4469251 -16.95388383
122.45221 -16.9519399
122.5244226 -16.95666289
122.5785967 -16.95916023
122.5699743 -16.94749662
122.5299854 -16.87194073
122.5241538 -16.85749907
122.5224764 -16.84666556
122.5252679 -16.84277366
122.5611002 -16.79472063
122.5719192 -16.78499593
122.5855413 -16.77888541
122.5919242 -16.77777459
122.5974876 -16.77861274
122.6008 -16.78194017
122.60804 -16.79582944
122.6113635 -16.79916291
122.6163823 -16.80138857
122.628854 -16.8025004
122.6397069 -16.79972033
122.7869283 -16.75749911
122.7622042 -16.73360441
122.7380352 -16.70388393
122.735521 -16.69971836
122.7363651 -16.69305243
122.7586137 -16.60555423
122.7624961 -16.59555182
122.773613 -16.57972163
122.7880407 -16.56694116
122.7930539 -16.56499924
122.7999862 -16.56527292
122.8105109 -16.5688861
122.8238925 -16.56860941
122.8374813 -16.56166678
122.8452586 -16.55583196
122.8927609 -16.50777591
122.8958264 -16.49694039
122.8955447 -16.48499304
122.8933442 -16.46721891
122.8935958 -16.46055399
122.8997313 -16.44582959
122.9021966 -16.4413853
122.9177617 -16.4155527
122.9227581 -16.41360977
122.99165 -16.38971708
123.0611014 -16.44638399
123.0621836 -16.45166039
123.0613804 -16.45777392
123.0563754 -16.46638479
123.0474879 -16.47832912
123.0438767 -16.48138388
123.0388726 -16.48332781
123.0260782 -16.48221599
123.0208298 -16.47999535
123.0172047 -16.4772183
123.0077541 -16.4730487
123.0019336 -16.47138147
122.9958275 -16.47193889
122.9907959 -16.47388484
122.9871939 -16.4769416
122.9841544 -16.48110818
122.9552572 -16.58444261
122.9572052 -16.58916662
122.9738756 -16.62444018
122.9805591 -16.63166554
123.019697 -16.67027559
123.0594108 -16.69166391
123.0772031 -16.69944267
123.0961005 -16.71610597
123.116384 -16.7927767
123.2047141 -16.9522176
123.3077498 -17.13749714
123.3744267 -17.24694108
123.4347225 -17.34277345
123.4780218 -17.40916104
123.5358195 -17.49416091
123.5524619 -17.5127772
123.5544317 -17.51722048
123.5752695 -17.59749534
123.5794345 -17.59527772
123.5827614 -17.59166555
123.5863707 -17.57972021
123.5947127 -17.51221777
123.5933279 -17.5072231
123.5724837 -17.4788811
123.563866 -17.46110798
123.5599882 -17.44582817
123.5636013 -17.36721753
123.6163764 -17.21082736
123.6216443 -17.2013874
123.5942247 -17.12985824
123.5755511 -17.08110894
123.5724829 -17.06472032
123.5736226 -17.04083165
123.5747019 -17.033885
123.5788679 -17.02277479
123.5885713 -17.00333343
123.5966475 -16.98999353
123.6483189 -16.99249287
123.6547036 -16.99388542
123.6599876 -16.99638477
123.7274785 -17.06666426
123.7602791 -17.1099963
123.769698 -17.12722004
123.7824962 -17.14249583
123.8497125 -17.20166108
123.8619209 -17.21110707
123.8763795 -17.21971593
123.8888906 -17.22277068
123.8949878 -17.22249499
123.90555 -17.21999363
123.9144308 -17.21499897
123.9177603 -17.21138478
123.918324 -17.20444014
123.9136015 -17.20221649
123.8878347 -17.19524972
123.876924 -17.191386
123.8727416 -17.18860693
123.8383097 -17.14666543
123.8324963 -17.13888768
123.8302777 -17.1344444
123.8266589 -17.12471667
123.8030342 -17.03944313
123.7949898 -17.00916322
123.7949895 -16.99721587
123.7977636 -16.99277058
123.8299864 -16.9519399
123.8369249 -16.94388645
123.8720457 -16.91145131
123.8916679 -16.89333006
123.8583144 -16.87638401
123.7822152 -16.89888617
123.7719311 -16.89388949
123.7608098 -16.88249554
123.7541739 -16.86971909
123.7319455 -16.81986865
123.8198227 -16.80777208
124.0156256 -16.89557043
124.225027 -16.95820578
124.467491 -17.09913532
124.8399728 -17.44362976
125.0366932 -17.70983001
125.2979872 -18.02300677
125.5151797 -18.1169598
125.7341305 -18.30486585
125.7670101 -18.46145424
125.926237 -18.61804262
126.1737075 -18.68067797
126.3864344 -18.66501913
126.5924358 -18.61804262
126.7737306 -18.53974843
127.0223697 -18.774631
127.1963572 -18.99385473
127.1983934 -19.16610195
127.1577178 -19.30703149
127.2104042 -19.62020825
127.5052374 -20.12129107
127.6821524 -20.74764459
127.7681814 -21.12345671
127.8553737 -21.49926882
128.1057568 -22.25089305
128.3550395 -22.53275213
128.5535504 -22.75197587
128.4193608 -23.01817611
128.259877 -23.03383495
128.1339775 -23.11212914
128.1610804 -23.22174101
128.2480094 -23.4253059
128.3637897 -23.59755312
128.3992619 -23.73848266
128.4605059 -24.05165943
128.5246407 -24.30220084
128.4841111 -24.42747154
128.0213614 -24.25522432
127.7325019 -24.19258897
127.7160738 -24.27088316
127.4951799 -24.47444805
127.3131691 -24.47444805
127.0845615 -24.50576573
127.1003857 -24.70933063
127.1327748 -24.97553087
127.146252 -25.2730488
127.0876258 -25.38266066
126.8455624 -25.30436647
126.6354694 -25.02250739
126.2707522 -24.7406483
125.7375967 -24.50576573
125.5318687 -24.4118127
125.1623817 -24.09863594
124.6717425 -23.87941221
124.5663745 -23.59755312
124.0615403 -23.23739985
123.708049 -23.04949379
123.4276415 -22.86158773
123.2380895 -22.5170933
123.0095823 -22.39182259
122.6330781 -22.09430467
122.1353969 -21.6558572
121.8018608 -21.29570393
121.4990176 -20.90423298
121.0565022 -20.52842086
120.6851712 -20.48144435
120.4108785 -20.46578551
120.1218554 -20.46578551
119.7967045 -20.46578551
119.2941833 -20.30919713
118.8574541 -20.22923963
