# Congo Basin from http://www.whymap.org/
13.65014352 -2.332078213
13.69637811 -2.008173783
13.69564329 -1.757409062
13.75398861 -1.433504631
13.77715434 -1.193188441
14.00131302 -0.81704136
14.23747473 -0.388651629
14.48577233 -0.158783968
14.68685143 0.133774872
14.68694682 0.363642533
14.67523371 0.520370483
14.64001694 0.771135204
14.82940935 0.865171974
14.98323371 0.896517564
15.37348299 0.823377854
15.51554162 0.896517564
15.53971656 1.178627875
15.6229731 1.377149945
15.90788664 1.732399966
16.02692817 1.951819096
16.08729187 2.265274997
16.06448491 2.463797067
16.04184922 2.683216198
16.16114231 2.871289738
16.3159603 3.048914749
16.37642435 3.268333879
16.29434805 3.39371624
16.17691803 3.53999566
16.13118343 3.78031185
16.0972313 3.999730981
15.96699918 3.999730981
15.82448009 3.937039801
15.62403363 4.051973631
15.48286718 4.177355991
15.27090083 4.334083942
15.1539246 4.522157482
15.09645837 4.741576613
15.09819771 4.950547213
15.1229121 5.086378103
15.20620216 5.138620754
15.3953659 5.086378103
15.42976743 4.940098683
15.5724541 5.002789863
15.65673741 5.190863404
15.64797997 5.598356075
15.64971814 5.817775205
15.7220979 5.974503155
15.95920575 5.984951685
16.17234787 5.964054625
16.32587615 5.901363445
16.4433194 5.775981085
16.67873303 5.587907545
16.77171809 5.368488414
16.94883386 5.295348704
17.18231755 4.887856033
17.19182633 4.637091312
17.23779731 4.480363362
17.15338117 4.302738352
17.07006057 4.250495702
17.23388457 4.010179511
17.36411731 4.010179511
17.55396768 4.062422161
17.55255883 3.884797151
17.65759796 3.68627508
17.88197081 3.61313537
18.21325939 3.59223831
18.54462202 3.58178978
18.8756636 3.52954713
19.12384058 3.47730448
19.27670216 3.341473589
19.27558146 3.184745639
19.54650275 2.996672099
19.73537005 2.923532389
19.73635345 3.069811809
19.80885627 3.278782409
19.90409098 3.351922119
20.05844367 3.4146133
20.17553 3.247436819
20.53115906 3.320576529
20.78029383 3.39371624
21.04137869 3.47730448
21.2782881 3.49820154
21.42150885 3.63403243
21.59972924 3.70717214
21.75342913 3.68627508
21.8710482 3.60268684
22.07218716 3.59223831
22.13137317 3.59223831
22.27248294 3.48775301
22.4263601 3.48775301
22.62815163 3.55044419
22.85248144 3.48775301
23.04037795 3.320576529
23.22975296 3.320576529
23.3473849 3.236988289
23.59593186 3.236988289
23.70164373 3.142951519
23.7005184 3.007120629
23.66410265 2.892186798
23.6629935 2.745907378
23.87457239 2.547385308
24.1462959 2.484694128
24.34681706 2.390657357
24.62977942 2.233929407
24.78276522 2.098098517
24.92378913 1.930922036
24.92296681 1.774194086
24.8274302 1.586120545
24.62553131 1.398047005
24.49501172 1.293561705
24.35298173 1.272664645
24.41157842 1.105488164
24.65965719 0.990554334
24.89583647 0.833826384
25.14410157 0.771135204
25.30957314 0.708444023
25.3803486 0.603958723
25.38009775 0.436782243
25.42727686 0.311399883
25.55731916 0.217363112
25.5572579 0.071083692
25.55726704 -0.106541318
25.46271482 -0.252820739
25.41552635 -0.388651629
25.47494983 -0.587173699
25.61741497 -0.83793842
25.77170516 -1.02601196
25.85520378 -1.234982561
25.86803599 -1.485747282
26.00020001 -1.893239952
26.00162966 -2.133556143
26.02667612 -2.342526743
26.04018009 -2.572394404
26.23024199 -2.666431174
26.49057468 -2.666431174
26.61003103 -2.802262064
26.63487891 -2.938092955
26.63650679 -3.115717965
26.53109127 -3.230651795
26.35365943 -3.241100325
26.21163238 -3.241100325
26.08174361 -3.272445916
26.03480809 -3.314240036
26.02411868 -3.429173866
26.03736123 -3.565004756
26.05077455 -3.711284177
26.0443023 -4.171019498
26.04763085 -4.432232748
25.9549839 -4.588960699
25.75536682 -4.714343059
25.66266342 -4.860622479
25.66487364 -5.01735043
25.67947143 -5.24721809
25.83568325 -5.4248431
25.9217001 -5.665159291
25.92404565 -5.842784301
25.85491342 -5.989063722
25.53493357 -5.989063722
25.40401477 -5.947269602
25.21357828 -5.884578422
25.01198507 -5.874129891
24.79989295 -5.968166662
24.76750985 -6.208482852
24.98184772 -6.281622562
25.14937895 -6.396556393
25.3892801 -6.595078463
25.52244207 -6.783152004
25.71546328 -7.002571134
25.80122819 -7.180196144
25.85249637 -7.420512335
25.65442331 -7.639931466
25.4417516 -7.692174116
25.05996197 -7.556343225
24.80728896 -7.326475565
24.74560991 -7.169747614
24.74250511 -6.960777014
24.64642861 -6.877188774
24.50429552 -6.887637304
24.24210743 -6.793600534
24.08536946 -6.605526993
23.84478266 -6.344313743
23.68906702 -6.218931382
23.52420196 -6.302519622
23.36001058 -6.438350513
23.06406427 -6.469696103
22.70923742 -6.532387283
22.60254591 -6.532387283
22.437777 -6.626424053
22.16656858 -6.741357883
21.80035643 -6.845843184
21.55349419 -7.013019664
21.30421252 -6.992122604
20.97219495 -6.992122604
20.75875507 -6.992122604
20.41615746 -7.096607904
20.39438398 -7.253335855
20.39702986 -7.462306455
20.44773948 -7.713071176
20.45038803 -7.911593246
20.45323698 -8.120563847
20.45556122 -8.287740327
20.45792556 -8.454916807
20.46048165 -8.632541818
20.47326562 -8.695232998
20.50484096 -8.715119586
18.4890911 -9.99368184
18.41240286 -9.886365421
18.32756037 -9.77143159
18.08816861 -9.64604923
17.97935956 -9.51021834
17.89378188 -9.332593329
17.73674023 -9.134071259
17.61622193 -8.998240369
17.51936229 -8.851960948
17.45712379 -8.622093288
17.37313365 -8.548953578
17.22918559 -8.423571217
17.09678187 -8.266843267
17.04846227 -8.193703557
16.99021801 -8.287740327
16.86088833 -8.392225627
16.7185878 -8.402674157
16.5041197 -8.329534447
16.34866648 -8.225049147
16.27574014 -8.068321196
16.15385231 -7.765313826
16.03253683 -7.504100575
15.97145677 -7.326475565
15.86319066 -7.169747614
15.7440026 -7.107056434
15.55319375 -6.992122604
15.49125248 -6.699563763
15.38174164 -6.375659333
15.2728059 -6.103997552
15.27129176 -5.915924012
15.34050693 -5.675607821
15.3501383 -5.38304898
15.54843599 -4.965107779
15.68849912 -4.724791589
15.6860264 -4.421784218
15.63658894 -4.150122438
15.49435519 -4.129225378
15.0924695 -4.223262148
14.94993643 -4.160570968
14.79472744 -3.972497427
14.68656403 -3.721732707
14.60220183 -3.470967986
14.50640488 -3.272445916
14.37621191 -3.272445916
14.24601894 -3.272445916
14.13864056 -3.105269435
14.10252397 -2.979887075
13.92505593 -2.990335605
13.77072642 -2.885850305
13.7342731 -2.666431174
13.65014352 -2.332078213
