# East European Aquifer System from http://www.whymap.org/
21.05032661 56.82401051
21.05199246 56.82762082
21.05894008 56.83289494
21.06338332 56.83511782
21.06838053 56.83706567
21.14337149 56.86399786
21.2228052 56.89789019
21.25975258 56.91400281
21.35445744 56.97733725
21.35807196 56.97982981
21.39001243 57.01316158
21.39806597 57.02261161
21.40778494 57.04066335
21.41389564 57.06067056
21.41417325 57.07843769
21.41334082 57.09122676
21.40972905 57.1156639
21.41055348 57.22565893
21.41110947 57.23482632
21.41416326 57.26926324
21.41527107 57.2734316
21.41888385 57.28065328
21.42721102 57.29010032
21.43776764 57.29815272
21.45082495 57.30454134
21.46304618 57.31176879
21.48081914 57.32508802
21.59441582 57.43452797
21.63829933 57.48008601
21.66385059 57.50787101
21.67246292 57.52203127
21.67801721 57.52814719
21.70412508 57.55091704
21.72300838 57.56369597
21.73162231 57.56814333
21.75328742 57.57452904
21.84772369 57.5861981
21.86133273 57.58785918
21.89938431 57.58480925
21.91299593 57.58257657
21.92910196 57.58174577
21.9802079 57.585086
21.99937849 57.58841325
22.01048722 57.59147628
22.02548829 57.59702798
22.04742717 57.60786304
22.09659165 57.62508172
22.27963169 57.675913
22.47266295 57.72923943
22.48405264 57.73230088
22.58098881 57.7464612
22.60181947 57.74869592
22.60848656 57.74758281
22.61154125 57.74479866
22.61293116 57.7411955
22.60737483 57.73507689
22.59987608 57.7295164
22.59709856 57.72646407
22.58265908 57.6889658
22.58127173 57.67562704
22.58238192 57.66729848
22.58960546 57.63590997
22.59377237 57.62508172
22.59821829 57.61841288
22.63543959 57.58008021
22.64766069 57.57286355
22.6704371 57.56231184
22.74932492 57.52647306
22.90348109 57.44591938
22.93292575 57.425368
22.94097615 57.4206471
22.95070004 57.41620339
23.012364 57.38981985
23.04736209 57.37648338
23.08180437 57.36703577
23.10180293 57.36369958
23.13235857 57.35704493
23.13541311 57.35426227
23.16569065 57.30398417
23.23763401 57.16344142
23.24097106 57.15649203
23.2473605 57.10594091
23.25125369 57.09510992
23.25736514 57.08926767
23.30403026 57.06454967
23.32569544 57.0534407
23.34013736 57.0473284
23.34958423 57.04344118
23.58429302 56.96788507
23.64428381 56.95816211
23.65845047 56.95622595
23.66678154 56.95594168
23.76344412 56.95955463
23.78399941 56.96150383
23.84843623 56.97511207
23.87176744 56.98011411
23.95342639 57.00261257
23.98314389 57.0134465
24.15340644 57.08871117
24.22144956 57.12009965
24.36421473 57.20482532
24.37171327 57.21010141
24.38504551 57.22121096
24.39893641 57.23704565
24.40560062 57.24788063
24.41115218 57.26398542
24.41143177 57.27288302
24.40864717 57.33759215
24.40586799 57.35342403
24.36029923 57.57202429
24.33029805 57.68924214
24.32752038 57.69202146
24.30585465 57.71618485
24.30168499 57.72285277
24.29529808 57.73618935
24.28779478 57.78368645
24.28473881 57.81590308
24.28612483 57.82534698
24.29251256 57.84146427
24.31304972 57.86301283
24.33611516 57.91506866
24.34389155 57.93061726
24.35194706 57.94589899
24.36111314 57.96006306
24.38805333 57.99395849
24.39888321 58.0072896
24.40999586 58.0206126
24.42415648 58.03201158
24.43193314 58.03728579
24.45470642 58.06727846
24.46803507 58.11393824
24.46969797 58.12311227
24.46914454 58.13978132
24.46692453 58.14727277
24.45053368 58.17394053
24.4674763 58.23032883
24.47080392 58.23838413
24.47719366 58.24449371
24.48496697 58.24977871
24.49607998 58.25283197
24.52469115 58.26533524
24.54052179 58.27560662
24.5532954 58.28811148
24.55802252 58.29504433
24.55968569 58.3042185
24.5574633 58.31171625
24.55357535 58.31838465
24.53940595 58.32921144
24.51580139 58.34421902
24.45691074 58.36949036
24.41774229 58.37781677
24.38858101 58.38199322
24.36052719 58.38310171
24.34636455 58.38199322
24.3335863 58.37976428
24.32414301 58.37588294
24.29859171 58.35116143
24.29386968 58.34393996
24.29109114 58.32754749
24.2913738 58.31921487
24.28998517 58.31005246
24.28526312 58.30282808
24.2788758 58.29671652
24.2441547 58.26782348
24.23610006 58.26254249
24.10861589 58.22337686
24.09861612 58.22755427
24.0908374 58.23254794
24.05472633 58.25893749
24.04861658 58.26477452
24.00889566 58.28977108
23.99111306 58.29893189
23.97139513 58.30698969
23.94778825 58.31365849
23.93584405 58.31699014
23.82446212 58.34587799
23.77974988 58.34144212
23.76891564 58.33810091
23.72669164 58.36198564
23.6772469 58.41671188
23.62891097 58.51476182
23.61502436 58.51725808
23.51058723 58.53893178
23.49809174 58.55058494
23.49780729 58.55892375
23.49363134 58.68529811
23.52140755 58.72669811
23.52751655 58.73280723
23.53696455 58.73724423
23.54751868 58.735028
23.56751698 58.72669811
23.5814048 58.72419436
23.59890318 58.72363278
23.72361371 58.73585958
23.86554132 58.75753348
23.87304512 58.75974543
23.8552679 58.7697449
23.82527133 58.78224945
23.80332454 58.78974666
23.78943554 58.79196757
23.58973293 58.77919231
23.57529304 58.77808592
23.49667891 58.79974267
23.4183484 58.89501253
23.41418478 58.90167697
23.41362707 58.91001901
23.42917897 58.93056726
23.44362137 58.93168372
23.47528713 58.92862803
23.50556477 58.92834863
23.57500339 58.93834896
23.58638765 58.94167967
23.63582762 58.96167723
23.63360497 58.96917739
23.62638395 58.99168148
23.62138241 59.00668292
23.61527156 59.0125095
23.58860765 59.02640076
23.57027302 59.03528545
23.55833242 59.03862654
23.56277615 59.03196157
23.56888798 59.02640076
23.5994421 59.01390086
23.60749302 59.00890252
23.60999729 59.0014064
23.60360757 58.99529668
23.55444395 58.97890052
23.51222575 58.97223378
23.46445118 58.97529479
23.45056397 58.97751857
23.43417408 58.98834583
23.41167851 59.00390088
23.40528976 59.00973137
23.42639655 59.04306256
23.4311183 59.05028655
23.43889371 59.05556851
23.48055252 59.08056186
23.46360078 59.18249506
23.46110341 59.18999934
23.46221168 59.19750394
23.46860299 59.20362058
23.49776535 59.21638213
23.50887639 59.21944733
23.61164951 59.23083469
23.70941404 59.22222013
23.72524931 59.22083172
23.73663472 59.22388383
23.74302199 59.23027609
23.7405216 59.23750308
23.7344097 59.24333719
23.72357758 59.25583541
23.71941062 59.26249557
23.72746342 59.26777579
23.74024208 59.26971927
23.82884487 59.28083905
23.85495558 59.27527908
23.88911652 59.264443
23.90328423 59.26194489
23.93411393 59.26333819
24.0410512 59.27722264
24.02216322 59.34721548
24.01798961 59.35388363
24.01743981 59.36221187
24.02077095 59.37027014
24.02715827 59.37638296
24.03521271 59.38166255
24.04826439 59.3838828
24.06299148 59.38499294
24.07909743 59.38332831
24.10326231 59.37666364
24.12159166 59.36777054
24.14603937 59.35277769
24.17464649 59.33944229
24.18464057 59.33526921
24.19714428 59.33387648
24.21019576 59.33610874
24.31685024 59.41693957
24.32324283 59.42304539
24.32240382 59.44804612
24.32712776 59.45526416
24.33713028 59.45943547
24.34851161 59.46248307
24.3615675 59.46470834
24.39267523 59.46609865
24.40878354 59.46442867
24.53460912 59.44832175
24.72070203 59.44388425
24.78986432 59.50138263
24.77708363 59.51137554
24.77486646 59.51859156
24.76958121 59.54859724
24.77458493 59.55554355
24.78791572 59.55777056
24.79985805 59.55442834
24.85846967 59.53665582
24.86651958 59.531656
24.88513222 59.5141569
24.90734905 59.49832577
24.92540509 59.49749407
25.0484535 59.50304492
25.09844527 59.51720944
25.10511662 59.52331985
25.11983348 59.52443487
25.15233082 59.52276779
25.25621229 59.50526611
25.28065772 59.50027177
25.316762 59.489982
25.35676152 59.48165582
25.3903665 59.47693379
25.40379721 59.48174351
25.48868921 59.55220596
25.4847939 59.55970402
25.46729538 59.63943162
25.46895942 59.647756
25.47423603 59.65414625
25.49062334 59.65525349
25.58951243 59.59498417
25.59700975 59.58942758
25.60784257 59.57665193
25.62978425 59.55998842
25.6406192 59.55637036
25.65339815 59.55387332
25.6717298 59.55387332
25.69867012 59.55942822
25.70783447 59.5638772
25.71310846 59.57054027
25.71310859 59.57970555
25.71116852 59.58776047
25.70560716 59.59415316
25.69116624 59.6052582
25.68561025 59.61164292
25.66700222 59.64470121
25.6725533 59.65108677
25.68144021 59.6558094
25.69227208 59.65942489
25.70699275 59.65776228
25.71782514 59.6538617
25.76533017 59.63193479
25.77254747 59.62664837
25.77810787 59.6199746
25.87087581 59.5899787
25.97781005 59.62386928
26.02864062 59.61386547
26.04141703 59.61109116
26.07585691 59.59165042
26.26084687 59.57692776
26.38750043 59.55276614
26.4561086 59.53220752
26.47777399 59.52498636
26.49388668 59.52387535
26.52304813 59.52748817
26.5358232 59.53026977
26.55943361 59.53638005
26.57026526 59.5402643
26.57582199 59.5466553
26.58665668 59.5502594
26.61942486 59.54831744
26.64831322 59.54442441
26.67359086 59.53859765
26.73469556 59.51360142
26.77052859 59.49498867
26.81497374 59.47192706
26.84747193 59.46054608
26.85802936 59.45693462
26.88135546 59.4502672
26.91912945 59.44193886
26.96246148 59.43610227
26.97857231 59.4349878
27.03107024 59.43359773
27.08523215 59.4333227
27.18299838 59.43804816
27.38881506 59.43970929
27.42492523 59.43943368
27.44131036 59.43832377
27.45575211 59.43637845
27.48075042 59.43054203
27.50769606 59.42554118
27.55074632 59.41971887
27.84572542 59.39776804
27.87822172 59.39888285
27.89294261 59.40054361
27.93099698 59.40832347
27.95154994 59.41637924
27.97570934 59.43165705
27.99070817 59.4424987
27.99653689 59.44887702
28.01348588 59.46971029
28.01959232 59.47415703
28.03709259 59.49332703
28.06069731 59.52776334
28.06708342 59.5433173
28.06763876 59.55248175
28.06680259 59.56998462
28.0643072 59.58664448
28.05791417 59.60138171
28.03236256 59.63386906
28.02041222 59.64580437
28.00652916 59.65720235
27.99458222 59.66914668
27.99124732 59.67664106
27.98985688 59.68497119
28.00624539 59.74998346
28.06650682 59.78386029
28.0778982 59.78748297
28.09400795 59.78636573
28.10484197 59.78247611
28.16733419 59.75858854
28.1848335 59.74914657
28.19177616 59.74358517
28.19705719 59.73692022
28.20011063 59.72941929
28.20261226 59.71303015
28.20206061 59.70386662
28.20345056 59.69553503
28.20678021 59.68803584
28.21178044 59.68164437
28.2203889 59.67691646
28.24177835 59.66914668
28.35705017 59.65247452
28.37177062 59.652198
28.3828801 59.6558094
28.39232456 59.66025677
28.39982256 59.66553558
28.4098202 59.6791404
28.41398662 59.6863678
28.41871152 59.70303453
28.4200948 59.72136256
28.41870882 59.72969535
28.41259629 59.74441745
28.41120651 59.75275534
28.41259375 59.77108389
28.41731139 59.78748297
28.42980944 59.80942043
28.43564133 59.81553168
28.44341714 59.82108671
28.4886876 59.84414131
28.49813426 59.84858822
28.50952568 59.85191414
28.52424329 59.85164248
28.6578497 59.80775527
28.66868304 59.80414136
28.68229115 59.79274776
28.68728786 59.78608958
28.69423472 59.78053162
28.70312 59.7758097
28.71562224 59.77275732
28.73367544 59.77247257
28.82339052 59.773309
28.83616738 59.7758097
28.94837632 59.80859244
28.95976198 59.81192623
28.97865058 59.82080591
29.02197957 59.8546968
29.02781404 59.86080041
29.03225601 59.86830286
29.0372542 59.88469309
29.03614058 59.89302032
29.02920024 59.8985818
29.03697093 59.92496109
29.05419012 59.95413137
29.06030079 59.96023898
29.09862908 59.9777383
29.11001411 59.98135574
29.18474725 59.99800183
29.19946675 59.99772132
29.49025897 59.9649566
29.76024351 59.93135211
29.78913095 59.92690716
29.9282851 59.89357238
30.00134145 59.87413985
30.01189393 59.87024429
30.03689396 59.86385086
30.06550094 59.85941621
30.08188692 59.85802743
30.15299372 59.85497248
30.17743659 59.86052472
30.18715361 59.86496342
30.2110415 59.88080592
30.21993036 59.89524696
30.2440884 59.95801613
30.24324965 59.96634679
30.23658782 59.97190194
30.2279707 59.97690953
30.21741994 59.98079478
30.20689446 59.98277135
30.17603298 59.98856899
30.16159172 59.99080142
30.1560399 59.99108651
30.0741104 59.99523015
30.04134603 59.99800183
30.02752271 60.00010715
29.9688514 60.0090986
29.95635535 60.01242605
29.94579979 60.01632125
29.94558394 60.0164972
29.93246663 60.02770401
29.89024336 60.0785401
29.88941184 60.0868716
29.89385497 60.0940936
29.89996711 60.10020649
29.90273812 60.10853927
29.89996535 60.11575775
29.89523967 60.12242236
29.88163153 60.13381307
29.8730213 60.13881733
29.8430226 60.15131114
29.82163884 60.15936915
29.74607996 60.17797641
29.71913806 60.18325138
29.6697008 60.187138
29.57748596 60.18963672
29.55795862 60.18898864
29.54415705 60.18852598
29.51610732 60.18464394
29.47638045 60.17741271
29.4641801 60.17194448
29.45721809 60.16881599
29.4508295 60.16241831
29.43361117 60.15464655
29.40722388 60.14992353
29.388894 60.15020128
29.16807731 60.15909196
29.15168976 60.16019323
29.0439246 60.17270221
29.0292044 60.17491421
29.01864643 60.17880926
29.00087187 60.18852598
28.98725644 60.19964012
28.98216571 60.20633467
28.87364905 60.28019909
28.84004007 60.2999113
28.80413317 60.31917242
28.79032081 60.32657857
28.77921568 60.32518866
28.73698635 60.33240548
28.72158925 60.33596083
28.71171078 60.33824188
28.64088629 60.3590783
28.63005333 60.36268348
28.5995012 60.37546601
28.59227683 60.38101731
28.56784557 60.4066123
28.71094424 60.39370027
28.91086855 60.44849761
29.10493546 60.48138656
29.35816755 60.54718628
29.51818926 60.63496793
29.71995513 60.66789977
29.84028042 60.68985899
30.13499207 60.77223565
30.28727945 60.80519956
30.42013649 60.67338897
30.57716396 60.5033162
30.7205236 60.3608323
30.86521423 60.22396361
30.97281288 60.13096834
31.05193003 60.03803409
31.21251702 59.93446698
31.3139634 59.84741201
31.4450976 59.83653307
31.61921451 59.87461201
31.74033 59.99434152
31.78452484 60.07082776
31.94260578 60.05442969
32.09655439 59.97801015
32.29652448 59.98345358
32.36902938 59.98889776
32.53455528 60.04349947
32.77867277 60.19113447
32.82463845 60.33892418
32.98667375 60.47042272
33.07222416 60.65143289
33.00329713 60.79421054
32.92367699 60.92613423
32.8101144 61.04166848
32.69967923 61.19035247
32.77766815 61.30059015
32.84559287 61.3336781
33.00011029 61.27853546
33.08625059 61.25648481
33.27981186 61.25648481
33.42853103 61.29507644
33.5135647 61.31898878
34.07443624 61.50125738
34.55205337 61.51876982
34.97124638 61.40118765
35.16018076 61.26563816
35.43459649 61.17534426
35.69718163 60.94986312
35.89790445 60.88679329
36.10153243 60.83275565
36.42327852 60.94986312
36.51437703 61.17534426
36.58803663 61.38310678
36.76389525 61.54591794
37.10375557 61.73610396
37.50960491 61.84489793
37.76944861 61.90839988
38.11266353 62.03549094
38.37241158 62.1899711
38.67989947 62.28092189
38.97037856 62.32641923
39.38938695 62.33552025
39.70411736 62.38103601
39.85591977 62.55413022
39.94524307 62.71831268
39.90471595 62.85527985
39.68767664 63.02896581
39.54025153 63.13877453
39.27601047 63.37699176
39.2349941 63.51461156
39.08106519 63.67074712
38.81681284 63.76267332
38.45569044 63.8546614
38.15187856 63.90988371
37.98870809 63.94511891
37.99305231 63.94689779
38.00528184 63.9616198
38.04110471 63.98384287
38.05832315 63.99523117
38.07387512 64.00800235
38.0791512 64.01578376
38.08275863 64.04049748
38.08136977 64.04799036
38.07665055 64.06216199
38.05942355 64.104091
38.04719686 64.13160832
38.03998301 64.14521276
38.02275256 64.15577175
38.00108436 64.16465384
37.97913534 64.1735365
37.92265786 64.20198852
37.91414635 64.20715863
37.89941882 64.21825329
37.89830296 64.22576478
37.90525528 64.23270052
37.91386483 64.23853002
37.92414512 64.24326206
37.97523239 64.30743068
37.90218671 64.33242831
37.81886314 64.36963123
37.81024975 64.37491716
37.80413442 64.38103424
37.80052673 64.38770995
37.79775036 64.40268877
37.79746602 64.41823187
37.68497267 64.41352595
37.5572137 64.37491716
37.38668547 64.34574855
37.35557299 64.34242506
37.33834858 64.34185321
37.32252024 64.34464052
37.18808455 64.38270091
37.16336729 64.39075714
37.14114462 64.39963656
37.12364343 64.41019665
37.0025356 64.49186327
36.9722546 64.51406675
36.94197321 64.53628335
36.91670534 64.56019503
36.8630955 64.60683904
36.75226354 64.69128534
36.72559316 64.70683433
36.70586909 64.71712691
36.69448151 64.72156101
36.68087419 64.72516222
36.66476667 64.72822646
36.60421843 64.73294319
36.56560873 64.73378999
36.55115978 64.73544722
36.45504656 64.87738395
36.43031851 64.91737445
36.43115806 64.92543527
36.43615379 64.93347385
36.44643515 64.93821081
36.46226551 64.94014903
36.47809379 64.9418225
36.49920943 64.94043172
36.51781171 64.93821081
36.54058921 64.9296072
36.54947619 64.92431836
36.56114417 64.91988187
36.57475863 64.91626239
36.60558809 64.91155726
36.64252534 64.91182197
36.65641121 64.91488561
36.82694781 64.97876253
36.83194391 64.98653939
36.86386588 65.06706769
36.85664516 65.11230922
36.84441885 65.13233113
36.83136177 65.14426123
36.829695 65.1514749
36.84580063 65.16509695
36.85441114 65.17093489
36.86690785 65.17480456
36.99689498 65.19564553
37.02855578 65.19898773
37.04744594 65.19676119
37.11522076 65.1859174
37.36547714 65.13844277
37.46963 65.11481424
37.68656704 65.04649832
37.72045376 65.03315789
37.72934093 65.02787709
37.74184214 65.01594532
37.74962013 65.00260864
37.74852476 64.99430773
37.74491151 64.98542676
37.73768685 64.97848454
37.73435462 64.96959504
37.7357431 64.9620971
37.74185646 64.95626904
37.75075105 64.9509971
37.77324544 64.94211835
37.934898 64.88071564
37.97323153 64.86876504
38.00046107 64.86126367
38.02600947 64.85488382
38.07378031 64.84488608
38.11349732 64.84099923
38.15182814 64.839883
38.20960257 64.83849326
38.24487652 64.83960947
38.3237574 64.84737425
38.3379231 64.84988038
38.36958043 64.85321618
38.38875434 64.85266489
38.40486015 64.84960265
38.40597221 64.84211606
38.40291169 64.83487593
38.36153947 64.79766484
38.25266765 64.76989493
38.23183175 64.77156573
38.21571927 64.77460892
38.19655974 64.7751599
38.16155716 64.77406212
38.07684989 64.76739504
38.06101343 64.76573265
38.03991557 64.75628336
38.03296519 64.74962073
38.02935727 64.74045544
38.0321454 64.63628622
38.04326151 64.6318507
38.06241414 64.63157759
38.07464508 64.63518538
38.14823267 64.65712519
38.15879102 64.66211324
38.16407485 64.66989958
38.16268112 64.67739048
38.15906616 64.68405795
38.15795842 64.69156276
38.16323452 64.69934659
38.1843381 64.70879612
38.32405478 64.74433944
38.34904949 64.74711703
38.48708935 64.75212149
38.53291395 64.78906051
38.56485543 64.78294311
38.64734622 64.76821938
38.70011614 64.76044954
38.75123047 64.75378312
38.78817081 64.74906568
38.84398942 64.74823727
38.86481582 64.74656616
38.92843152 64.73433604
39.22591049 64.65016857
39.38535192 64.59739176
39.49201249 64.56657488
39.53423001 64.55545265
39.55005913 64.55239704
39.61061571 64.54823658
39.72476335 64.54406255
39.74226629 64.54433966
39.75448981 64.5479547
39.86473986 64.58102303
39.83391484 64.59379391
39.82336403 64.58935022
39.79837098 64.58211866
39.78253759 64.5854569
39.78170476 64.59267492
39.78753402 64.60988692
39.79502967 64.6260182
39.80835523 64.6496175
39.81391285 64.65739895
39.82474332 64.66211324
39.85891019 64.6565705
40.01417553 64.62349767
40.05389427 64.61184256
40.07778793 64.60323676
40.13138753 64.58018133
40.15277628 64.5568437
40.16111308 64.55155552
40.17416943 64.54768175
40.21305014 64.54322585
40.44663998 64.52713172
40.48469416 64.52574097
40.50191822 64.52601804
40.51607864 64.5282454
40.52357751 64.53518749
40.52802249 64.54378961
40.52996539 64.55211931
40.52913629 64.5596312
40.52607484 64.56629295
40.51163428 64.58518388
40.48718592 64.6060115
40.46913012 64.61767923
40.46357616 64.6237988
40.40884265 64.71572946
40.40495727 64.7298878
40.40662133 64.73821927
40.41440117 64.74490402
40.42356117 64.75045451
40.43605942 64.75405648
40.45023289 64.75657046
40.43828101 64.78544388
40.43331124 64.79592029
40.42549812 64.81238756
40.41994654 64.81850567
40.40578072 64.82988635
40.40938548 64.84627589
40.40882886 64.85349392
40.40549456 64.86043877
40.37799406 64.9062739
40.36881663 64.91904347
40.36327135 64.92514364
40.27965278 64.99983187
40.27131919 65.00538565
40.23854007 65.01927299
40.21187819 65.02705156
40.17743734 65.0328827
40.15632475 65.03454227
40.14299654 65.03843895
40.13466051 65.04398586
40.09771859 65.07204745
40.05521428 65.10620807
40.01410811 65.14843251
39.96437993 65.19592114
39.94993342 65.2073214
39.91021353 65.23480032
39.85938565 65.26674681
39.84855302 65.27120822
39.82883138 65.28119632
39.80937892 65.29119016
39.77882787 65.31009568
39.74994461 65.33286173
39.71410839 65.36896621
39.70021853 65.39590249
39.69744029 65.41840978
39.69909762 65.44951767
39.70076419 65.45757623
39.71519851 65.49257578
39.71936462 65.50118064
39.72964492 65.51784319
39.74742376 65.54144068
39.7704677 65.5614634
39.8082346 65.58423095
39.85267856 65.60256127
39.88794778 65.61531762
39.91183322 65.62367367
39.93599155 65.63173069
39.97459995 65.64227773
40.01848661 65.64976932
40.19818908 65.7008913
40.38621495 65.75782359
40.40870668 65.766994
40.42953779 65.77726324
40.46814217 65.79975371
40.54007496 65.84781434
40.59117595 65.88586594
40.60561873 65.9003147
40.63755769 65.92696733
40.65504888 65.93946572
40.67616437 65.94947445
40.69920921 65.95865145
40.72531384 65.96558743
40.75504404 65.97029894
40.84919344 65.98140642
40.88252256 65.98419043
40.9355708 65.98585494
41.00362621 65.99001267
41.07006952 66.00381879
41.20026601 66.03085782
41.2946967 66.04167496
41.35107864 66.05307182
41.4207946 66.08029004
41.64353603 66.17722106
41.77045201 66.23943959
41.80044365 66.25611494
41.83905414 66.27915951
41.90431801 66.32139012
42.02818815 66.40776262
42.03652319 66.41442999
42.06373939 66.44499041
42.0790077 66.45943034
42.13010603 66.49887898
42.1403819 66.50444103
42.15204391 66.50887406
42.16399036 66.51332189
42.17760183 66.51663992
42.19287314 66.51886641
42.20981683 66.52025594
42.23176591 66.51802515
42.34451916 66.50109049
42.38036399 66.49498962
42.54812303 66.4613768
42.58117714 66.45443255
42.64978523 66.43386729
42.66645571 66.42304293
42.669231 66.41636589
42.66229487 66.40860302
42.65200847 66.40304532
42.665348 66.38693675
42.74116564 66.38609652
42.75977923 66.38609652
42.82394549 66.39276741
42.86976478 66.39942899
42.95086748 66.40721493
43.00003489 66.41165309
43.01697164 66.41277711
43.06919334 66.41498684
43.2394491 66.42025667
43.28167021 66.41693249
43.29528261 66.41277711
43.30610827 66.40803646
43.32250415 66.39720619
43.34416712 66.37276145
43.46249193 66.32528719
43.50415997 66.32193737
43.52332118 66.31916833
43.5397086 66.31555907
43.56665846 66.30723258
43.64220491 66.27333561
43.66108571 66.26307009
43.67720917 66.25222523
43.68775609 66.23999128
43.69303368 66.22638209
43.68581864 66.21861469
43.67693408 66.21222367
43.66665683 66.206667
43.63055223 66.19362258
43.60360834 66.18721483
43.5427871 66.17861104
43.51556095 66.1722315
43.44391039 66.14613437
43.28866055 66.08834903
43.28588523 66.08029004
43.29670932 66.06807075
43.35032412 66.02918292
43.51004281 65.96251724
43.51226332 65.96586015
43.51503811 65.97419243
43.52058778 65.99753265
43.5208613 66.01251961
43.51558352 66.02612911
43.51030874 66.0322453
43.50225575 66.03780694
43.46725018 66.04417852
43.44725838 66.04529325
43.41086437 66.04529325
43.39476177 66.04890741
43.38115599 66.05307182
43.37587638 66.05918955
43.37865078 66.06725181
43.3872643 66.07363848
43.44891565 66.10639914
43.47113591 66.1161175
43.49501547 66.12501674
43.50863434 66.1280776
43.68804582 66.16805338
43.70332761 66.17028117
43.72026275 66.17140267
43.85358718 66.16750205
43.93913733 66.12890186
44.04025162 66.07140783
44.04802479 66.06613139
44.05330317 66.05974032
44.05303259 66.05250714
44.04747315 66.04362783
44.040256 66.03612283
44.0224815 66.02308509
44.01692236 66.01419364
44.01664971 66.00697807
44.02441986 65.99391596
44.02970655 65.9877977
44.04276865 65.97613013
44.16802461 65.867008
44.16998689 65.8652981
44.16979337 65.86665016
44.14524922 66.0389125
44.1044098 66.11028784
44.09662581 66.11583954
44.09134766 66.1219414
44.07607017 66.14778802
44.07356832 66.15474043
44.07134885 66.1688919
44.07189999 66.19112041
44.10438751 66.27250538
44.1190979 66.30527067
44.13048468 66.3227771
44.14658333 66.347205
44.15984097 66.36337758
44.23656679 66.4371926
44.25295984 66.45136727
44.28461485 66.46748063
44.30905635 66.47608442
44.32294204 66.47942931
44.35043392 66.48553417
44.35793774 66.49332575
44.36403359 66.50942226
44.38347197 66.57997133
44.38680479 66.59524385
44.38985849 66.60329945
44.39569208 66.61217935
44.41401488 66.62497649
44.42457357 66.63051763
44.45234957 66.63691466
44.47845009 66.66469037
44.44400396 66.69358194
44.35622752 66.76884443
44.35373304 66.77579074
44.36123069 66.78328221
44.37039109 66.78967921
44.38260599 66.79411
44.4295505 66.80022852
44.45732408 66.80661736
44.46815137 66.81190158
44.47731543 66.81829601
44.48370983 66.83439983
44.49175569 66.89800795
44.47535404 66.93965178
44.41119115 66.99828156
44.40312934 67.00382247
44.38924908 67.00798676
44.34508648 67.02021069
44.3020235 67.05438195
44.1550844 67.15047741
44.1439762 67.15519097
44.1300894 67.15935565
44.1134236 67.16298425
44.0939761 67.1660283
44.07148102 67.16825362
44.03176481 67.16964241
43.99704395 67.16741705
43.96371179 67.16436316
43.93566068 67.15796761
43.92316718 67.15353029
43.90899772 67.15047741
43.88983448 67.15047741
43.87316924 67.15410571
43.85927879 67.15824338
43.77845423 67.18407313
43.77011456 67.18935335
43.75929038 67.20159316
43.75123195 67.21463942
43.74594901 67.24269621
43.74678141 67.27990632
43.74705576 67.29463299
43.74732702 67.3093574
43.75065875 67.32462642
43.75649392 67.34074108
43.78287229 67.38352338
43.79619915 67.39989079
43.80952349 67.41600271
43.85145306 67.4637711
43.93476293 67.55712089
44.02002188 67.64959351
44.02780143 67.6570992
44.03696814 67.66347862
44.04807609 67.66903144
44.06084633 67.67320333
44.08029417 67.67320333
44.09445808 67.66903144
44.10917529 67.69709125
44.12276906 67.77624961
44.12332477 67.79096996
44.11804069 67.80431497
44.08416162 67.82624608
44.07860467 67.83236246
44.07970952 67.86179734
44.07998474 67.86929028
44.08775982 67.8768072
44.0988751 67.88208861
44.11663966 67.88318565
44.16247425 67.87847366
44.19664089 67.88153331
44.20941049 67.88596284
44.22080096 67.89124039
44.26190731 67.91485219
44.25357989 67.92039967
44.23634847 67.92401544
44.21634995 67.92679
44.19829859 67.92595176
44.18385354 67.92262726
44.15802164 67.91429672
44.1419163 67.9120693
44.12358802 67.91402392
44.12080783 67.92069594
44.12107888 67.92790602
44.13468239 67.98206857
44.1366277 67.98844842
44.1738309 68.0901319
44.2052015 68.16538438
44.22102883 68.19788613
44.24046896 68.24595168
44.24102332 68.26065265
44.23852236 68.26732303
44.22740209 68.27955088
44.21879653 68.28509831
44.19879922 68.29536218
44.17852187 68.30564624
44.12685815 68.33092952
44.04574371 68.36452788
43.99659263 68.38314219
43.8946469 68.4123004
43.84187186 68.42286502
43.77771173 68.43840008
43.7138206 68.45452862
43.68465349 68.46285842
43.65827052 68.4717386
43.63188437 68.48063379
43.55855093 68.50869121
43.35023232 68.58868757
43.32718066 68.59895742
43.30662058 68.6092233
43.27411986 68.63146067
43.26218223 68.64367365
43.25635184 68.6570118
43.2641239 68.66450977
43.27717669 68.66866891
43.30689577 68.67533221
43.36216352 68.67838644
43.38216703 68.67838644
43.40410356 68.67727179
43.45160267 68.67284189
43.47242612 68.67005263
43.49020745 68.66672887
43.66630708 68.62256267
43.7804625 68.59174923
43.83934524 68.57508792
43.91573283 68.55479542
43.96850222 68.54423123
44.04794491 68.53202047
44.06849711 68.52924984
44.11376525 68.5256313
44.1357157 68.5245133
44.17571152 68.5245133
44.21236342 68.52646935
44.48428399 68.54312794
44.7081511 68.55228436
44.77508478 68.56036232
44.78980649 68.56340825
44.80646655 68.56536067
44.88007298 68.56924575
44.93867613 68.5697997
45.13504236 68.5681366
45.25919945 68.5647968
45.28086656 68.56340825
45.39806708 68.55146039
45.50028476 68.536193
45.89829884 68.47258117
45.96163892 68.44092208
45.94664455 68.43786046
45.93469574 68.43257479
45.93608602 68.41841294
45.94886702 68.39952704
46.01664985 68.31982083
46.02470871 68.31427158
46.2702554 68.19982189
46.28442004 68.19565769
46.3044131 68.19232904
46.32414328 68.1920648
46.3358064 68.1973335
46.34636619 68.20093646
46.38830046 68.18788172
46.49384804 68.14427363
46.51579802 68.13455384
46.52884934 68.12260619
46.54441573 68.07706795
46.53275223 68.05316968
46.53080926 68.03844624
46.54498259 68.0126385
46.56192676 67.98735029
46.64942421 67.92622953
46.66331218 67.92178412
46.70302719 67.9154126
46.71663856 67.91095345
46.71331831 67.83291319
46.71026936 67.81098008
46.70193851 67.80346783
46.67555364 67.7951374
46.65749529 67.79458687
46.61527934 67.79736667
46.4039113 67.81791385
46.28337512 67.8090323
46.237543 67.8009653
46.18949355 67.79347225
46.14060733 67.78765462
45.83314089 67.7629371
45.72927331 67.75571049
45.7114972 67.75486868
45.67177616 67.7609717
45.65233163 67.76126321
45.61650065 67.75958504
45.53151646 67.75125251
45.49901918 67.7473795
45.45207835 67.74015333
45.42125114 67.73514208
45.37764886 67.72597603
45.3240442 67.71015096
45.31126803 67.70598685
45.29987861 67.7007142
45.2918312 67.69321898
45.29127575 67.68596879
45.29933078 67.68041508
45.33821176 67.67986946
45.34655474 67.67431237
45.34877239 67.66764536
45.34683292 67.64543179
45.34211088 67.62264982
45.3351649 67.60682597
45.32378536 67.5912623
45.28990122 67.57545296
45.27378819 67.57350457
45.25462788 67.57350457
45.23352019 67.57488019
45.19490915 67.57545296
45.16269218 67.57127999
45.14824346 67.56822434
45.10964886 67.55571721
45.05215641 67.53015819
45.01882929 67.51433826
44.99800422 67.50239079
44.9471727 67.47239459
44.9393907 67.46489209
44.92690987 67.44768021
44.91691178 67.42378743
44.9071921 67.36322882
44.90913976 67.34906852
44.9144197 67.34295164
44.93080667 67.33213316
44.98024617 67.31379629
44.99525562 67.30919355
45.12051621 67.27076039
45.15079286 67.26297764
45.167467 67.25908372
45.36661047 67.21518634
45.40272465 67.20824453
45.46076804 67.19908635
45.52994096 67.18491535
45.54632057 67.181305
45.57381902 67.17269094
45.59521391 67.16270847
45.6054903 67.15686883
45.6132665 67.15159512
45.62798564 67.13215276
45.63242783 67.11852787
45.63382393 67.10437245
45.63243465 67.08964874
45.63911009 67.06937695
45.65188118 67.05744189
45.70438927 67.01798355
45.70633171 67.01132994
45.71355203 66.99828156
45.71854605 66.99216517
45.80634057 66.89438406
45.81411742 66.88884331
45.83689157 66.87772112
46.02438123 66.8160639
46.03332332 66.81476827
46.24268555 66.82439697
46.27546838 66.82717969
46.32268382 66.83272641
46.41433754 66.84633753
46.44266062 66.85244987
46.46821422 66.86078088
46.47876984 66.86521033
46.505992 66.86660008
46.52626863 66.86493532
46.54820979 66.86243151
46.56459998 66.85856622
46.57793153 66.85439369
46.58820834 66.84939151
46.59598863 66.84383904
46.59987579 66.83022763
46.59459838 66.82328268
46.5801576 66.82023494
46.51211569 66.80300573
46.37352481 66.73300384
46.38075071 66.73022845
46.49434644 66.75441835
46.50546075 66.75967252
46.51350628 66.7671818
46.52655376 66.7843912
46.53461113 66.79189672
46.54433315 66.79828507
46.55544356 66.80355543
46.58404673 66.80939901
46.5996033 66.81135183
46.6343219 66.81301575
46.7537518 66.81912558
46.91900807 66.83217594
46.95859257 66.83865223
47.08370802 66.85911682
47.21119063 66.88689397
47.23979932 66.89299396
47.29701059 66.90467775
47.32728931 66.90938415
47.35895526 66.91300427
47.39089582 66.9138199
47.42866461 66.91300427
47.44894175 66.91134307
47.49254277 66.90605333
47.59336921 66.92909361
47.69473643 66.97688306
47.72305754 66.99688032
47.73000401 67.00550286
47.73020099 67.00587981
47.89592897 66.87717347
48.10168569 66.58328897
48.30725942 66.19269034
48.38493301 65.90066842
49.08791247 65.49315927
49.12902257 65.28031225
49.06019791 64.95240054
49.06863149 64.62662284
49.21860529 64.28252325
49.56707748 64.03454158
49.71927053 63.84408989
49.8670373 63.5968952
50.22164041 63.46397339
50.69873601 63.42601919
51.3590978 63.407046
51.73100718 63.21745697
52.19641876 63.16063083
52.42328902 63.02812705
52.73465373 63.00920827
52.96898339 62.70685784
53.39583482 62.5370743
53.72775349 62.32984187
54.00417041 62.06653616
54.33432791 61.86000077
54.63484933 61.69124381
54.8659397 61.48526104
55.20805549 61.26089699
55.42516982 61.16751766
55.56346795 61.0182396
55.84015145 61.03689069
56.01213301 60.90638488
56.31484081 60.79461893
56.56070417 60.7573833
56.83841875 60.64573536
56.90861848 60.55276286
56.84836268 60.21856753
56.80904422 59.92243531
56.77819554 59.55396104
56.7124486 59.29648199
56.69021127 58.98432726
56.83135575 58.80096109
57.07172523 58.58116932
57.32639995 58.43479109
57.51936738 58.30680806
57.6126348 58.12413328
57.8669906 58.06936705
58.10638773 57.94164402
58.32633329 57.77756185
58.50345516 57.57721982
58.73236384 57.43165629
58.84789961 57.1590408
58.91735786 56.97752547
58.98697527 56.70559357
59.12242216 56.37981328
59.22077207 56.16295102
59.51365491 55.96438781
59.69110651 55.67595501
59.63340836 55.42395049
59.44397023 55.136371
59.25420415 54.93912794
59.02770818 54.76038746
58.71421137 54.63534673
58.38985413 54.43898301
58.21268041 54.40329742
57.96139242 54.40329742
57.81578659 54.38545657
57.65589967 54.38545657
57.45958404 54.26060638
57.25785837 54.17146696
57.14768021 54.08235991
57.068845 54.01109754
56.97166384 53.85083279
56.86517858 53.6195236
56.90832133 53.42841303
56.90258474 53.22857206
56.83285892 52.92246378
56.94869624 52.80278583
57.15916146 52.63002001
57.39813835 52.48392764
57.42365749 52.3511917
57.56586733 52.13896187
57.54659402 51.97990888
57.64427334 51.7415205
57.55850759 51.54303862
57.3015676 51.52981229
56.89406414 51.55626566
56.5199676 51.62241253
56.08967389 51.6753424
55.47974521 51.82095799
54.90237611 51.96665866
54.25574846 52.2317896
53.51797021 52.44409915
52.96025216 52.52376254
52.53832117 52.52376254
52.21922431 52.44409915
51.64264341 52.13896187
51.13424619 51.91366653
50.53103229 51.60918141
50.172872 51.50336119
49.74567569 51.34471544
49.35350784 51.2786431
48.91641686 51.22579777
48.57019953 51.23900791
48.15966417 51.21258834
47.53393675 51.23900791
46.93386949 51.29185605
46.48241367 51.43724661
46.06536651 51.49013698
45.68549325 51.35793246
45.39355295 51.18617102
45.17660721 50.9353495
45.02196749 50.51348352
44.79568538 50.1186318
44.62452607 49.72527001
44.54926678 49.47660983
44.37947819 49.01898049
44.30233047 48.75772758
43.6093448 48.40532304
43.14197006 48.02718107
42.54532282 47.70149977
41.78667263 47.61035927
41.10282753 47.6754577
40.61209461 47.5452726
40.26502139 47.33707005
39.66562115 47.15498706
39.36668593 47.38910995
39.49773923 47.64941687
39.56392517 47.84476491
39.52612583 48.07931609
39.35035418 48.2227241
39.1352844 48.40532304
38.77556556 48.60106274
38.55662814 48.83608416
38.29387186 48.90139385
38.02079739 48.79690357
37.12646282 48.90139385
36.34554269 49.07125282
35.68000619 49.11046142
34.81038981 49.12353241
33.98691876 49.26733886
33.21257747 49.48969299
32.4514894 49.85621037
31.66045095 50.17124255
31.22650017 50.30286964
30.84020772 50.47784985
30.38305229 50.74379542
30.11069988 50.99703259
29.74015513 51.21801381
29.24349002 51.39363867
28.59023753 51.49777182
28.29630222 51.62799921
27.6870638 51.63451268
27.24468451 51.56938845
26.76116778 51.66708093
26.48913138 51.87562036
26.39302303 52.09738607
26.22017228 52.39120534
26.00588529 52.64613194
25.79744196 52.97334565
25.63313091 53.15022204
25.37477421 53.23542989
25.17858246 53.34034191
24.86106002 53.42561557
24.51420943 53.57655698
24.09490663 53.83271263
23.84264696 54.0036315
23.55924332 54.23390309
23.3901545 54.40510164
23.21024511 54.60937918
22.968187 54.80063236
22.64457334 55.01188426
22.19661019 55.06489919
21.86217166 55.1842385
21.57701954 55.25057214
21.41397714 55.38331177
21.31517034 55.49621616
21.18658068 55.72888656
21.06458288 55.75035856
21.05677337 55.77295544
21.04315727 55.87405064
21.04176802 55.8954392
21.04148674 55.90794338
21.0462107 55.91905487
21.05620727 55.93682568
21.06064874 55.94821826
21.06509529 55.96904897
21.06564834 55.98265602
21.05898268 56.04126877
21.0562023 56.05321222
21.05011027 56.06858073
21.04481132 56.10043647
21.03759134 56.11876167
21.02425261 56.14737255
21.01731124 56.15709994
21.00481002 56.16820923
21.00064659 56.17043297
20.98730817 56.18125609
20.9736979 56.22125668
20.97036278 56.23709424
20.96702318 56.35486804
20.99395644 56.49958739
20.99812575 56.50180223
21.01479315 56.50152713
21.02145866 56.50069283
21.02701605 56.49930384
21.03006991 56.49625419
21.04284871 56.44958455
21.06701198 56.4268025
21.0561781 56.50180223
21.02506309 56.60540451
21.0381169 56.63540554
21.04783777 56.66318567
21.05449921 56.68261794
21.06311099 56.734011
21.06366218 56.74317946
21.06255244 56.76900809
21.06116232 56.77735122
21.05173555 56.79997524
21.04866098 56.81095628
21.05032661 56.82401051
