# Ganges-Brahmaputra River Basin (IGB) from http://www.whymap.org/
75.3152067 29.70608142
76.62822037 30.81976223
76.75143174 30.71643081
76.86690285 30.6360621
76.97747268 30.5901372
76.95374655 30.44088088
77.15354971 30.37199327
77.32337738 30.29162456
77.52251607 30.16533095
77.71098921 30.05051844
77.82958612 29.98163135
78.04621688 29.98163135
78.22744129 29.94718754
78.27548846 29.80941231
78.39958118 29.70608142
78.56172008 29.6486749
78.76687619 29.48793748
78.99386032 29.4190504
79.12629784 29.40756878
79.34501878 29.24683136
79.55841952 29.17794427
79.85281413 29.10905666
80.17956308 29.06313176
80.36853496 28.94831924
80.50625905 28.84498782
80.68985716 28.76461912
81.02985178 28.71869422
81.21071325 28.62684441
81.27575136 28.50055081
81.50264575 28.3742572
81.6807012 28.32833177
81.89414853 28.20203816
82.0915655 28.06426346
82.16750774 27.98389475
82.1586452 27.76575082
82.40709053 27.67390102
82.6491725 27.67390102
83.04437235 27.69686373
83.24828673 27.76575082
83.60329108 27.78871353
83.91271454 27.78871353
84.23559165 27.78871353
84.4749119 27.83463843
84.60680004 27.82315734
84.76574947 27.75426973
84.79573213 27.65093883
84.58612051 27.61649502
84.34967319 27.58205122
84.30241064 27.4327949
84.44248134 27.39835109
84.8461119 27.34094509
85.03422957 27.34094509
85.33074458 27.22613258
85.65313398 27.22613258
85.76364084 27.18020768
85.87207261 27.06539517
86.07348126 27.06539517
86.19281803 26.93910156
86.38131436 26.88169504
86.47586792 26.82428904
86.64583437 26.74392034
86.77999426 26.74392034
86.99662919 26.81280795
87.18397518 26.87021394
87.43896319 26.87021394
87.76407371 26.82428904
88.12898948 26.83577014
88.34075155 26.88169504
88.62785399 26.90465775
88.82368628 26.93910156
89.12164364 26.95058265
89.25884623 26.84725176
89.58109144 26.78984524
89.85756096 26.76688305
90.05336709 26.80132633
90.14721161 26.85873285
90.66253753 26.82428904
91.02484566 26.82428904
91.48379177 26.83577014
91.68508036 26.83577014
91.93716979 26.76688305
92.28313943 26.69799544
92.66944036 26.68651434
92.83585783 26.70947653
93.13919853 26.74392034
93.34630007 26.82428904
93.74761741 26.98502646
94.03370142 27.11132007
94.23674958 27.22613258
94.50252852 27.3753889
94.83899334 27.53612632
95.0357051 27.67390102
95.28366722 27.80019463
95.42878222 27.89204495
95.64139745 27.98389475
95.78946208 27.98389475
95.94924482 27.92648823
96.04612613 27.83463843
96.09830872 27.77723244
96.07575459 27.63945721
96.08494815 27.4672387
95.9304311 27.28353857
95.66724112 27.14576387
95.45623883 27.05391407
95.229199 26.95058265
94.96155882 26.78984524
94.45516666 26.52577693
94.05771282 26.31911408
93.79503029 26.2846708
93.59669906 26.2961519
93.35545682 26.35355789
93.21625954 26.21578319
93.29461584 26.03208306
93.26069229 25.88282674
93.08875806 25.65320224
92.83199669 25.64172062
92.51723678 25.79097694
92.11351969 26.02060197
91.94935853 26.12393339
91.65725795 26.13541448
91.34450418 26.05504578
91.10975584 25.96319597
90.60855596 25.99763925
90.30056262 25.99763925
90.10299383 25.95171435
89.88499116 25.68764604
89.97703428 25.49246482
90.0671119 25.28580251
90.37216685 25.27432089
90.60553495 25.23987708
91.02487936 25.13654619
91.30922801 25.09062129
91.65553386 25.02173367
91.85419858 24.87247735
91.88618343 24.75766483
91.80078174 24.58544633
91.57092953 24.42470891
91.40177554 24.22952769
91.32005566 23.99990319
91.26534386 23.77027816
91.22942689 23.49472823
91.33721752 23.27658429
91.54439236 23.09288469
91.5028399 22.93214728
91.46248334 22.78340688
91.45583002 22.78999938
91.40886908 22.78000169
91.32804667 22.74027365
91.2927541 22.68860662
91.26220496 22.63777677
91.26110682 22.62944132
91.2588787 22.62222106
91.25555658 22.61610914
91.23248602 22.5872223
91.22887062 22.5855532
91.12553715 22.57749629
91.11192739 22.57749629
91.04192896 22.59111017
91.00775382 22.57953096
91.00081987 22.5747215
90.99469916 22.571387
90.98275393 22.56833051
90.96888035 22.56972054
90.96165517 22.57166448
90.94832682 22.57833347
90.94358971 22.58222134
90.83359669 22.68555171
90.82943658 22.69110604
90.79942577 22.73221831
90.78165567 22.75694402
90.77638325 22.76555326
90.75082743 22.82303363
90.74803103 22.86055714
90.74581603 22.87166475
90.72331752 22.92249881
90.7219169 22.92555319
90.70721216 22.94888465
90.67969632 22.99166338
90.64387465 23.03166679
90.63053898 23.041665
90.62664411 23.04833505
90.62387233 23.05861444
90.62387405 23.06333317
90.63858994 23.18916572
90.64387716 23.20832971
90.62969683 23.3174998
90.62664481 23.31888614
90.61581076 23.32777708
90.59499214 23.36722289
90.59359887 23.3705537
90.5930472 23.37861114
90.59748748 23.45499597
90.59859833 23.46277593
90.60664261 23.47443955
90.62580617 23.48444304
90.63638657 23.48777543
90.64137294 23.48777543
90.65803362 23.48472263
90.688872 23.47555368
90.69275373 23.47638507
90.69636616 23.47833111
90.70138161 23.482775
90.71249565 23.49582865
90.71665532 23.50471906
90.71747851 23.5133341
90.71665128 23.54499837
90.71192623 23.54916425
90.7049873 23.55222074
90.69169359 23.55140571
90.69774775 23.52499983
90.6963619 23.51611153
90.69498422 23.51249691
90.69108204 23.50722481
90.67411184 23.50811
90.6625394 23.50973215
90.65054094 23.5077861
90.64469721 23.50367878
90.60304706 23.48971725
90.57360719 23.43527279
90.55026397 23.38388746
90.54582689 23.38472254
90.48580929 23.39610868
90.39748972 23.41333243
90.37414609 23.41916582
90.33471862 23.4291614
90.41638298 23.33388847
90.42360242 23.3266661
90.42943036 23.32333161
90.47136884 23.30638586
90.48969354 23.30000226
90.50749454 23.29749915
90.52671648 23.2967643
90.5541518 23.29416465
90.56219506 23.29249819
90.56998717 23.28972129
90.58027712 23.28388737
90.60554313 23.24305258
90.61248662 23.22221896
90.61387756 23.21444111
90.61470024 23.1894395
90.60053699 23.12527589
90.5961013 23.11055526
90.57859421 23.08999912
90.56387532 23.07610776
90.55802947 23.07222199
90.54971791 23.07111102
90.49313041 23.07203261
90.45860906 23.07166651
90.45027045 23.07055343
90.44664533 23.06500174
90.4458157 23.05583332
90.44720847 23.04833505
90.44922369 23.04361422
90.48165762 22.96471995
90.47303014 22.88055305
90.45945848 22.87029845
90.44908254 22.7656498
90.45610053 22.74944206
90.49526173 22.69444054
90.58137992 22.5344443
90.58638403 22.52055452
90.59942598 22.47916265
90.60359155 22.46444044
90.60038023 22.44929725
90.59302264 22.43546286
90.59605527 22.41686649
90.60686487 22.40692102
90.6169273 22.37111145
90.61774834 22.35388823
90.61692064 22.33611057
90.61414827 22.3105577
90.61080427 22.29499988
90.60331516 22.27444375
90.56414787 22.20972043
90.55998378 22.20388493
90.44636197 22.07610844
90.4405284 22.07166508
90.4316531 22.07055622
90.42525769 22.07388861
90.39444373 22.09055476
90.38915712 22.09555361
90.38804638 22.10360894
90.38970215 22.11166428
90.40581721 22.15166189
90.40637298 22.20722312
90.40555226 22.2324964
90.40138789 22.2605566
90.38832488 22.21777418
90.38666345 22.20916125
90.39055033 22.20388493
90.39637787 22.1641648
90.37108934 22.08138899
90.3680399 22.07527706
90.3583203 22.06583328
90.34860238 22.05638738
90.34359029 22.05139065
90.33915505 22.04638969
90.33137477 22.03527734
90.31721213 22.00222251
90.30998322 21.98221764
90.30554238 21.96666615
90.29165494 21.90583071
90.29054068 21.89749736
90.28415647 21.87527741
90.27943443 21.86221901
90.27248988 21.84916483
90.26749397 21.84472147
90.21137931 21.80610915
90.19747874 21.8008323
90.18969966 21.79888889
90.17082324 21.79833499
90.15470671 21.80166526
90.11554323 21.81222002
90.02469091 21.85999918
90.02192742 21.86694196
90.02804534 21.93860964
90.02998548 21.94582831
90.0335946 21.95221983
90.09275904 22.03527734
90.11859243 22.06583328
90.15748394 22.10332935
90.16748202 22.11194492
90.17692578 22.11249724
90.18441274 22.11000046
90.19274729 22.1086099
90.20109157 22.10944075
90.20914978 22.1113868
90.21609938 22.1144417
90.22470163 22.12444098
90.22777043 22.13027859
90.23831404 22.1766656
90.23943055 22.18527431
90.2377608 22.19277258
90.15166132 22.12055469
90.14582903 22.11555426
90.09526437 22.0616674
90.08055006 22.03944322
90.07331669 22.02694822
90.06694215 22.00499941
90.06336906 21.99594178
90.0613689 21.99177643
90.05903309 21.98877427
90.05247955 21.98221764
90.0452555 21.97999675
90.0358124 21.9811072
90.0069433 21.99110858
89.99999518 21.99449319
89.99663129 22.00005543
89.99193089 22.02534243
90.0391535 22.12444098
90.04221042 22.13083038
90.04664516 22.13527532
90.05970617 22.1419422
90.06666437 22.14416204
90.07276686 22.14749653
90.07666281 22.15305245
90.07998224 22.15971933
90.07303582 22.16277635
90.0666631 22.15999734
90.04387293 22.14444163
90.03887961 22.14055375
90.03387564 22.13527532
89.9794641 22.03893574
89.97721338 22.03115999
89.97720037 22.02250908
89.97830082 22.01472279
89.98246636 22.00031867
89.98468914 21.98391997
89.98246565 21.97668388
89.97802454 21.9716671
89.97051102 21.96944147
89.96163722 21.97055191
89.95416749 21.97305134
89.94859764 21.97666384
89.9355336 21.99166354
89.93220589 21.99777546
89.91581757 22.03722339
89.91110034 22.05111264
89.91026892 22.05888839
89.91053669 22.06805891
89.91220148 22.07583044
89.91527189 22.10138964
89.91527165 22.127776
89.91415614 22.14472122
89.89610135 22.19999706
89.88665598 22.21944433
89.87969308 22.23054983
89.87720032 22.23693976
89.87441957 22.24471919
89.87220409 22.26027913
89.87248085 22.26944543
89.87580816 22.28388595
89.90942321 22.35416518
89.91609169 22.36694188
89.93108798 22.38943984
89.94525495 22.40388669
89.97052008 22.42721762
89.97441533 22.43249236
89.98479001 22.45031169
89.99993884 22.48382968
89.97664013 22.46484083
89.94304005 22.43360702
89.90942399 22.39027492
89.85998774 22.31472095
89.84775794 22.28666496
89.84109222 22.26722138
89.84166159 22.25472058
89.85164834 22.21888463
89.857482 22.20166299
89.86081253 22.18971767
89.86581917 22.17166306
89.86692696 22.16499987
89.86914132 22.1452767
89.87081897 22.10194459
89.87081977 22.09555361
89.86886603 22.08499674
89.86442616 22.07610844
89.86110263 22.07222215
89.84748694 21.98888663
89.846099 21.97777428
89.84637383 21.97166077
89.8513815 21.95360828
89.8566421 21.94388649
89.86553747 21.93055061
89.87553998 21.91888488
89.88414831 21.90555323
89.88582227 21.89944394
89.88610852 21.89333201
89.88471778 21.88833159
89.88165077 21.88444371
89.87746545 21.88110922
89.82053917 21.83638444
89.69831413 21.76388749
89.68887959 21.75833316
89.60693177 21.71277331
89.58109785 21.70166148
89.57499174 21.70221855
89.56080027 21.70860795
89.55664229 21.71138697
89.5530397 21.71499736
89.54720824 21.72388777
89.54081664 21.74027433
89.52165194 21.80027681
89.52026246 21.8133331
89.5244269 21.8283328
89.52693021 21.83277616
89.53305787 21.84055612
89.55470281 21.86221901
89.56110172 21.86999687
89.56553423 21.87888358
89.57082463 21.89333201
89.59803576 22.08166857
89.60387107 22.25722211
89.62082311 22.32444485
89.60942368 22.31472095
89.57720884 22.26388635
89.54998927 22.21027592
89.54636714 22.20083002
89.54553097 22.1952778
89.54832827 22.1824953
89.55081785 22.17722109
89.55664237 22.16860816
89.56748928 22.15750002
89.57609145 22.14416204
89.57859994 22.13888782
89.5808235 22.12555617
89.58028154 22.11361243
89.55048832 22.00180577
89.54775855 21.99166354
89.53887395 21.98583014
89.53220737 21.98555214
89.52331772 21.99055309
89.52292291 22.01338129
89.52465433 22.0752185
89.50951811 22.11456831
89.49956577 22.14700119
89.48719033 22.19694426
89.48637367 22.21555224
89.48692258 22.22110973
89.4891555 22.23166502
89.4935882 22.24055173
89.49636472 22.25083481
89.49721123 22.25638703
89.49693156 22.26249685
89.49275856 22.27388826
89.4758133 22.29138791
89.47360419 22.28694455
89.461927 22.22861064
89.4613783 22.2230505
89.46165961 22.21694069
89.46331957 22.21082718
89.49247742 22.13194082
89.50259945 22.11010913
89.51310364 22.08910987
89.51888204 22.06444271
89.51693993 21.91305307
89.51639199 21.90749927
89.4660891 21.7755548
89.45943189 21.76222103
89.42137483 21.71610833
89.41747521 21.71277331
89.41276446 21.71027599
89.40554572 21.70916133
89.3927676 21.70944092
89.38805276 21.71138697
89.38388318 21.71444187
89.38027059 21.71805385
89.37441751 21.72694426
89.36913905 21.73638224
89.36747393 21.74249417
89.3630415 21.76944551
89.3621971 21.80610915
89.36303989 21.82944166
89.36581634 21.83971894
89.36804021 21.84416441
89.37330797 21.85249933
89.37747055 21.85583383
89.3805338 21.8597217
89.38274823 21.86416506
89.38553698 21.87416644
89.38581901 21.88583269
89.38361152 21.89944394
89.37469814 21.92860931
89.36998504 21.93888553
89.35775954 21.96416304
89.35470711 21.96860798
89.34971851 21.96721953
89.29581792 21.76139018
89.29332174 21.67222232
89.29275426 21.66666641
89.26027396 21.64666576
89.24914052 21.64249619
89.24192374 21.64138733
89.22859139 21.64083237
89.21638799 21.64194281
89.20748266 21.64694535
89.20387724 21.65055363
89.2016523 21.65583206
89.20138742 21.66194346
89.20499146 21.67138355
89.21582049 21.68805182
89.21859505 21.69833279
89.21665795 21.72360818
89.18996715 21.78750222
89.16026035 21.78611377
89.15637554 21.78388603
89.14943191 21.78388603
89.14415079 21.784997
89.13943477 21.78722264
89.10748305 21.8041668
89.10331389 21.8069437
89.0997192 21.81055778
89.09748712 21.815832
89.07887916 21.8966644
89.05693184 22.07111171
89.05664005 22.07749689
89.0583246 22.09416305
89.06299912 22.11547566
89.06276151 22.12111228
89.06109441 22.1272221
89.05331553 22.13360728
89.04860037 22.13583081
89.04386798 22.13638576
89.04220624 22.13277643
89.0366559 22.09805514
89.03776901 22.07944294
89.0397027 22.06611023
89.04498064 22.04805615
89.05026034 22.03860973
89.05692521 22.03055387
89.06164937 22.01999753
89.06331 22.01416572
89.06442391 22.00722347
89.06526429 21.98888663
89.06415544 21.94166455
89.06276143 21.93666201
89.0574757 21.92833078
89.04860082 21.92222149
89.00555409 21.90360718
89.01638715 21.86583099
89.01859995 21.86055677
89.08637598 21.66221725
89.08970761 21.65027351
89.09165314 21.63833031
89.08888456 21.62805356
89.08276541 21.6202757
89.0741553 21.6141643
89.06359522 21.60944083
89.0572099 21.6077749
89.01470633 21.60111013
89.00749143 21.60000127
89.00193073 21.60139183
88.9810526 21.61281173
88.95424536 21.62319134
88.9208262 21.63388695
88.86905967 21.62492005
88.82969873 21.61281173
88.80635078 21.58816462
88.78442395 21.55694453
88.77249675 21.55305296
88.73888042 21.54972216
88.73359939 21.55083313
88.71499128 21.55999944
88.7108185 21.56277634
88.70721801 21.56638884
88.68470156 21.67638609
88.68220245 21.69610715
88.72316412 21.93367779
88.74132059 22.00978725
88.73309985 22.04394672
88.71304174 22.06194699
88.72776902 22.02750001
88.72804576 22.02138598
88.72748381 22.01583218
88.72445364 21.99638015
88.68830931 21.93472018
88.6835877 21.93193906
88.67777232 21.93110821
88.63889311 21.93916354
88.63415584 21.94138496
88.6305319 21.94499746
88.62580605 21.95527421
88.62303729 21.9680546
88.63777137 22.09666616
88.64471429 22.12194155
88.65498228 22.14499922
88.65802884 22.14888709
88.67746938 22.16555114
88.68054541 22.16944323
88.68275329 22.17388659
88.68441583 22.19083233
88.68220777 22.19582907
88.67858691 22.19944368
88.67359861 22.20166299
88.66774775 22.20221847
88.66109995 22.20055201
88.64026825 22.1608303
88.61388158 22.10083204
88.61248784 22.0958332
88.61943162 22.07194256
88.62414356 22.0616674
88.62607566 22.04249602
88.62553332 22.0369438
88.60359501 21.9369416
88.5916574 21.89721778
88.5855407 21.88943992
88.57777327 21.88277726
88.57165868 21.87471981
88.55859951 21.82388786
88.55692982 21.8133331
88.56080571 21.77222241
88.56248819 21.7663906
88.56666039 21.7636137
88.57415845 21.76444456
88.57970576 21.76666861
88.59693815 21.77888718
88.60247672 21.78111124
88.60859408 21.78055311
88.61276603 21.77777674
88.62359827 21.76694187
88.62747146 21.75583374
88.62858792 21.74916316
88.628861 21.73110803
88.62719525 21.71416176
88.60276821 21.61194447
88.60053893 21.60750111
88.57221173 21.55999944
88.53826584 21.52584999
88.51192766 21.52194365
88.49803644 21.5205552
88.49443499 21.52416982
88.48331604 21.55083313
88.48304962 21.55694453
88.48442467 21.56221927
88.48997815 21.57610852
88.49443362 21.58499682
88.49832412 21.58833343
88.50387638 21.59055695
88.51000113 21.58999725
88.51500013 21.59138834
88.51805076 21.59527832
88.52553898 21.65583206
88.53193729 21.83166941
88.51389277 21.9252764
88.51054606 21.9369416
88.50443437 21.94582831
88.49609533 21.95027378
88.47192714 21.89138386
88.47137211 21.88583269
88.46832388 21.78305676
88.47165016 21.68388594
88.4741511 21.67860751
88.47442336 21.67249822
88.47331555 21.66138587
88.46387873 21.63777693
88.45387333 21.61500096
88.44693259 21.6077749
88.40555266 21.58416597
88.39972393 21.58333458
88.30859617 21.60305406
88.30581707 21.60750111
88.30385873 21.61333345
88.30276817 21.6202757
88.30386092 21.63138805
88.30886445 21.65777389
88.30775135 21.69416111
88.30108674 21.74638362
88.29721903 21.77277579
88.29553516 21.77861182
88.29193467 21.78222168
88.26775779 21.8008323
88.26192603 21.80000092
88.25804176 21.79666906
88.25709469 21.79016676
88.25749141 21.77916519
88.26081596 21.76722198
88.2746921 21.72582748
88.28915795 21.69416111
88.29108888 21.68805182
88.29331839 21.67471963
88.30802947 21.57666559
88.30831554 21.57055419
88.30693019 21.56555377
88.30386387 21.56166589
88.29914495 21.55888899
88.29359351 21.55666494
88.26081518 21.54888708
88.25416509 21.5486096
88.20415588 21.60527759
88.1994103 21.61166488
88.19692583 21.61666742
88.18137207 21.66360939
88.17914817 21.67694105
88.17970433 21.68249538
88.18193116 21.68721833
88.1974758 21.70055262
88.20332314 21.70888807
88.20471088 21.71388428
88.20582475 21.72527411
88.20699002 21.78249969
88.20582839 21.80138937
88.18609082 21.83360912
88.17359579 21.85027633
88.16053286 21.86499802
88.15498657 21.87471981
88.15332308 21.88055373
88.14221006 21.94888533
88.1419423 21.95499673
88.14360344 21.96555149
88.14498879 21.97055191
88.14943121 21.97972033
88.17692323 22.01500079
88.19247147 22.02833509
88.19941053 22.03555535
88.20860664 22.04722213
88.21582327 22.06083232
88.21859237 22.0708337
88.21886872 22.08277691
88.20304845 22.14333276
88.20138133 22.14944258
88.19941683 22.1552765
88.19413506 22.16499987
88.18692337 22.17222224
88.16998447 22.18333248
88.14582892 22.19360765
88.08028173 22.20860946
88.03359988 22.21888463
88.02859158 22.22110973
88.0074869 22.2352733
87.99663991 22.24610817
87.9874822 22.25916393
87.97053261 22.28722203
87.96581801 22.2974972
87.94692807 22.36111007
87.94525739 22.37416583
87.94469732 22.38638493
87.93942054 22.41277499
87.93275014 22.42083243
87.9277695 22.42277479
87.90776378 22.42166382
87.90443315 22.41916439
87.94386498 22.28166612
87.94748603 22.2697208
87.9563739 22.25666609
87.98193342 22.2230505
87.99582306 22.2077728
87.99999523 22.20499537
88.01471347 22.19888397
88.07054513 22.18777795
88.10026859 22.18472093
88.11796292 22.18260608
88.12858076 22.17999799
88.13333713 22.17805405
88.14194308 22.17222224
88.16720345 22.13860982
88.17442417 22.12305252
88.17553599 22.11638775
88.17359573 22.10583247
88.16804491 22.09166363
88.16499429 22.08777997
88.12248524 22.04472165
88.10998633 22.03527734
88.08692892 22.0208326
88.08220946 22.01805781
88.03664619 21.95083032
87.99164983 21.86777703
87.98110027 21.85111088
87.97192455 21.83944304
87.96054832 21.82861292
87.86971062 21.75250188
87.82943497 21.71916271
87.79636894 21.69888405
87.68498162 21.6477762
87.67304077 21.64388833
87.57177458 21.6262357
87.52165489 21.61749827
87.48089468 21.61178727
87.46415175 21.60944083
87.44581602 21.60360902
87.32916044 21.56166589
87.21554418 21.55277707
87.19887065 21.5458327
87.11692484 21.5113889
87.1122061 21.50833452
87.07165117 21.48194024
87.06330293 21.47582884
87.04332211 21.45944017
87.0125008 21.43221926
87.0010951 21.42194198
86.96331215 21.38194226
86.88442389 21.28638764
86.87553071 21.27444443
86.86442694 21.25457883
86.75493491 21.30181041
86.71161218 21.53143544
86.66586112 21.91031627
86.73501388 22.1743851
86.82916195 22.50734103
86.87268357 22.69104115
87.01908634 22.93214728
87.06135962 23.18473449
87.10822516 23.54065313
87.14349971 23.74731544
87.34354745 24.05730918
87.54559908 24.2984153
87.62599328 24.52804033
87.66463144 24.74618374
87.6552596 24.91840225
87.39220721 24.94136496
87.18512517 24.67729613
86.97151421 24.67729613
86.78942632 24.78062755
86.65432226 24.99877096
86.45873326 25.09062129
86.22075409 24.96432768
86.07567564 24.74618374
85.95027663 24.56248414
85.61805387 24.49359653
85.36251321 24.48211543
85.05678089 24.33285911
84.81829069 24.2639715
84.55343774 24.27545259
84.1648383 24.3443402
84.03549452 24.44767163
83.89863011 24.58544633
83.78879514 24.80359026
83.45554525 24.96432768
83.25638474 25.04469639
82.96899918 25.07913966
82.61258687 25.10210238
82.21170932 25.10210238
81.81083115 25.10210238
81.46986458 25.13654619
81.14222332 25.17098999
80.92838756 25.17098999
80.54081089 25.17098999
80.40020538 25.2054338
80.20776351 25.32024579
80.01796756 25.37765231
79.884256 25.37765231
79.57671933 25.37765231
79.39166037 25.3891334
79.23280681 25.46950211
79.07570448 25.63023952
78.96143093 25.73357095
78.78311915 25.71060823
78.56729729 25.63023952
78.38693849 25.59579572
78.18626811 25.59579572
77.98288759 25.65320224
77.83898017 25.81393965
77.87808289 26.02060197
77.93554362 26.31911408
77.97148114 26.50281421
78.0216155 26.75540143
78.02711111 26.91613884
78.03526905 27.08835788
77.90787687 27.31798238
77.79681747 27.5590885
77.61063641 27.69686373
77.52365959 27.98389475
77.51436187 28.19055707
77.50218587 28.44314429
77.49145375 28.63832551
77.37265052 28.89091325
77.30672218 29.01720686
77.07584162 29.18942537
76.78839093 29.35016278
76.65261165 29.4649753
76.42250089 29.52238129
76.24644085 29.57978781
76.1432958 29.66015652
75.97807654 29.70608142
75.78868515 29.70608142
75.61841935 29.67163761
75.51020723 29.67163761
75.3152067 29.70608142
