# Great Artesian Basin from http://www.whymap.org/
133.5529737 -28.19246589
133.5034824 -28.03114147
133.5313917 -27.87877952
133.5433738 -27.56509315
133.5376317 -27.31414406
133.4660905 -27.0811199
133.4329063 -26.95564535
133.4636005 -26.74054612
133.5890758 -26.39997235
133.7403095 -26.13109832
133.7117314 -25.9159991
133.6166057 -25.62023767
133.6072957 -25.45891325
133.7622221 -25.38721351
133.9567532 -25.20796415
134.2303006 -25.04663973
134.3931101 -24.88531532
134.5231721 -24.7508783
134.5074178 -24.61644129
134.5518949 -24.4730418
134.6285097 -24.29379245
134.768602 -24.19520531
134.9423483 -24.10558063
135.3042833 -24.09661816
135.5437058 -24.09661816
135.6861262 -24.00699349
135.8085378 -23.88151894
135.9134288 -23.72915699
136.0158868 -23.68434465
136.3312607 -23.54094517
136.5474263 -23.41547062
136.8791611 -23.56783257
137.1983384 -23.59471997
137.5654841 -23.56783257
137.7581366 -23.43339555
138.0763744 -23.37962075
138.4416985 -23.19140893
138.6192241 -23.03904698
138.681461 -22.72536061
138.6232678 -22.38478684
138.6700144 -22.20553748
138.8531257 -22.15176268
139.1731941 -22.02628813
139.3701921 -22.02628813
139.5573105 -22.18761255
139.5961897 -22.37582437
139.723524 -22.46544905
139.8655192 -22.49233645
139.9815921 -22.73432307
140.0190971 -22.91357243
140.1748823 -22.91357243
140.3449667 -22.73432307
140.3007854 -22.41167424
140.4214569 -22.16072514
140.5408155 -22.062138
140.6402309 -21.84703878
140.6191418 -21.68571436
140.4110409 -21.23759097
140.2350158 -20.95079201
140.090755 -20.41304395
140.0138389 -20.09935758
139.7069772 -19.74085887
139.3303458 -19.59745939
138.9866282 -19.41821004
138.9274759 -19.17622341
138.7027706 -18.75498743
138.2954487 -18.15450209
137.8012302 -17.36580494
137.521249 -16.82004139
137.2640189 -16.52207607
136.7261997 -16.16513845
136.4101912 -15.76785136
136.3798182 -15.62729519
136.4574647 -15.65805297
136.5685721 -15.71832803
136.5982993 -15.73916295
136.671082 -15.80027414
136.7152386 -15.85860729
136.7196976 -15.86777356
136.7658042 -15.9044427
136.8607814 -15.91221844
136.920534 -15.90638663
137.0305537 -15.91471979
137.1366553 -15.96860664
137.2760973 -16.05638456
137.2866535 -16.06749879
137.2980324 -16.07722149
137.3060855 -16.08332798
137.3391381 -16.10749737
137.3644082 -16.12527451
137.3738412 -16.12999952
137.4341487 -16.15638552
137.4791196 -16.17471707
137.4974714 -16.17805255
137.5046996 -16.17777384
137.5205356 -16.17360726
137.5405256 -16.17416367
137.5469356 -16.17555522
137.5852315 -16.18777423
137.6466408 -16.20804972
137.6737297 -16.22029792
137.7308085 -16.24610637
137.7354993 -16.24916012
137.7421829 -16.25583208
137.7738594 -16.30055365
137.7880259 -16.32166225
137.7949832 -16.33360759
137.8136003 -16.369995
137.8149524 -16.3720647
137.8188439 -16.37805146
137.8571785 -16.4361079
137.8604998 -16.43999678
137.8866602 -16.4566631
137.9338693 -16.49360692
137.9713491 -16.52722231
138.0002712 -16.55471812
138.0666524 -16.61472151
138.1188362 -16.65471808
138.1474849 -16.67582667
138.1902482 -16.70499576
138.199398 -16.70971876
138.2908055 -16.74249197
138.4352457 -16.77888541
138.4669193 -16.78527565
138.4869068 -16.787777
138.5141638 -16.78832939
138.5896959 -16.78360841
138.6324475 -16.77888541
138.6466407 -16.77972054
138.6549649 -16.78499593
138.6630223 -16.79110745
138.6810825 -16.80805148
138.6935692 -16.81721876
138.8380115 -16.87388568
138.8485712 -16.87777355
138.8677387 -16.88055261
138.9069279 -16.88499689
138.9341411 -16.8852746
138.9810778 -16.88916448
138.9938332 -16.89138411
139.0036021 -16.895276
139.0174901 -16.90305174
139.026364 -16.90915924
139.0357976 -16.92055118
139.1413578 -17.0741643
139.1427585 -17.11749836
139.1433077 -17.12999911
139.1447128 -17.14166272
139.1469425 -17.15277494
139.150816 -17.16888384
139.1627439 -17.20304759
139.2013545 -17.28111087
139.2124663 -17.29749748
139.2191153 -17.30499954
139.2441028 -17.32916188
139.2605267 -17.34249575
139.2836004 -17.35416539
139.3302637 -17.36666212
139.3430165 -17.36888376
139.3702367 -17.37166483
139.3774415 -17.37166483
139.3955351 -17.36971889
139.4091459 -17.36999458
139.4163829 -17.37111144
139.4274578 -17.37444188
139.4372029 -17.37916287
139.5285897 -17.43610849
139.5327453 -17.43916526
139.5402542 -17.44582817
139.5849618 -17.48555004
139.5924605 -17.49277037
139.6110832 -17.51610966
139.6218866 -17.52555365
139.6361016 -17.5325003
139.6472153 -17.53666386
139.6649794 -17.54194227
139.6924735 -17.54972002
139.7463349 -17.56388499
139.7802735 -17.57087389
139.8141464 -17.57527693
139.8827221 -17.61416166
139.9463491 -17.65777141
139.9574588 -17.67416405
139.9702396 -17.68999525
139.9735732 -17.69360944
139.9818977 -17.70027235
139.9916363 -17.70499736
140.0185854 -17.71277511
140.0513599 -17.7180515
140.0657983 -17.71888462
140.0778739 -17.71893551
140.1321722 -17.71916434
140.3743891 -17.67971815
140.3966386 -17.67332893
140.4949652 -17.6408314
140.534146 -17.62444077
140.6135878 -17.5841655
140.6263394 -17.57582831
140.6377486 -17.56693974
140.6610953 -17.54833351
140.7580262 -17.47777229
140.7810927 -17.46527154
140.7905254 -17.46166137
140.8016313 -17.45888634
140.8202572 -17.4577735
140.8313586 -17.45360793
140.8352356 -17.45027145
140.859681 -17.41110699
140.8774393 -17.37833177
140.8858078 -17.35971949
140.9421991 -17.1511067
140.9524538 -17.09694215
140.9558082 -17.07166295
140.9552342 -17.05916421
140.954129 -17.0536081
140.9474857 -17.03277821
140.946927 -17.02666669
140.9474798 -17.01971803
140.9491294 -17.01361053
140.95691 -17.00110978
140.9724724 -16.98138468
141.0510884 -16.88388406
141.1758033 -16.72888242
141.181917 -16.72110768
141.1944269 -16.70388393
141.2119131 -16.67249723
141.2166436 -16.66305124
141.2688639 -16.54305451
141.2861059 -16.50333163
141.2955304 -16.47638519
141.2994073 -16.45888776
141.3002573 -16.45277423
141.2999891 -16.44638399
141.2988548 -16.44083291
141.296349 -16.43666029
141.3155212 -16.35749827
141.3269068 -16.33194136
141.3502486 -16.25638548
141.4132907 -16.10722168
141.425264 -16.08388741
141.4269156 -16.0791624
141.4277676 -16.07305088
141.4263701 -16.06138627
141.4005383 -15.90583223
141.4227635 -15.74194201
141.4316425 -15.67916358
141.4357907 -15.65499821
141.4605085 -15.53610828
141.4716257 -15.50444286
141.571619 -15.27861034
141.6333285 -15.15166294
141.6358005 -15.14694296
141.6658013 -15.03610748
141.6652517 -15.0169408
141.6611067 -15.00110759
141.6563707 -14.98582778
141.6324461 -14.93805145
141.6213401 -14.91777597
141.6146925 -14.91055363
141.6096762 -14.90138836
141.6038529 -14.88749808
141.5952499 -14.86166346
141.5677555 -14.76888887
141.5652498 -14.75833306
141.5216371 -14.48749724
141.5202708 -14.47499951
141.5210824 -14.45527541
141.5230463 -14.44305236
141.5361077 -14.3986085
141.5452611 -14.373607
141.5660709 -14.32333032
141.5844172 -14.28416285
141.5882868 -14.27527528
141.5916454 -14.26471947
141.5946911 -14.2463839
141.5991167 -14.19249605
141.6002553 -14.15305188
141.599978 -14.13444263
141.595516 -14.11249588
141.5905169 -14.09638598
141.5813576 -14.07194291
141.5749783 -14.05888675
141.5516392 -14.03221902
141.5280449 -14.01471857
141.5172093 -14.00416478
141.5019215 -13.9855525
141.4796748 -13.95305297
141.4752518 -13.94388669
141.471624 -13.934163
141.4674699 -13.91749566
141.46606 -13.90666416
141.4655105 -13.88749749
141.4657929 -13.8683288
141.4688383 -13.82805353
141.4738537 -13.79694252
141.4796735 -13.76722003
141.4974712 -13.67999752
141.5046957 -13.65027504
141.5152674 -13.6127738
141.5202622 -13.59582876
141.5419355 -13.53277464
141.5544079 -13.50333288
141.5591443 -13.49388487
141.5652433 -13.48596525
141.6124645 -13.41471983
141.6805471 -13.28916397
141.6857939 -13.27277334
141.6882946 -13.26083001
141.689151 -13.24721844
141.6885659 -13.24083122
141.6846944 -13.22499902
141.6808109 -13.21527331
141.6783197 -13.21110874
141.6749833 -13.20694115
141.6524581 -13.19499581
141.6491418 -13.19138665
141.6319007 -13.16194188
141.6299451 -13.15694117
141.5855098 -13.00138814
141.5838582 -12.98916309
141.5866426 -12.97749746
141.593841 -12.95749767
141.6041248 -12.9388854
141.609404 -12.93027554
141.6288419 -12.9080531
141.6330186 -12.90555175
141.636383 -12.90972034
141.6410825 -12.9127761
141.6466343 -12.91361022
141.6521926 -12.9124984
141.7030397 -12.87610697
141.7141428 -12.86583088
141.7230262 -12.85527507
141.7477338 -12.82443975
141.7597065 -12.80805214
141.7666646 -12.79472129
141.7705415 -12.78471989
141.7891476 -12.72499822
141.7922027 -12.7141627
141.7952544 -12.69666326
141.7985798 -12.68582874
141.8184607 -12.69332979
141.8206484 -12.69132951
141.8241386 -12.69099747
141.8283035 -12.69132951
141.8471399 -12.69866354
141.849959 -12.69999672
141.8524813 -12.70182998
141.8567972 -12.70616359
141.8584528 -12.70866192
141.8654797 -12.72533026
141.888028 -12.75499841
141.8908144 -12.77194345
141.8927651 -12.78971959
141.8927655 -12.80333015
141.8922173 -12.81499778
141.8899858 -12.82777423
141.8894355 -12.84083038
141.8905326 -12.84638348
141.9288677 -12.90333011
141.9349669 -12.91110786
141.940795 -12.87582826
141.9410762 -12.86916233
141.939697 -12.85749671
141.883869 -12.70416532
141.8393539 -12.67249789
141.7688609 -12.56999658
141.7277505 -12.51277627
141.7177436 -12.49332887
141.742732 -12.47805208
141.7508306 -12.47249697
141.7524759 -12.46721957
141.7444113 -12.46110805
141.728028 -12.45555093
141.6669375 -12.44721978
141.661375 -12.44832959
141.6602523 -12.45444112
141.6544174 -12.50333229
141.6530478 -12.51610873
141.65442 -12.52832976
141.6569179 -12.53249835
141.6619256 -12.53499669
141.6724868 -12.53194093
141.6852445 -12.55166302
141.632167 -12.56805365
141.6216158 -12.5711084
141.5969238 -12.56027489
141.5930186 -12.55749784
141.5902353 -12.55333025
141.5894167 -12.54694304
141.5941159 -12.53166423
141.606693 -12.50929288
141.6218803 -12.48249737
141.6602522 -12.40138739
141.6688576 -12.38193999
141.6882979 -12.33194101
141.7385547 -12.23277316
141.759982 -12.17888532
141.8016367 -12.05888657
141.8091504 -12.04444289
141.8144154 -12.03638543
141.8258056 -12.01999781
141.8457982 -11.99249496
141.8524443 -11.98444051
141.8707922 -11.96832959
141.8880277 -11.9583302
141.8952085 -11.96299584
141.8993608 -11.96316388
141.9016983 -11.96499814
141.9012001 -11.96866264
141.8928676 -11.97716282
141.8905298 -11.98833039
141.8910866 -11.9944399
141.9169376 -12.08888475
142.0172154 -12.07194273
142.0227647 -12.06999679
142.025817 -12.06694203
142.0288653 -12.06221803
142.0305462 -12.05693962
142.0324664 -12.04472161
142.0327482 -12.03861008
142.0308267 -12.03388608
141.9841265 -11.98249758
141.9730304 -11.97999622
141.9610912 -11.98221887
141.9540277 -11.9704969
141.9511909 -11.96949676
141.9491887 -11.96732945
141.9480136 -11.96449807
141.9470164 -11.96083055
141.9468649 -11.95416362
141.9466266 -11.92444214
141.9577347 -11.85082919
141.9680119 -11.81110832
141.9696921 -11.80583092
142.0558179 -11.55027491
142.0819083 -11.48555153
142.1002469 -11.44694249
142.1216139 -11.37805153
142.1241134 -11.36721902
142.12912 -11.33694113
142.1588766 -11.14944095
142.1588763 -11.12388606
142.1569163 -11.09249533
142.1536002 -11.05694004
142.1521927 -11.04555212
142.149991 -11.0344409
142.148045 -11.02832938
142.1458138 -11.01805429
142.1385813 -10.97971893
142.1377591 -10.96749488
142.1419386 -10.95666338
142.1472217 -10.94888663
142.1508182 -10.94555115
142.1741346 -10.92833043
142.1827356 -10.92277431
142.1877403 -10.92083038
142.1941221 -10.91971855
142.2002526 -10.91999726
142.2063678 -10.92110909
142.2166364 -10.92555338
142.2227514 -10.92666319
142.3044167 -10.90777422
142.3394104 -10.89860895
142.3466171 -10.89221972
142.3966342 -10.82583112
142.4024687 -10.81805337
142.4110989 -10.79860798
142.4127548 -10.79333058
142.416383 -10.77527573
142.4174775 -10.76249829
142.421627 -10.74555023
142.4263591 -10.73638496
142.4419281 -10.71055437
142.4469367 -10.70888613
142.51886 -10.70666348
142.5566454 -10.72166358
142.6088565 -10.74443941
142.6127378 -10.74805259
142.6152276 -10.75222018
142.6157794 -10.75833271
142.595522 -10.79249646
142.5861159 -10.79756257
142.5758083 -10.80055293
142.5716275 -10.80305126
142.522492 -10.84916237
142.5160817 -10.85610701
142.5138885 -10.86083
142.5127533 -10.86693951
142.5027801 -10.94860792
142.5061031 -10.95221809
142.51166 -10.95110827
142.5166635 -10.94916534
142.5216345 -10.94610858
142.5280417 -10.94027577
142.5363734 -10.92777502
142.5521906 -10.89527548
142.5560855 -10.88527609
142.5613686 -10.87638651
142.5699772 -10.86999527
142.5741219 -10.86832904
142.5852369 -10.8661074
142.5982958 -10.86721923
142.6038533 -10.86888646
142.6132798 -10.87416286
142.6205182 -10.87971797
142.7227513 -10.96138738
142.7260733 -10.96444314
142.7419119 -10.98277268
142.7477404 -10.99027273
142.7855222 -11.07332966
142.7910752 -11.08777535
142.8041375 -11.1672191
142.8607734 -11.3616619
142.8674603 -11.3816637
142.8680104 -11.38777623
142.8641383 -11.39777663
142.8391414 -11.5088868
142.8410691 -11.5136098
142.8563556 -11.62305273
142.8674567 -11.71582934
142.8663609 -11.74221836
142.8605081 -11.77805438
142.8555285 -11.81583131
142.8583046 -11.83305104
142.8602263 -11.83777605
142.8652343 -11.84610921
142.8718933 -11.85388294
142.884149 -11.86332994
142.9646961 -11.92444214
142.9727428 -11.93027596
142.9824523 -11.93471924
142.9941115 -11.93638547
143.0080253 -11.93694088
143.0205384 -11.93610877
143.0374726 -11.9327743
143.0588692 -11.91999785
143.0624647 -11.91694209
143.0752574 -11.90916334
143.0899614 -11.90361024
143.1033052 -11.90361024
143.12912 -11.91332992
143.1338796 -11.91638668
143.1991238 -11.98749627
143.1611038 -12.04583142
143.1472185 -12.06721974
143.1021761 -12.14027527
143.0819031 -12.22499843
143.0749812 -12.29221914
143.0732604 -12.31559868
143.0730306 -12.31860816
143.0758095 -12.33582989
143.0785869 -12.33999748
143.0824507 -12.34277352
143.0913546 -12.34409463
143.1255242 -12.34916275
143.1291693 -12.34901702
143.0563238 -12.48126006
142.9370254 -12.94730838
142.830749 -13.4133567
142.834332 -13.78978034
142.8877832 -14.14827905
142.9109434 -14.44404048
142.9863727 -14.84735152
143.0942235 -15.08933815
143.3892689 -15.34028725
143.5822691 -15.53746153
143.7656428 -15.73463582
143.7825762 -15.96765998
143.7460709 -16.13794687
143.7650673 -16.32615869
143.9534054 -16.63088259
144.0858723 -16.90871909
144.2789551 -17.22240546
144.414053 -17.41061728
144.448878 -17.56297923
144.2884368 -17.49127949
143.9205028 -17.36580494
143.7146583 -17.41061728
143.4448441 -17.53609183
143.3027392 -17.63467897
143.0496143 -17.6526039
142.8232526 -17.6526039
142.7038179 -17.76015352
142.5721008 -17.81392832
142.2880489 -17.83185326
141.9957912 -17.76911598
141.8353778 -17.69741624
141.7981622 -17.80496586
141.8642357 -18.04695248
142.0769592 -18.2082769
142.3246614 -18.29790158
142.5412876 -18.34271392
142.8352166 -18.49507587
143.0764799 -18.68328769
143.323538 -18.93423678
143.577485 -19.16726094
143.7648507 -19.33754783
143.8988615 -19.41821004
144.1822078 -19.59745939
144.647471 -19.9559581
144.9470351 -19.9559581
145.1846204 -19.9559581
145.4340954 -20.00077043
145.5658647 -20.07247018
145.6424101 -20.25171953
145.8021693 -20.5922933
146.022337 -21.04041668
146.2947456 -21.44372773
146.4401859 -21.94562592
146.5480019 -22.3399745
146.6203007 -22.56403619
146.6952443 -22.83291022
146.742509 -23.07489685
146.8505299 -23.23622126
147.3328395 -23.46924542
147.5301509 -23.57679504
147.7749625 -24.06076829
147.8938277 -24.42822947
148.157278 -24.78672817
148.278925 -24.94805259
148.3062932 -24.83154051
148.3199806 -24.63436622
148.3107553 -24.46407934
148.4037305 -24.35652972
148.4338863 -24.17728037
148.4537606 -23.96218115
148.5106163 -23.8367066
148.4296654 -23.5588701
148.3752566 -23.37065828
148.4017545 -23.17348399
148.4331916 -23.10178425
148.55248 -23.15555906
148.7079958 -23.29895854
148.9704367 -23.59471997
149.2261761 -23.89944387
149.5092001 -24.22209271
149.662682 -24.49096674
149.8695605 -24.79569064
150.1573079 -25.10937701
150.3690723 -25.38721351
150.5459186 -25.62023767
150.6510783 -25.85326182
150.7657916 -26.02354871
150.9132487 -26.41789729
151.0194973 -26.69573379
151.1103698 -27.00942015
151.2028343 -27.24244431
151.3039647 -27.49339341
151.5160367 -27.78019238
151.4930662 -27.97736666
151.4517377 -28.22831576
151.3115441 -28.51511472
151.2867348 -28.67643914
151.2795944 -28.90050083
151.21405 -29.06182525
151.1616695 -29.13352499
150.9941233 -29.08871265
150.8845651 -29.00805045
150.6342737 -28.99012551
150.5750914 -29.07078772
150.550231 -29.13352499
150.4869787 -29.13352499
150.3789799 -29.15144993
150.3953003 -29.25899954
150.4239245 -29.50994864
150.403588 -29.7429728
150.3025425 -29.91325968
150.223892 -30.08354657
150.2923731 -30.22694605
150.3788354 -30.4061954
150.3209307 -30.50478255
150.1559089 -30.51374501
149.866501 -30.39723293
149.7573659 -30.47789514
149.7812369 -30.6571445
149.7123375 -30.81846892
149.5583795 -31.10526788
149.3865301 -31.31140464
149.309191 -31.34725451
148.9774551 -31.19489256
148.8007508 -31.09630541
148.7591245 -31.20385503
148.8450801 -31.37414191
148.964114 -31.60716607
149.0609513 -31.8760401
148.942234 -32.13595166
148.9001961 -32.29727608
148.5699917 -32.29727608
148.1178605 -32.28831361
147.7557124 -32.28831361
147.3415003 -32.27038868
147.1071843 -32.27038868
147.0213401 -32.1269892
146.863363 -31.75952802
146.64505 -31.28451724
146.5278964 -30.91705606
146.4533422 -30.67506943
146.5392666 -30.47789514
146.5815352 -30.34345813
146.5352366 -30.24487098
146.2707886 -30.24487098
146.0762041 -30.23590852
145.717707 -30.1014715
145.4976263 -29.96703449
145.1414192 -29.76089773
144.922256 -29.67127305
144.6926304 -29.65334812
144.6608747 -29.7967476
144.5807177 -29.94910955
144.5130293 -30.05665916
144.2691929 -30.1014715
144.0799521 -30.17317124
143.7262193 -30.20902111
143.408918 -30.20902111
143.1885145 -30.23590852
143.1044225 -30.3524206
142.9828644 -30.43308281
142.9336409 -30.48685761
143.1248611 -30.78261904
142.9108725 -30.75573164
142.6538175 -30.52270748
142.328559 -30.29864579
142.1813117 -30.13732137
141.8792288 -30.02977176
141.5458624 -29.823635
141.3803209 -29.73401033
141.232466 -29.73401033
141.2539551 -29.83259747
141.100193 -30.15524631
140.8792903 -30.69299437
140.7422106 -30.85431879
140.5374894 -30.75573164
140.052637 -30.57648229
139.6657193 -30.54063242
139.5068992 -30.54063242
139.3596561 -30.30760826
139.2232894 -30.0476967
139.0431129 -29.85052241
138.7392372 -29.70712292
138.4224312 -29.70712292
138.1267455 -29.70712292
137.9479739 -29.73401033
137.6032237 -29.7429728
137.2969443 -29.7429728
137.1272729 -29.71608539
136.8582429 -29.65334812
136.5914645 -29.5189111
136.4527898 -29.43824889
136.3691682 -29.25899954
136.3035673 -29.04390032
136.2004461 -28.83776356
135.8141389 -28.79295122
135.6877604 -28.79295122
135.6530979 -28.94531317
135.6078098 -29.01701291
135.3654259 -29.01701291
135.0526155 -28.97220057
134.6591659 -28.80191369
134.2215289 -28.56888953
133.8303802 -28.39860264
133.6635485 -28.29105303
133.5529737 -28.19246589
