# Guarani Aquifer System (Parana Basin) from http://www.whymap.org/
-65.070811 -29.95360447
-65.02306263 -29.78935019
-64.90375144 -29.4482067
-64.7567035 -29.265
-64.67244222 -29.01861859
-64.62538884 -28.84804684
-64.54626745 -28.70274498
-64.48663433 -28.50058587
-64.44868005 -28.37423642
-64.39437627 -28.1973472
-64.33690577 -28.0836327
-64.26883192 -27.95096578
-64.15398738 -27.88779106
-63.94666019 -27.88779106
-63.68607055 -27.83725129
-63.419544 -27.83725129
-63.23093137 -27.77407656
-62.97581436 -27.71090184
-62.81272196 -27.62245723
-62.67517478 -27.55296504
-62.51658213 -27.44556801
-62.38247019 -27.35080593
-62.28350915 -27.1991866
-62.23104775 -27.10442451
-62.08723689 -26.94648771
-62.00700869 -26.95280518
-61.82438663 -26.96544012
-61.66927427 -26.96544012
-61.52761671 -27.00334496
-61.34799418 -27.03493232
-61.08708076 -27.06651968
-60.97827288 -27.07915462
-60.78180052 -27.09810704
-60.5581303 -27.08547209
-60.39059031 -27.05388473
-60.20579785 -26.95912265
-60.02856454 -26.86436057
-59.82547533 -26.7443286
-59.54120272 -26.57375685
-59.170596 -26.31474049
-58.96221253 -26.15048621
-58.74806215 -25.89146985
-58.43678668 -25.5629613
-58.15184616 -25.41765944
-57.8415552 -25.19023044
-57.57154146 -24.98175385
-57.2282903 -24.62165794
-56.98786823 -24.31841927
-56.90314278 -24.154165
-56.83512728 -23.87619622
-56.81182512 -23.66771964
-56.79915172 -23.42133822
-56.79193864 -23.15600439
-56.83392802 -22.80222595
-56.87198588 -22.61270178
-56.8726631 -22.27787576
-56.86714204 -22.08835159
-56.7886852 -21.82933523
-56.77414264 -21.69035084
-56.68686914 -21.41238207
-56.60510408 -21.18495307
-56.54113739 -21.05860362
-56.52566601 -20.76168243
-56.47280248 -20.45212629
-56.44900933 -20.21206235
-56.35569664 -20.00358577
-56.28747049 -19.76352182
-56.23921374 -19.57399766
-56.16372379 -19.32761624
-56.10981667 -19.07491735
-55.97642196 -18.67059913
-55.88647901 -18.48739244
-55.83389512 -18.23469355
-55.85276564 -18.04516939
-55.8090933 -17.72297831
-55.79837849 -17.60294633
-55.73756962 -17.4071047
-55.61231881 -17.21758053
-55.5166398 -17.11650098
-55.5828402 -16.95856417
-55.72050296 -16.78799242
-55.84149614 -16.76272253
-55.86089411 -16.64900803
-55.84405294 -16.44684892
-55.75454338 -16.32681695
-55.52662248 -16.19415004
-55.35644364 -15.96672104
-55.26440478 -15.80878423
-55.33727095 -15.53713293
-55.40418233 -15.37287865
-55.47366669 -15.14544965
-55.6143776 -15.09490987
-55.74596256 -15.01910021
-55.73653837 -14.89275076
-55.63703127 -14.8169411
-55.44322795 -14.73481396
-55.27712517 -14.73481396
-55.08305187 -14.7474489
-54.89218056 -14.80430615
-54.80656997 -14.91802065
-54.6820917 -14.99383032
-54.4742837 -14.91802065
-54.05120923 -14.76008385
-53.7308555 -14.62109946
-53.52973105 -14.53265485
-53.38992979 -14.49475001
-53.27243638 -14.57055968
-53.13350514 -14.54528979
-53.04035916 -14.45052771
-52.92355957 -14.43157529
-52.83100279 -14.45052771
-52.68845803 -14.58319463
-52.68907269 -14.69690912
-52.70227908 -14.88643329
-52.58427382 -15.05700504
-52.48352507 -15.16440207
-52.45643611 -15.29075151
-52.5355528 -15.38551359
-52.58089763 -15.51186304
-52.57525628 -15.63189501
-52.48825878 -15.72665709
-52.29232382 -15.8151017
-52.1479546 -15.91618126
-52.21187886 -16.09307048
-52.32858961 -16.29522959
-52.3233643 -16.41526156
-52.20187485 -16.52897606
-51.94025527 -16.51634112
-51.75153058 -16.51002364
-51.62024306 -16.4973887
-51.35478728 -16.52897606
-51.17619623 -16.56056342
-50.99421365 -16.64269056
-50.79631555 -16.80062737
-50.57023107 -17.15440581
-50.2882144 -17.43869206
-49.99806201 -17.71034336
-49.58362432 -17.96935972
-49.20339306 -18.20310619
-48.94505987 -18.32945564
-48.73912117 -18.38631289
-48.50616552 -18.46844002
-48.27054829 -18.60742441
-47.951858 -18.79694858
-47.70320933 -18.95488538
-47.61141044 -19.16336197
-47.58291732 -19.51714041
-47.56754617 -19.76352182
-47.63673054 -20.14888763
-47.63079555 -20.4268564
-47.59518777 -20.6100631
-47.42465499 -20.74904749
-47.25924809 -20.86276198
-47.23133254 -20.96384154
-47.12908571 -21.13441329
-47.1463395 -21.3365724
-47.16753582 -21.58295381
-47.19347116 -21.79774787
-47.11889808 -22.03149434
-47.06634472 -22.26524081
-47.13661662 -22.72641628
-47.13959472 -22.92225792
-47.29433595 -23.17495681
-47.47929938 -23.43397317
-47.74091252 -23.72457689
-48.00559031 -23.96464083
-48.29456702 -24.14784753
-48.59544098 -24.22365719
-49.12533901 -24.38791147
-49.47122145 -24.47003861
-49.72302855 -24.56480069
-49.93759068 -24.6532453
-50.13663856 -24.80486463
-50.2308914 -25.00702374
-50.2153127 -25.12705571
-50.03310444 -25.51873899
-49.82227816 -25.91042227
-49.70842297 -26.12521632
-49.85055227 -26.32105796
-50.03519961 -26.44108993
-50.23724126 -26.58007432
-50.27305255 -26.7443286
-50.2656087 -26.8580431
-50.07688775 -26.88331298
-49.949682 -26.92753529
-49.91930587 -26.97807507
-49.81760485 -27.16128176
-49.68065292 -27.30026615
-49.58142658 -27.38871076
-49.47551692 -27.42661559
-49.3714143 -27.53401262
-49.24703038 -27.71090184
-49.16352464 -27.80566392
-49.20741979 -28.02045798
-49.25130214 -28.28579181
-49.30884714 -28.5384907
-49.46117565 -28.67115761
-49.73450026 -28.7659197
-50.08408588 -28.9238565
-50.39885038 -29.04388847
-50.70557132 -29.15760297
-50.99605692 -29.30922231
-51.26757406 -29.3344922
-51.59097207 -29.45452417
-51.82840498 -29.59350855
-52.04173939 -29.62509592
-52.30078246 -29.66300075
-52.60725663 -29.7640803
-52.89705594 -29.85252491
-53.21810246 -29.90306469
-53.44228731 -29.99782678
-53.57858752 -30.09890633
-53.58088651 -30.19998589
-53.48118453 -30.35792269
-53.4000507 -30.57903422
-53.39841639 -30.82541563
-53.41004902 -31.0591621
-53.45903018 -31.33081341
-53.4938262 -31.60246471
-53.55109292 -31.82989371
-53.63655579 -32.04468777
-53.79327556 -32.15840227
-54.10897263 -32.31633907
-54.39024699 -32.44900599
-54.61935913 -32.4679584
-54.76715233 -32.56903796
-55.0094414 -32.7648796
-55.20555474 -32.8785941
-55.36432458 -32.99230859
-55.54857462 -33.11865804
-55.69507469 -33.20710265
-55.96585559 -33.27659484
-56.16981495 -33.31449968
-56.31249964 -33.34799885
-56.38900642 -33.34506019
-56.66543745 -33.30979627
-56.93473611 -33.30685761
-57.13391848 -33.30391895
-57.26011719 -33.30391895
-57.46949269 -33.25102306
-57.64824899 -33.15404727
-57.78171871 -33.10702871
-57.91069046 -33.10409005
-57.99890012 -33.10702871
-58.07184352 -33.13641531
-58.14767462 -33.16286326
-58.23854253 -33.20988182
-58.31673826 -33.2627777
-58.34821105 -33.28400016
-58.34638427 -33.27416561
-58.34749962 -33.26861151
-58.35750642 -33.21999905
-58.36528333 -33.18139403
-58.36750015 -33.16389056
-58.36667244 -33.15083642
-58.36194268 -33.13333497
-58.35916916 -33.12861398
-58.34638549 -33.11861056
-58.33444962 -33.11555983
-58.31361787 -33.11388757
-58.28972457 -33.11500442
-58.24889326 -33.11833487
-58.2336122 -33.12055651
-58.20972721 -33.12167136
-58.196668 -33.11999909
-58.16667062 -33.11194564
-58.15639656 -33.10750236
-58.1463944 -33.10194625
-58.13750561 -33.09583674
-58.09500065 -33.06249604
-58.08777733 -33.054996
-58.07861116 -33.04111075
-58.05593181 -32.96812464
-58.04556244 -32.93471955
-58.04528051 -32.91555388
-58.04639166 -32.90361458
-58.04749788 -32.89805243
-58.05111922 -32.88806109
-58.05564883 -32.87779581
-58.057495 -32.87361238
-58.06055902 -32.86917111
-58.07972375 -32.85056085
-58.08328691 -32.84810649
-58.0841673 -32.84750006
-58.08973246 -32.8449987
-58.10361039 -32.83555271
-58.11611103 -32.82556136
-58.12555675 -32.81305256
-58.13194896 -32.79860989
-58.13500132 -32.78805912
-58.13806335 -32.77111509
-58.13916785 -32.75944141
-58.13916853 -32.74694469
-58.13778325 -32.73333312
-58.1380645 -32.70833162
-58.14055477 -32.67222192
-58.15055235 -32.60361068
-58.1516743 -32.59805658
-58.15555715 -32.5880592
-58.19323882 -32.49209804
-58.19666941 -32.48389165
-58.19861614 -32.47277339
-58.19924818 -32.45030545
-58.20000639 -32.44833535
-58.20174949 -32.4488658
-58.20203512 -32.44937976
-58.21139776 -32.46194088
-58.21445017 -32.46666388
-58.21889506 -32.47722271
-58.22333893 -32.49555526
-58.22472325 -32.52166356
-58.22500504 -32.56583073
-58.2230595 -32.57694697
-58.19861758 -32.70555457
-58.16806503 -32.85916568
-58.15055539 -32.94416756
-58.14583729 -33.03916681
-58.14722415 -33.05166957
-58.15194978 -33.06222035
-58.15777831 -33.07139267
-58.16166779 -33.07527651
-58.17695207 -33.08722386
-58.18222178 -33.08944148
-58.1941657 -33.09250227
-58.21417593 -33.09499759
-58.22888428 -33.09528334
-58.23694625 -33.0947219
-58.25166893 -33.09194485
-58.25805296 -33.09000091
-58.27334092 -33.08805899
-58.36750085 -33.08111234
-58.39805638 -33.08055492
-58.40527894 -33.08083262
-58.41139202 -33.08222517
-58.41638567 -33.0844448
-58.42694854 -33.09694354
-58.43028522 -33.10139084
-58.42917216 -33.10694494
-58.42667299 -33.26194458
-58.45555427 -33.33555049
-58.4670771 -33.34599631
-58.50880889 -33.3509096
-58.5729716 -33.37112889
-58.64684042 -33.37135693
-58.91443651 -33.4218967
-59.07232454 -33.45348406
-59.2569845 -33.40294429
-59.49578712 -33.35872198
-59.74206701 -33.31449968
-59.95775927 -33.30186473
-60.10131262 -33.27027737
-60.34565997 -33.25132495
-60.78266676 -33.25132495
-61.06607482 -33.23869001
-61.35869346 -33.20078518
-61.51009731 -33.1060231
-61.80135538 -33.03021343
-62.03666797 -32.97335618
-62.34087853 -32.95440376
-62.66286045 -32.97967365
-62.94902825 -32.94808629
-63.13082807 -32.72697476
-63.23485222 -32.49322829
-63.25714876 -32.36056138
-63.32256286 -32.15208479
-63.49239797 -31.90570338
-63.57412221 -31.66563943
-63.59449279 -31.45084538
-63.68134676 -31.16024166
-63.80669794 -30.97703497
-63.88698046 -30.93281266
-63.89574779 -30.76224091
-63.84511976 -30.59166916
-63.82957762 -30.40846247
-63.95052543 -30.30738291
-64.28317419 -30.25684314
-64.50781521 -30.22525577
-64.72272604 -30.2189383
-64.96614168 -30.20630336
-65.04476615 -30.11785875
-65.070811 -29.95360447
