# Indus River Basin from http://www.whymap.org/
67.30771505 27.39835109
67.3450886 27.6050134
67.44387088 27.77723244
67.55223847 27.92648823
67.74223087 28.00685694
67.89246355 28.01833856
68.0535541 28.08722565
68.2413776 28.22500088
68.36217398 28.36277558
68.55966411 28.47758809
68.77090739 28.59240061
68.92412749 28.75313802
69.05701181 28.81054454
69.12907743 28.83350673
69.33342456 28.77610074
69.44532609 28.66128822
69.54404325 28.61536332
69.62328412 28.74165693
69.7279139 28.92535653
69.84822366 29.05165067
69.88775723 29.17794427
69.94579667 29.32720007
69.98193372 29.4994191
70.03815421 29.63719381
70.08356047 29.78645013
70.14279031 29.93570645
70.26780585 30.07348115
70.38053995 30.15384986
70.45214612 30.29162456
70.49646834 30.48680578
70.52278954 30.60161829
70.4947483 30.7738368
70.48882917 30.92309312
70.510357 31.12975544
70.61388143 31.27901176
70.6739699 31.35938047
70.75366572 31.52011788
70.81970287 31.62344931
70.87852485 31.80714891
70.9400071 31.94492414
71.02410028 32.11714264
71.15447882 32.25491734
71.22179658 32.35824877
71.26909449 32.5419489
71.31088536 32.70268631
71.39407614 32.86342372
71.54146127 32.95527353
71.65236501 32.90934863
71.75119479 32.7141674
71.83038405 32.59935489
72.0535748 32.56491108
72.20381792 32.56491108
72.37981906 32.61083598
72.51796082 32.6682425
72.72147475 32.7141674
72.86120048 32.7256485
72.99786549 32.7256485
73.10719725 32.7256485
73.28486184 32.7256485
73.3941936 32.7256485
73.48733213 32.8174983
73.56581609 32.95527353
73.64884165 33.05860442
73.75211784 33.18489855
73.84891287 33.13897313
73.97090779 33.03564223
74.04350445 33.00119843
74.24237194 32.97823571
74.35281192 32.93231081
74.49275236 32.94379243
74.59709632 33.02416114
74.69060187 32.96675462
74.77141209 32.86342372
74.82812433 32.7715734
74.9238568 32.6223176
75.07209743 32.56491108
75.22658574 32.53046727
75.44618996 32.48454237
75.62792976 32.45009857
75.71094802 32.40417367
75.69766887 32.25491734
75.66798767 32.09417993
75.72351268 31.94492414
75.9018707 31.79566781
75.95636695 31.5890055
76.08831765 31.41678699
76.15253831 31.24456795
76.40329324 31.00346183
76.62822037 30.81976223
75.3152067 29.70608142
75.14161828 29.77496903
74.91723932 29.74052523
74.65022099 29.63719381
74.39382109 29.57978781
74.15621069 29.545344
73.96301851 29.6486749
73.76270852 29.66015652
73.55468562 29.63719381
73.36609117 29.57978781
73.13224272 29.31571898
73.04579892 29.16646265
72.77194588 28.95980034
72.4888046 28.83350673
72.03547859 28.73017584
71.60008861 28.58091951
71.19739943 28.52351299
70.68441166 28.38573829
70.44618201 28.33981339
70.08895163 28.23648197
69.93632215 28.07574456
69.72147321 27.86908224
69.43628415 27.57057012
69.23101664 27.26057639
69.00749164 27.06539517
68.96839897 26.84725176
68.94399352 26.70947653
69.03290518 26.2961519
69.12401683 26.12393339
69.2747443 25.98615816
69.4752612 25.82542075
69.57461472 25.61875843
69.67084642 25.30876469
69.67759303 25.10210238
69.64317622 24.87247735
69.62044903 24.71173993
69.49798178 24.50507762
69.36346358 24.40174673
69.33258503 24.27545259
69.22720101 24.09175299
69.03028397 23.91953448
68.90891338 23.71287164
68.69611363 23.51769094
68.51281818 23.3520201
68.49970686 23.36629919
68.46443018 23.4047195
68.43691984 23.42638713
68.4330449 23.42999647
68.43272298 23.43087375
68.40582192 23.50471906
68.4024816 23.52055436
68.40470857 23.60027579
68.40609546 23.60694267
68.40832383 23.61277448
68.41165089 23.61694036
68.42330783 23.62722344
68.60802991 23.74749586
68.72083022 23.81611127
68.74136463 23.84416514
68.60998609 23.80750203
68.45220713 23.72944073
68.44748081 23.72694342
68.3866568 23.67944226
68.38274882 23.67610777
68.3636035 23.64055352
68.35720667 23.61027717
68.33526504 23.58805088
68.32638367 23.58277878
68.3213843 23.58083274
68.25915485 23.57916417
68.25221045 23.58000135
68.18220697 23.59027652
68.17469619 23.59166497
68.14971704 23.59860775
68.14414798 23.60110928
68.14027162 23.60471915
68.13943038 23.60972169
68.13998348 23.61610898
68.1433274 23.62027486
68.14721858 23.62360936
68.19663741 23.66166672
68.20109535 23.66416245
68.19780297 23.76668834
68.17664827 23.74666659
68.17109839 23.7458294
68.16388012 23.74721838
68.16081423 23.75138953
68.15998455 23.75638838
68.1622022 23.7691693
68.16415678 23.77528017
68.17221025 23.79944459
68.17664944 23.81138832
68.1819308 23.82138548
68.18525643 23.82555505
68.18748451 23.83166856
68.18609525 23.84222332
68.15971003 23.89582848
68.1580379 23.8988855
68.15609847 23.89444161
68.15332324 23.88221882
68.15277277 23.87610953
68.14193779 23.74860472
68.1508184 23.68805097
68.09332171 23.69805447
68.08692961 23.6999984
68.05414933 23.71971946
67.9474839 23.80777582
67.92303459 23.83333291
67.90832324 23.85944127
67.86747742 23.90444352
67.85720835 23.90999732
67.85054036 23.90138861
67.84526122 23.8913846
67.84304537 23.88527584
67.84109526 23.86694111
67.84387381 23.84527823
67.84443448 23.82833196
67.84082023 23.81583326
67.83804515 23.81055483
67.71526883 23.78944321
67.70248194 23.78999869
67.67637681 23.79277559
67.64054798 23.79694569
67.63415407 23.79888805
67.63026216 23.8024995
67.62525992 23.81110821
67.61442674 23.84610908
67.56387369 23.87027561
67.49359038 23.89083228
67.49999966 23.89029842
67.50027293 23.89027626
67.50610243 23.8913846
67.510544 23.89388877
67.51416047 23.89749863
67.53803837 23.93472145
67.53803571 23.93813244
67.4866474 24.04527788
67.47603654 24.05672257
67.45968823 24.06274324
67.439041 24.06102455
67.40549675 24.06188389
67.37803339 24.06249794
67.36498876 24.0663895
67.35941903 24.06888681
67.34999076 24.0747202
67.34637454 24.07833323
67.33803964 24.08972096
67.30247164 24.17610716
67.29247719 24.20971959
67.28887979 24.22499729
67.28166144 24.28083231
67.28776889 24.31833102
67.29081896 24.33167059
67.27360428 24.39444206
67.25498794 24.44138614
67.25487391 24.44164041
67.39865718 24.57396523
67.62242351 24.74618374
67.74436435 24.95284606
67.84870947 25.11358347
67.87940134 25.30876469
67.90132353 25.44653992
67.93088502 25.63023952
67.83848211 25.80245803
67.77689369 25.99763925
67.75007033 26.15837667
67.58383313 26.36503951
67.46366682 26.52577693
67.28965207 26.60614563
67.25767428 26.73243924
67.26809625 26.87021394
67.26932745 27.03095136
67.29972958 27.20316987
67.30771505 27.39835109
