# Iullemmeden-Irhazer Aquifer System from http://www.whymap.org/
1.705396815 17.63533402
1.956650095 17.530525
2.098728332 17.50194043
2.241816401 17.75919995
2.4619586 18.09268393
2.518404463 18.50239342
2.629602309 18.87399015
2.61972105 19.11219329
2.873411182 19.40756504
3.247967148 19.67435275
3.698942666 19.81727453
4.072228239 19.81727453
4.235242478 19.59812777
4.365974523 19.47426184
4.607441474 19.48379003
4.794460572 19.54095916
5.025674741 19.62671181
5.256154657 19.62671181
5.552390363 19.61718415
5.771694406 19.59812777
5.947999712 19.66482456
5.973856886 20.02689311
6.010507772 20.37943399
6.069550615 20.76055891
6.192735577 20.9606493
6.304476654 21.11309927
6.306214375 21.26554924
6.376243897 21.6085614
6.455832619 21.81818051
6.546406283 22.01827089
6.614185216 22.15166448
6.726476616 22.31364264
6.969480684 22.34222721
7.110955148 22.19930543
7.250310376 21.90393368
7.346650099 21.69431458
7.475709617 21.46563962
7.727093096 21.33224603
7.846697008 21.22743648
7.843596535 21.00828972
7.729885063 20.74150254
7.604427811 20.40801803
7.502879969 20.20792764
7.456704914 20.0364213
7.520799115 19.90302771
7.617652844 19.76010593
7.747131904 19.59812777
7.7417785 19.20747466
7.705558857 18.95974333
7.63716173 18.75965294
7.351165152 18.67389977
7.327597344 18.54050617
7.402739073 18.41664024
7.499641876 18.28324665
7.5187061 18.0545717
7.537561353 17.80684037
7.533320176 17.45430001
7.529283128 17.11128732
7.526859388 16.90166874
7.646154883 16.82544376
7.842908878 16.83497195
8.072910896 16.88261237
8.292506033 16.96836554
8.715324593 14.95793138
8.701428203 13.70974758
8.514539412 13.51918486
8.371824102 13.38579127
8.207240762 13.2333413
8.042823049 13.09041952
7.910993732 12.93796955
7.692795956 12.84268819
7.486325361 12.84268819
7.433285888 12.99513816
7.195282966 13.12853175
7.042784873 13.09041952
6.651171681 13.05230676
6.520379563 13.00466635
6.225228128 12.7664632
6.017427121 12.56637282
5.994443228 12.37581009
5.841720098 12.27100054
5.613313967 12.21383193
5.297960289 12.13760695
5.231804881 11.95657294
5.057648678 11.87081977
4.786073816 11.83270701
4.568659015 11.76601022
4.448782884 11.66120066
4.469496653 11.4420539
4.511791693 11.1943231
4.370726989 11.18479491
4.186626556 11.26101989
3.992260368 11.48969484
3.80790053 11.51827888
3.602175749 11.64214481
3.38561653 11.78506659
3.201825521 12.00421336
3.017839598 12.18524789
2.75831243 12.54731644
2.530667215 12.71882279
2.43375033 13.03325091
2.347659051 13.34767851
2.163305982 13.53824124
1.848422084 13.76691619
1.565886831 13.92889435
1.490580224 14.38624426
1.502155975 14.73878461
1.437386561 15.04368455
1.44877073 15.29141588
1.460229269 15.56773125
1.569672752 15.74876579
1.581182017 16.0155535
1.581684779 16.23470026
1.429358147 16.46337521
1.211401791 16.69205017
1.091730723 16.97789373
1.004417604 17.04459052
0.814051548 17.11887737
1.219073644 17.64719599
1.546674746 17.5876936
1.705396815 17.63533402
