# Karoo Basin from http://www.whymap.org/
18.97184506 -29.56484512
19.02987706 -29.44343325
19.24442438 -29.33305882
19.50038332 -29.26683417
19.72706194 -29.1454223
19.89519452 -29.13438486
20.09124632 -29.15645974
20.25234935 -29.24475928
20.46215629 -29.27787161
20.76772988 -29.38824604
21.08584085 -29.48758302
21.5067407 -29.56484512
21.85130805 -29.6641821
22.11137567 -29.6641821
22.46246696 -29.6641821
22.69966413 -29.52069535
22.84729457 -29.39928348
23.1820996 -29.16749719
23.43338951 -29.04608532
23.59373069 -28.92467345
23.76698265 -28.80326159
23.93637018 -28.62666251
24.08508572 -28.52732552
24.31530426 -28.48317575
24.40371426 -28.45006343
24.56218331 -28.30657668
24.74497093 -28.14101504
24.96651466 -27.9754534
25.14155313 -27.88715386
25.35075571 -27.73262967
25.61616594 -27.64433013
25.83439959 -27.62225524
26.05338639 -27.6112178
26.25989339 -27.42358128
26.35627765 -27.3242443
26.41391057 -27.22490732
26.53380073 -27.09245801
26.6962281 -27.01519591
26.90945999 -26.92689637
27.07411075 -26.8827466
27.30401243 -26.84963427
27.63003179 -26.71718496
27.83637689 -26.71718496
28.13299797 -26.71718496
28.3482429 -26.66199775
28.50966577 -26.39709913
28.60913302 -26.16531284
28.69615877 -26.12116307
28.99233627 -26.12116307
29.28851377 -26.12116307
29.51467121 -26.22050005
29.84899607 -26.38606169
30.26191805 -26.56266077
30.49652646 -26.5957731
30.69347256 -26.8054845
30.84503892 -26.92689637
31.0751133 -27.05934568
31.18921937 -27.19179499
31.34132213 -27.31320685
31.129975 -27.41254384
31.04964157 -27.5339557
30.93332076 -27.6884799
30.79301162 -27.86507898
30.74613782 -28.07479038
30.67791781 -28.18516481
30.51275439 -28.37280133
30.57081839 -28.59355018
30.67323324 -28.72599949
30.71588528 -28.91363601
30.67787212 -29.0681602
30.6179827 -29.26683417
30.49728773 -29.5096579
30.42667353 -29.73040675
30.39524044 -29.9511556
30.24812929 -30.18294189
30.12401965 -30.38161586
29.99242837 -30.50302772
29.98686796 -30.71273913
29.92711808 -30.90037565
29.86416758 -31.05489985
29.78932148 -31.22046148
29.72202698 -31.33083591
29.6953973 -31.51627309
29.69333048 -31.51916661
29.68638611 -31.52722194
29.62944493 -31.5813884
29.54582712 -31.6341627
29.5269424 -31.64583212
29.41194033 -31.70416656
29.32055236 -31.80249809
29.29694396 -31.829997
29.26777551 -31.86527747
29.24739846 -31.89431676
29.24733177 -31.89441119
29.24360717 -31.89971917
29.20082923 -31.9519459
29.09166532 -32.06444257
28.98199862 -32.17237561
28.97884931 -32.17547641
28.93416472 -32.21944788
28.82638267 -32.31305277
28.77916197 -32.34194435
28.77200775 -32.34800774
28.65360961 -32.44833543
28.56833173 -32.52611292
28.56222221 -32.53444416
28.55777881 -32.54417386
28.55249496 -32.55333172
28.54694489 -32.56166507
28.53777538 -32.57416798
28.49934528 -32.601391
28.49925823 -32.60145325
28.35972098 -32.70027431
28.35027674 -32.70611193
28.26277479 -32.75499994
28.22805245 -32.76749705
28.10777523 -32.85944761
28.10333008 -32.86917046
28.09166317 -32.88666905
28.08166529 -32.89833425
28.07444369 -32.90610947
27.9351743 -33.01344956
27.89999676 -33.04055547
27.83888663 -33.07194015
27.79722081 -33.09083194
27.73027548 -33.11749578
27.60610782 -33.21194154
27.53737816 -33.25562762
27.51923153 -33.26716041
27.45138369 -33.31027518
27.35110801 -33.36972428
27.20638583 -33.45888792
27.10583122 -33.52277774
27.09973083 -33.52643825
27.09610732 -33.52861377
27.03054894 -33.55639228
26.99166413 -33.57222758
26.98527367 -33.57361234
26.88916263 -33.60388604
26.87550462 -33.60827084
26.7855237 -33.63715821
26.73166702 -33.65444421
26.65339993 -33.69594105
26.64416646 -33.70083703
26.6394402 -33.71055302
26.63527516 -33.71416921
26.62555281 -33.71972301
26.61416605 -33.72388889
26.53054727 -33.75332964
26.46860759 -33.7705613
26.45527489 -33.77360777
26.44805682 -33.77444126
26.28444141 -33.76639225
26.27138604 -33.76388808
26.26638762 -33.76138708
26.26221929 -33.7577788
26.25221862 -33.75250247
26.24478649 -33.74999725
26.22333186 -33.74277857
26.12579626 -33.72368655
25.96250671 -33.62662394
25.75514141 -33.39483765
25.5511617 -33.32861299
25.24619569 -33.30653811
25.01299444 -33.20720112
24.96214712 -33.08578926
24.84566291 -32.96437739
24.60493744 -32.92022762
24.31370203 -32.89815274
23.63008026 -32.89815274
23.15680365 -32.89815274
22.70982019 -32.89815274
22.36253835 -32.83192808
22.03037179 -32.78777831
21.71845171 -32.66636644
21.38920469 -32.655329
21.26300905 -32.72155366
21.06764459 -32.74362854
20.78500203 -32.655329
20.55179735 -32.52287969
20.33605195 -32.4456176
20.11132658 -32.42354271
19.89976151 -32.40146783
19.73523949 -32.30213084
19.65648681 -32.11449432
19.63188859 -31.94893268
19.52659878 -31.75025872
19.41220131 -31.60677197
19.31399214 -31.50743499
19.27981679 -31.38602312
19.26467959 -31.15423683
19.18911234 -30.79000123
19.13886946 -30.61340215
19.11349798 -30.41472818
19.10266461 -30.2381291
19.07693527 -30.0284177
19.0099655 -29.77455652
18.97184506 -29.56484512
