# Lake Chad Basin from http://www.whymap.org/
8.292506033 16.96836554
8.519773766 16.95039323
8.791861853 16.95039323
8.837884567 17.17517081
9.038615434 17.18765843
9.341638956 17.33751033
9.656122062 17.28755987
9.874533842 17.51233746
9.879468012 17.82452834
9.88267634 18.0243307
9.902738977 18.37398496
9.876305799 18.51134871
9.610274336 18.92344104
9.483228921 19.06080533
9.098614785 19.2730953
8.827429189 19.39797144
8.930056809 19.52284811
8.977222281 19.77260093
8.908512958 19.97240328
8.694711983 20.10976704
8.69793964 20.32205701
9.150455348 20.6966865
9.382500424 20.7840998
9.502913365 21.0838036
9.504412022 21.1712169
9.205263559 21.39599448
9.223269704 21.60828445
9.397354831 21.65823491
9.556815848 21.69569775
9.54766487 21.99540155
9.50720122 22.15774054
9.770041042 22.30759244
9.944889525 22.38251812
10.1790627 22.53237002
10.39596518 22.53237002
10.7205004 22.13276531
11.09489165 22.07032724
11.26512716 21.92047534
11.26148968 21.74564874
11.26922381 21.42096971
11.59848889 21.29609357
11.84348108 21.28360595
11.85256074 21.03385261
11.94391655 20.58429744
12.22966081 20.47190891
12.64715149 20.4594213
12.71694254 20.35951985
13.02226814 20.48439653
13.28275052 20.53434698
13.63903263 20.37200747
14.07815406 20.0723042
14.37826127 19.9848909
14.78128066 19.9848909
14.95400335 19.9848909
15.47252384 19.99737851
16.05575198 19.76011331
16.00542297 19.5103605
15.95488376 19.24811954
15.84736485 18.99836673
15.84158113 18.78607676
15.95174278 18.61125016
16.23891868 18.61125016
16.51138707 18.59876254
16.92315904 18.43642303
17.4072251 18.29905874
17.55073821 18.29905874
17.84744324 18.19923274
18.15011974 18.0870932
18.23477112 18.10768046
18.5878423 18.07211091
18.97879783 17.94169152
19.24013844 18.02468625
19.25863292 18.1788185
19.46031981 18.0958243
19.69939838 17.90612355
19.94029785 17.77570415
20.27910282 17.72827897
20.45515027 17.50303399
20.48710903 17.33015238
20.56600812 17.11521845
20.6170009 16.8380047
20.72451553 16.61322711
20.80459135 16.42591237
20.79886082 16.23859763
20.79245329 16.02630766
20.77110533 15.78904246
20.76598628 15.61421533
20.8602311 15.41441297
20.86915088 15.22709823
20.93490837 15.0272964
20.93071201 14.8774445
20.99793743 14.7275926
20.97818491 14.52779025
20.74783051 14.45286456
20.55935106 14.3404755
20.37062779 14.21559936
20.46566481 14.02828462
20.460911 13.84096987
20.45498962 13.60370468
20.4488773 13.35395186
20.45743176 13.11668666
20.53906273 12.95434715
20.66431602 12.829471
20.68728535 12.5922058
20.64143588 12.45484152
20.53675855 12.23006393
20.59230704 12.16762586
20.73241379 12.06772442
20.84542639 12.03026158
21.11578855 12.03026158
21.30077236 12.03026158
21.50169742 12.10518726
21.68669655 12.10518726
21.82755466 12.04274919
21.96724893 11.93036066
21.96438746 11.80548399
22.07338305 11.59319402
22.26913603 11.44334265
22.54907898 11.24354029
22.73113853 11.11866362
23.01213846 10.96881172
23.25378223 10.96881172
23.43856878 10.96881172
23.73735388 10.98129934
23.97957563 11.00627509
24.20847092 11.06871316
24.1902249 10.25701612
24.01632265 10.09467713
23.71552981 9.969800463
23.5003977 9.857411407
23.20081675 9.782485721
23.0169076 9.819948564
22.79175158 9.93233762
22.49330574 9.919850006
22.26410107 9.80746095
21.95887557 9.395368622
21.89940364 9.233029635
21.83718369 8.895862993
21.69352045 8.783474464
21.3811789 8.77098685
21.09627647 8.696060636
20.63899287 8.471283051
20.1116963 8.296455923
19.62711487 8.121629322
18.97158693 7.871876508
18.38872102 7.746999837
18.03425724 7.746999837
17.73650757 7.746999837
17.24011854 7.734512223
16.91428754 7.759487451
16.65974845 7.821925523
16.42018492 7.959289808
16.25069349 8.02172788
15.98125221 8.02172788
15.85375395 8.034215494
15.65666304 8.171579779
15.37604771 8.458795437
14.95179789 8.583672107
14.698798 8.808449693
14.5298489 8.933325836
14.43304727 9.170591036
14.42226715 9.482782449
14.77646021 9.42034385
15.00358547 9.42034385
14.83697852 9.745022878
14.59865222 10.00726331
14.38846178 10.23204089
14.19655847 10.76900989
14.08654915 11.04373793
13.93051608 11.06871316
13.5604175 11.03125032
13.3455931 10.90637365
13.03305149 10.91886126
12.91888143 10.88139842
12.73411088 10.88139842
12.53512661 10.88139842
12.33585015 10.85642319
12.00768435 10.74403414
11.83522749 10.56920753
11.60564114 10.35691756
11.46204518 10.20706566
11.3603916 9.982288078
11.28736422 9.757510492
11.10244927 9.720047649
10.87527125 9.720047649
10.70488818 9.720047649
10.47781299 9.732535264
10.39375011 9.869899021
10.39580324 10.10716475
10.3994042 10.49428132
10.40229421 10.79398512
10.27820371 11.18110169
10.15250459 11.40587928
9.982986497 11.51826833
9.670713715 11.58070641
9.373227793 11.70558308
9.261591711 11.93036066
9.177920078 12.10518726
9.32210295 12.29250201
9.623906479 12.56723058
9.883656993 12.87942146
9.887219397 13.19161235
9.960953256 13.40390232
9.977896251 13.6286799
10.09378142 13.7785318
10.03798301 13.87843272
9.879760342 13.76604419
9.594458343 13.75355657
9.366337379 13.75355657
9.038413758 13.75355657
8.701428203 13.70974758
8.715324593 14.95793138
8.292506033 16.96836554
