# Lower Kalahari-Stampriet Basin from http://www.whymap.org/
19.26792682 -22.45918494
19.63464259 -22.58427596
20.19474821 -22.70936697
20.53121853 -22.66766997
20.98257426 -22.48003344
21.31299952 -22.29239692
21.59331407 -22.06306339
21.78627753 -22.06306339
22.03090616 -22.1464574
22.29627217 -22.1464574
22.69407566 -21.85457837
23.23970382 -21.64609335
23.40038019 -21.45845682
23.4851927 -21.18742629
23.85015674 -20.97771489
24.06252707 -20.8783779
24.31449111 -20.81215325
24.39767969 -20.96667745
24.50449354 -21.07705187
24.72216901 -21.09912675
24.91387139 -21.1101642
24.94334268 -21.19846374
24.89156999 -21.46336236
24.81230996 -21.6841112
24.8040854 -21.78344819
24.95470412 -21.72826097
25.22270605 -21.45232491
25.28190911 -21.35298793
25.45342336 -20.92252767
25.8759834 -20.69074138
26.15770864 -20.44791765
26.35528694 -20.31546834
26.55638787 -20.26028113
26.70104936 -20.35961811
26.5687656 -20.52517975
26.4354098 -20.6686665
26.46169632 -20.95564
26.54659125 -21.13223908
26.84622159 -21.26468839
27.14711448 -21.41921259
27.35835477 -21.56269934
27.3677835 -21.75033586
27.27291078 -21.89382261
27.19190604 -22.05938425
27.12478906 -22.24702077
26.78377031 -22.32428287
26.52660449 -22.29117054
26.26050357 -22.33532031
26.01200626 -22.47880706
25.88907061 -22.57814404
25.96332148 -22.78785545
26.20344204 -22.98652941
26.57007652 -23.15209105
26.76886836 -23.28454036
26.7809328 -23.51632665
26.73837137 -23.68188829
26.47037629 -23.94678691
26.19111634 -24.24479785
25.64423278 -24.33309739
25.3999823 -24.32205995
25.10499648 -24.32205995
24.83292116 -24.26687274
24.60100357 -24.24479785
24.4487387 -24.27791018
24.45902105 -24.48762159
24.30143194 -24.67525811
24.13835987 -24.75252021
23.77574483 -24.68629555
23.38496211 -24.56488368
23.11292589 -24.50969647
22.94715196 -24.53177136
22.60979277 -24.73044532
22.38879289 -24.95119417
22.23511595 -25.21609279
22.14546136 -25.46995397
22.06761692 -25.70174026
21.92081678 -25.84522701
21.78920976 -26.03286353
21.73726541 -26.26464982
21.81433539 -26.49643611
22.09677985 -26.70614752
22.41582667 -26.87170916
22.59914043 -27.13660778
22.61034659 -27.3242443
22.63316366 -27.69951734
22.76883029 -28.00856573
22.69571614 -28.28450179
22.58316174 -28.54940041
22.46996467 -28.80326159
22.09524412 -28.82533647
21.84251438 -28.72599949
21.6752289 -28.53836297
21.5484459 -28.37280133
21.3793741 -28.36176389
21.18904033 -28.42798854
20.92089749 -28.4942132
20.56193996 -28.56043785
20.32799862 -28.54940041
19.99082619 -28.31761412
19.86441528 -28.14101504
19.85045412 -27.88715386
19.83552085 -27.36839407
19.62346598 -27.01519591
19.45400367 -26.98208358
19.32550496 -26.99312102
19.12397357 -27.09245801
18.89709152 -27.20283243
18.67120826 -27.33528174
18.38810589 -27.35735662
18.18195014 -27.36839407
17.92357972 -27.36839407
17.80731303 -27.36839407
17.63317349 -27.23594476
17.64421529 -26.91585893
17.58112595 -26.66199775
17.61241173 -26.49643611
17.60122449 -26.24257494
17.5911756 -26.01078865
17.71230774 -25.83418957
17.83389221 -25.66862793
17.88883618 -25.44787908
17.95959032 -24.9843065
18.07867642 -24.73044532
18.17487602 -24.55384624
18.23255954 -24.37724716
18.26740769 -24.27791018
18.24855993 -24.11234854
18.2033274 -23.92471202
18.19738709 -23.75915039
18.29354079 -23.58255131
18.47927752 -23.40595223
18.66452204 -23.21831571
18.65540399 -22.96445453
18.74864635 -22.71059335
18.80863195 -22.60021893
18.84147687 -22.44569473
19.00562583 -22.39050752
19.26792682 -22.45918494
