# Maranhao Basin from http://www.whymap.org/
-48.88991054 -4.369315065
-48.88560063 -4.188151507
-48.88208126 -4.034162482
-48.87849906 -3.871115279
-48.87562716 -3.73524261
-48.69912832 -3.635602653
-48.47103772 -3.51784634
-48.3046127 -3.400090027
-48.09594953 -3.20986829
-47.88662786 -2.965297486
-47.59441351 -2.63920308
-47.53000878 -2.430864988
-47.38335646 -2.186294183
-47.20589994 -1.905490668
-47.13137015 -1.615628974
-46.9961575 -1.380116347
-46.93225806 -1.008731052
-46.90716913 -0.870208362
-46.90111809 -0.864997477
-46.86694928 -0.778608459
-46.83167505 -0.713608448
-46.82167057 -0.712774453
-46.80528261 -0.723885482
-46.79972763 -0.731941443
-46.80306136 -0.761385467
-46.74556217 -0.829997466
-46.63722485 -0.823052451
-46.62611772 -0.82444148
-46.62000397 -0.831941527
-46.60111012 -0.867774464
-46.57000888 -0.971941506
-46.5727844 -0.979997466
-46.60999941 -1.037497493
-46.60416851 -1.02944147
-46.59194706 -1.015830529
-46.5680638 -0.999997508
-46.55778441 -0.99916345
-46.55028485 -1.005274469
-46.5469512 -1.015830529
-46.54277825 -1.025274448
-46.5358354 -1.0322194
-46.44833603 -1.043052473
-46.41806368 -1.037497493
-46.26339506 -0.989420382
-46.26167447 -0.988885473
-46.19194507 -0.957497514
-46.20750788 -1.009997467
-46.23083316 -1.123885567
-46.23778365 -1.165830467
-46.1650012 -1.146386338
-46.12749944 -1.106108549
-46.09111762 -1.1788865
-46.08709452 -1.210273453
-46.05000335 -1.210274459
-46.04333241 -1.210274459
-46.03222579 -1.200552395
-46.03000671 -1.188886396
-46.03334093 -1.164997477
-46.03694666 -1.1547195
-46.01861784 -1.118330461
-46.00750723 -1.104719395
-45.98445061 -1.077497514
-45.98027484 -1.074719458
-45.97472194 -1.074997414
-45.96333787 -1.082774412
-45.89139844 -1.13860846
-45.88861634 -1.142774538
-45.87666376 -1.171386453
-45.86950706 -1.201152454
-45.86111241 -1.236108444
-45.86305963 -1.251108539
-45.86444929 -1.255274365
-45.86666562 -1.259719406
-45.87749952 -1.276663561
-45.85834158 -1.279163535
-45.82694851 -1.277497431
-45.78500625 -1.26749741
-45.73555651 -1.179997446
-45.719723 -1.218885327
-45.70417234 -1.364441481
-45.70056167 -1.368052526
-45.69611184 -1.370274418
-45.68389335 -1.371941528
-45.64222847 -1.374163546
-45.63528396 -1.374163546
-45.63027788 -1.372497441
-45.62389076 -1.36499752
-45.61583908 -1.345552385
-45.61278373 -1.334719375
-45.61222983 -1.321108434
-45.61528375 -1.3105525
-45.61805788 -1.306386422
-45.62111468 -1.297497598
-45.62000284 -1.291385447
-45.61583853 -1.277774507
-45.61194329 -1.274441418
-45.59222191 -1.274441418
-45.55555701 -1.276941518
-45.41361122 -1.289997425
-45.40944667 -1.292775607
-45.40361206 -1.298608544
-45.40223036 -1.303886448
-45.40639518 -1.336663561
-45.40917235 -1.347497578
-45.41139248 -1.352219443
-45.50610853 -1.460552438
-45.50916827 -1.468052485
-45.50444604 -1.470274376
-45.46556177 -1.50221938
-45.46111272 -1.511386286
-45.46084142 -1.52444144
-45.46222551 -1.545552553
-45.45611484 -1.544997395
-45.45195269 -1.542497421
-45.38472875 -1.413885421
-45.35195244 -1.349997551
-45.35361278 -1.339719448
-45.35889591 -1.331385531
-45.35999706 -1.325830425
-45.35916708 -1.319719406
-45.35694354 -1.316386443
-45.35333937 -1.313052474
-45.34389891 -1.309163472
-45.32666164 -1.313330556
-45.32278445 -1.316108486
-45.31222625 -1.332774434
-45.30861592 -1.342497504
-45.30000305 -1.373052474
-45.29889212 -1.378330504
-45.29778248 -1.397774507
-45.29861091 -1.415274324
-45.30000484 -1.420830562
-45.31722196 -1.440830478
-45.35528067 -1.477219391
-45.37250371 -1.540830436
-45.36778477 -1.712774351
-45.36639388 -1.718330463
-45.35388607 -1.733330432
-45.34750455 -1.740275446
-45.32083756 -1.744441398
-45.28972848 -1.738052548
-45.28000999 -1.734163421
-45.27584079 -1.731663447
-45.27001623 -1.726467295
-45.22167083 -1.683330578
-45.21889847 -1.679441325
-45.21999897 -1.67388559
-45.22388929 -1.6641634
-45.22888557 -1.655830489
-45.23889429 -1.645274429
-45.24139277 -1.641108351
-45.25250087 -1.618052548
-45.25194608 -1.604441482
-45.24917091 -1.58610855
-45.2455603 -1.575830447
-45.24110939 -1.566386465
-45.23833485 -1.562497463
-45.19861764 -1.519997531
-45.16111343 -1.481386475
-45.15639599 -1.479441408
-45.09389344 -1.463608576
-45.08944767 -1.464441565
-45.00472239 -1.489163473
-44.9550021 -1.50221938
-44.86639245 -1.424441481
-44.86028327 -1.425274345
-44.85694663 -1.428886522
-44.8519528 -1.443885484
-44.848335 -1.460552438
-44.84806351 -1.473608597
-44.84971867 -1.485830384
-44.85195088 -1.490552375
-44.85778298 -1.491663446
-44.86389194 -1.490830331
-44.87783624 -1.50221938
-44.88017173 -1.503719465
-44.91528415 -1.546108466
-44.95139301 -1.601663426
-44.9347218 -1.619163494
-44.91361167 -1.639163536
-44.91361399 -1.619163494
-44.90084055 -1.61138549
-44.83555674 -1.572497484
-44.82055661 -1.578330546
-44.81722266 -1.581941466
-44.80194591 -1.601385469
-44.79417153 -1.614163546
-44.79055596 -1.623885485
-44.79000049 -1.62999751
-44.79917232 -1.704997479
-44.71972441 -1.793608388
-44.69500954 -1.817774383
-44.64000754 -1.789163473
-44.56916781 -1.816663563
-44.53889261 -1.83221957
-44.52777873 -1.85916362
-44.5113913 -1.907497495
-44.49056558 -1.980830479
-44.48889175 -1.992497485
-44.49583522 -2.044997438
-44.49722062 -2.050275216
-44.58888997 -2.170275343
-44.63695065 -2.223608536
-44.66139387 -2.281108311
-44.65639141 -2.33110829
-44.65416434 -2.318886504
-44.65277602 -2.313608348
-44.63417145 -2.283886367
-44.61778459 -2.259163328
-44.61472435 -2.254997502
-44.51083698 -2.150552502
-44.50583453 -2.148608316
-44.49000678 -2.144441483
-44.45083821 -2.146386676
-44.44028435 -2.149441431
-44.43055687 -2.153886472
-44.42250048 -2.159441578
-44.41917645 -2.163052497
-44.39695124 -2.193886556
-44.39305758 -2.203608494
-44.36695049 -2.291941321
-44.36583891 -2.297497434
-44.36166946 -2.32027528
-44.36000117 -2.338886546
-44.36111247 -2.344997313
-44.37555879 -2.394441379
-44.38056138 -2.403330454
-44.38473016 -2.405830554
-44.40639832 -2.409997387
-44.4386158 -2.412497738
-44.44444872 -2.411663617
-44.50750701 -2.470830628
-44.5822269 -2.556941312
-44.58194557 -2.576663397
-44.57778163 -2.616663481
-44.60833812 -2.67471942
-44.64889498 -2.760552399
-44.65472149 -2.775552494
-44.6825039 -2.91249753
-44.69167471 -2.990275303
-44.69194899 -2.997219437
-44.69056123 -3.002775298
-44.68527744 -3.01110846
-44.68028416 -3.016663314
-44.67528549 -3.018885709
-44.67000936 -3.020552694
-44.62361085 -3.034163257
-44.62306196 -3.040552736
-44.62416662 -3.053330435
-44.62583917 -3.058885541
-44.6308369 -3.067775371
-44.75639598 -3.193330478
-44.77417086 -3.195552621
-44.78278197 -3.200830525
-44.78916833 -3.208052616
-44.78945064 -3.213608476
-44.7927767 -3.303608539
-44.78806339 -3.305552474
-44.77111836 -3.30833053
-44.76472684 -3.309163645
-44.75916881 -3.308052574
-44.75444934 -3.306108639
-44.7497225 -3.296664657
-44.7488952 -3.290552632
-44.75083837 -3.278608298
-44.68972543 -3.19888659
-44.61611269 -3.109997598
-44.54667058 -3.056386448
-44.48416921 -3.01110846
-44.4800056 -3.00860836
-44.47277919 -3.001941428
-44.45694413 -2.983052709
-44.43694884 -2.954997462
-44.42555891 -2.938886547
-44.42056327 -2.929997472
-44.41056155 -2.898053851
-44.4055574 -2.868052405
-44.38417091 -2.701386395
-44.36749776 -2.555274579
-44.35694421 -2.526664424
-44.28833405 -2.482219299
-44.27805804 -2.480553572
-44.25944755 -2.483052666
-44.25333307 -2.482497507
-44.21944773 -2.47610828
-44.20444603 -2.470830628
-44.16750141 -2.453608642
-44.12555512 -2.427497329
-44.12195156 -2.423886661
-44.11000019 -2.415552493
-44.09972308 -2.41221953
-44.06333871 -2.405830554
-44.04110984 -2.403886368
-44.03721903 -2.406663418
-44.02916597 -2.419164418
-44.02806194 -2.424719525
-44.02638948 -2.511108417
-44.03166764 -2.526664424
-44.04055836 -2.545552388
-44.0433326 -2.549719724
-44.12972013 -2.664441317
-44.13611612 -2.671664414
-44.16000447 -2.688886651
-44.16417246 -2.691386248
-44.17444602 -2.694719462
-44.1855661 -2.696941354
-44.19167186 -2.696108239
-44.19667399 -2.693886599
-44.23277905 -2.713330476
-44.26722505 -2.733608475
-44.33555478 -2.774164472
-44.33833958 -2.778052593
-44.34055726 -2.782774584
-44.34194804 -2.788330445
-44.34389792 -2.800552483
-44.34389863 -2.820552525
-44.34250534 -2.826108386
-44.33972943 -2.830274464
-44.33528029 -2.832497362
-44.29610998 -2.836941396
-44.29194601 -2.835830576
-44.28916978 -2.831663492
-44.27750214 -2.810274422
-44.27027861 -2.793886306
-44.26917628 -2.787774532
-44.26722753 -2.783052541
-44.26138971 -2.774997335
-44.25694698 -2.772497487
-44.25166738 -2.771108459
-44.19500487 -2.763330456
-44.18889821 -2.762774291
-44.18361625 -2.764163571
-44.17514092 -2.794106156
-44.17166693 -2.806386552
-44.17111041 -2.81249732
-44.17333717 -2.817497519
-44.17639161 -2.821386647
-44.18333735 -2.828052573
-44.1958415 -2.827774616
-44.21527898 -2.842219552
-44.21750715 -2.846941543
-44.21861121 -2.853052814
-44.21694965 -2.858608423
-44.20083374 -2.86860857
-44.19833518 -2.868886526
-44.17777857 -2.848052363
-44.12111483 -2.770830503
-44.08880452 -2.732053679
-44.0213879 -2.651108459
-44.00528257 -2.633052603
-43.9305606 -2.549441264
-43.9261192 -2.547497329
-43.87306096 -2.569719514
-43.80611644 -2.553886557
-43.79556238 -2.550830292
-43.79138851 -2.548052488
-43.70750437 -2.509997345
-43.47556162 -2.537774385
-43.44833702 -2.537774385
-43.45861609 -2.446386551
-43.47445048 -2.417219477
-43.48277903 -2.404719734
-43.48472362 -2.393052603
-43.48250745 -2.38833036
-43.47389073 -2.376108322
-43.46972753 -2.373608222
-43.44139087 -2.368052362
-43.43527571 -2.367774405
-43.34750313 -2.36583047
-43.32472157 -2.367219498
-43.31861026 -2.368052362
-43.28334031 -2.373330769
-43.17528705 -2.395274243
-43.17000597 -2.396941479
-43.15639493 -2.404163821
-43.11583648 -2.425830345
-43.0397279 -2.453885592
-43.00778494 -2.463608537
-42.99695128 -2.466663543
-42.99083558 -2.467497665
-42.96611437 -2.46527527
-42.96000777 -2.466108385
-42.9380548 -2.470830628
-42.9325052 -2.472497612
-42.92777817 -2.474719755
-42.89000452 -2.503052456
-42.80723111 -2.558052635
-42.80250481 -2.560274275
-42.79111022 -2.562497424
-42.78388472 -2.562774374
-42.75500589 -2.558052635
-42.70667261 -2.562774374
-42.68695151 -2.577497518
-42.68361466 -2.581108438
-42.67166853 -2.596386489
-42.62583906 -2.646386719
-42.50444823 -2.73166454
-42.46028011 -2.749997346
-42.45472839 -2.751386625
-42.35639278 -2.769163267
-42.3500041 -2.769997388
-42.33778225 -2.768885562
-42.33222548 -2.76749754
-42.31278141 -2.759719536
-42.29138431 -2.75416443
-42.27972506 -2.752497445
-42.27361437 -2.75333056
-42.26472363 -2.758330759
-42.26138928 -2.761941427
-42.23500163 -2.802219468
-42.23250507 -2.806386552
-42.23250704 -2.811941407
-42.23583853 -2.837775517
-42.23360903 -2.833052772
-42.22083986 -2.81277427
-42.21666718 -2.810274422
-42.2069466 -2.806386552
-42.20222126 -2.805830388
-42.1436026 -2.803888465
-42.11000202 -2.802775381
-42.06166633 -2.819441202
-42.03755296 -2.826891444
-42.02750731 -2.829997514
-41.95611826 -2.846108428
-41.94971987 -2.845552515
-41.94639265 -2.842219552
-41.93749948 -2.82333033
-41.93611199 -2.817775475
-41.9336193 -2.799441412
-41.93333437 -2.786941417
-41.9352819 -2.782219426
-41.9391652 -2.77944137
-41.96883995 -2.75737967
-41.97425824 -2.751718412
-41.94944444 -2.745552557
-41.87083267 -2.732219447
-41.84611085 -2.73166454
-41.83167197 -2.733886683
-41.8283413 -2.737497602
-41.82861505 -2.744163529
-41.83000039 -2.749719641
-41.83223189 -2.754441632
-41.8402632 -2.766916472
-41.8263945 -2.762219384
-41.7930603 -2.774719379
-41.72722635 -2.813330435
-41.69945118 -2.830274464
-41.68333546 -2.841663639
-41.67639044 -2.8472195
-41.66528242 -2.856386531
-41.66194897 -2.859997451
-41.66000649 -2.864997398
-41.66000521 -2.870274548
-41.66416704 -2.870274548
-41.66833672 -2.867497498
-41.67417081 -2.859719494
-41.67834059 -2.856941438
-41.68444668 -2.856108575
-41.6974995 -2.863330414
-41.69972368 -2.866663628
-41.69639043 -2.870274548
-41.67472978 -2.883052751
-41.61278548 -2.903052541
-41.59500387 -2.906108302
-41.5359207 -2.911354969
-41.64867236 -3.136982071
-41.65277571 -3.402038974
-41.52358104 -3.534567426
-41.28184534 -3.667095878
-41.09588794 -3.766492217
-40.74406188 -4.03154912
-40.71064602 -4.246907854
-40.734797 -4.511964757
-40.74050173 -4.777021661
-40.78359225 -5.025512508
-40.82461481 -5.207739129
-40.90629062 -5.539060258
-40.91210018 -5.820683218
-40.82310189 -6.052608009
-40.826726 -6.218268573
-40.90635473 -6.417061251
-41.04211501 -6.599287872
-41.10122996 -6.715250267
-41.25518414 -6.864344775
-41.40678638 -6.914042945
-41.50323185 -7.013439284
-41.50695732 -7.162533792
-41.62873917 -7.510420978
-41.74642867 -7.692647599
-41.8646976 -7.891440276
-41.95875257 -7.891440276
-42.11062103 -7.941138446
-42.41771662 -8.15649718
-42.82010583 -8.404988027
-42.95580372 -8.537516478
-43.28030046 -8.686610986
-43.43656662 -8.868837608
-43.70273729 -8.95166789
-43.89797483 -9.167026624
-44.18039264 -9.167026624
-44.35704898 -9.382385358
-44.62635669 -9.548045923
-44.79815931 -9.614310148
-45.00941848 -9.730272544
-45.22374423 -9.929065221
-45.42310331 -10.21068818
-45.5597181 -10.32665058
-45.76769884 -10.34321663
-45.93662718 -10.32665058
-46.06513729 -10.24382029
-46.09743077 -10.11129184
-46.11162685 -9.995329447
-46.10552429 -9.829668883
-46.26962555 -9.680574374
-46.53031342 -9.597744092
-46.8462932 -9.481781697
-47.01220778 -9.382385358
-47.13520123 -9.133894511
-47.31653661 -8.935101833
-47.46541411 -8.885403664
-47.76743891 -8.708182295
-47.87510907 -8.545135093
-47.9586761 -8.273389755
-47.80615733 -8.010702594
-47.68786949 -7.847655392
-47.6016596 -7.720840901
-47.72119098 -7.59402641
-47.84048395 -7.458153741
-48.03071747 -7.28604836
-48.18015014 -7.123001157
-48.20810528 -7.0233612
-48.14075839 -6.824081285
-47.98007162 -6.588568659
-47.8726715 -6.416463278
-47.77519565 -6.226241542
-47.74955132 -6.026961627
-47.76513645 -5.827681713
-47.81275373 -5.673692688
-47.94091071 -5.447238239
-48.08030456 -5.257016503
-48.21033276 -5.103027478
-48.4225467 -4.958096631
-48.66245192 -4.713525827
-48.77189238 -4.577653158
-48.88991054 -4.369315065
