# Murzuk-Djado Basin from http://www.whymap.org/
11.76098757 27.77183316
11.83404672 27.6116333
11.94349432 27.6116333
12.16239013 27.6116333
12.33215773 27.5448827
12.51750282 27.47813368
12.81217887 27.41138307
12.99739013 27.34463405
13.2492626 27.39803295
13.46755252 27.38468389
13.67020238 27.37133324
13.8440538 27.42473372
14.05022781 27.50483286
14.25342895 27.50483286
14.39410714 27.50483286
14.59835691 27.53153363
14.88510074 27.66503325
15.07713393 27.77183316
15.23466695 27.79853341
15.47158003 27.85193336
15.54526737 27.74513345
15.66469025 27.23783414
15.62196924 26.95748372
15.61711215 26.83733369
15.6704187 26.61038427
15.88874044 26.61038427
16.12320341 26.62373387
16.38943128 26.65043411
16.62224077 26.62373387
16.75805701 26.51693396
16.88763384 26.2632843
16.88149959 26.11643456
16.75032481 25.95623469
16.60858552 25.91618486
16.4760792 25.71593516
16.33458876 25.2753854
16.32903513 25.12853565
16.11685357 24.83483564
15.94387626 24.76808609
15.73396205 24.51443591
15.65007767 24.31418621
15.42551407 24.07388667
15.3105056 23.86028685
15.25600743 23.59328708
15.15596739 23.35298754
15.19691866 23.16608744
15.25139282 22.91243778
15.32133371 22.65878813
15.45308459 22.40513847
15.49478824 22.24493861
15.4897678 22.07138862
15.48363041 21.8577888
15.63033929 21.59078903
15.75071529 21.48398859
15.93121095 21.32378978
16.06536646 21.16358991
16.15322213 21.00338952
16.13433174 20.88323949
16.25182343 20.68298979
16.38544206 20.50943981
16.37928438 20.29583998
16.32890315 20.14899024
16.21701616 20.0021405
16.12116081 19.88199047
15.90577651 19.88199047
15.75422778 19.96209066
15.5868313 20.02884021
15.29907142 20.2023902
15.06817136 20.2023902
14.88206368 20.14899024
14.48187426 20.14899024
14.31556948 20.26914027
14.10334225 20.40263989
13.8444968 20.52278993
13.61636266 20.64293996
13.46326739 20.68298979
13.29379726 20.68298979
13.09351404 20.68298979
12.89323021 20.68298979
12.64642928 20.66963967
12.52466687 20.73638975
12.40465441 20.88323949
12.34744474 21.08348919
12.28992501 21.27038982
12.185218 21.41723957
12.03447125 21.57743943
11.96083376 21.7376393
11.74907809 21.937889
11.61413978 22.12478858
11.47913154 22.31168868
11.2212385 22.5386381
10.97611608 22.64543801
10.71761907 22.85903783
10.58246556 23.05928753
10.30790974 23.25953723
10.0649235 23.49983729
9.71455565 23.8068869
9.439846757 24.03383684
9.165162623 24.27413637
8.888814298 24.43433624
8.596780117 24.5945361
8.321223275 24.82148604
8.276437862 24.92828595
8.281622706 25.20863532
8.163157855 25.51568493
8.08847649 25.6758848
8.030633079 25.90283474
8.063339476 25.98293493
8.391679718 26.04968448
8.534637926 26.18318463
8.396105799 26.2632843
8.194100333 26.28998454
7.914417495 26.33003438
7.743775721 26.37008421
7.450161799 26.50358436
7.451672327 26.58368403
7.408172125 26.75723402
7.707759579 26.91743388
7.942409617 26.9441336
8.240387543 27.01088367
8.711134671 27.11768358
9.212101459 27.17108354
9.604218168 27.23783414
9.920480993 27.38468389
10.26755144 27.50483286
10.67818564 27.65168261
11.07637699 27.8919832
11.44132842 28.05218306
11.56656263 28.05218306
11.78572219 28.05218306
11.79702149 27.91868291
11.76098757 27.77183316
