# Northwestern Sahara Aquifer System from http://www.whymap.org/
10.16611048 33.82916541
10.26638795 33.74860257
10.31814632 33.70378917
10.32988323 33.68061017
10.33405102 33.64617217
10.34963739 33.60047621
10.34887525 33.58127055
10.33526817 33.43164232
10.33438839 33.28546675
10.29560788 33.15959358
10.22240262 33.01747839
10.16040427 32.90594815
10.13080792 32.78049067
10.09737177 32.68430724
10.11716596 32.54630306
10.13047629 32.36648026
10.16897267 32.19502191
10.32427449 32.09465519
10.54387174 31.99010729
10.70163978 31.96083378
10.8646592 31.9399242
11.08176599 31.90646898
11.16647 31.91483291
11.30527917 31.91065068
11.39591067 31.81864843
11.53744522 31.76010139
11.83302408 31.70991829
11.98712812 31.71828223
12.25004607 31.8353763
12.5056732 31.89392281
12.77152922 31.95665207
12.87710403 31.98592559
13.13739907 32.03192645
13.30839054 32.07792732
13.51763143 32.19502191
13.68982575 32.26193236
13.89193751 32.32884333
14.10452726 32.40411771
14.34167907 32.47102868
14.44136373 32.53029368
14.44249798 32.52916372
14.45194397 32.52333402
14.45749827 32.52083249
14.48027693 32.51221534
14.49305382 32.50888875
14.54555419 32.50305114
14.61777666 32.49249269
14.63138793 32.48971948
14.65416558 32.48111447
14.72503397 32.44930513
14.7905541 32.44610937
14.93499872 32.43721949
15.12861026 32.40972427
15.16583344 32.3986098
15.18222018 32.39166702
15.19638751 32.38277872
15.26888915 32.32611127
15.27555475 32.31805541
15.28527585 32.30583261
15.36694337 32.16722547
15.36999799 32.1566665
15.37055345 32.15055088
15.36999807 32.14361073
15.35999806 32.03806054
15.35494873 32.02183856
15.35472072 32.02111057
15.35194445 31.99583518
15.35214748 31.99487719
15.35777659 31.96833468
15.36222125 31.95222138
15.37527749 31.91027825
15.38138741 31.8955555
15.39861053 31.85694423
15.48527734 31.66416853
15.49083365 31.65555191
15.6144427 31.49555778
15.6255557 31.48472502
15.68110948 31.43610868
15.68944295 31.42944549
15.70333038 31.4205593
15.74694397 31.39389123
15.76166479 31.38555842
15.86388706 31.33888971
15.89638759 31.32472087
15.96777728 31.29416757
15.98583213 31.28833312
16.08082968 31.2619457
16.11578028 31.2558322
16.18277703 31.24138957
16.22472089 31.23389077
16.24694533 31.23111229
16.26277582 31.2302788
16.281321 31.22936829
16.33215682 30.94485357
16.35559085 30.63081739
16.42081021 30.18707082
16.48375396 29.84572722
16.57714454 29.46342222
16.58306091 29.25861627
16.15045045 29.1152519
15.93912395 29.23130885
15.73636315 29.36101925
15.5145423 29.42928807
15.24806792 29.40198117
15.03298937 29.265443
14.83448782 29.1357326
14.76251418 29.14255932
14.59094121 29.0742905
14.49942701 28.99919495
14.32714435 28.91044595
14.19452028 28.80804245
14.05674908 28.7739083
13.93559934 28.7534276
13.77831989 28.63054392
13.66339103 28.5622751
13.4750719 28.45987212
13.22483119 28.412084
13.00771665 28.3916033
12.82317353 28.38477657
12.66487982 28.43939142
12.52912859 28.4530454
12.29973974 28.30968102
12.14799789 28.32333447
11.90125319 28.37112312
11.63040609 28.41891072
11.60060283 28.48717955
11.47815032 28.41891072
11.37199699 28.35746915
11.20744758 28.2209315
11.02197606 28.1799701
10.86140024 28.16631665
10.71522007 28.09804782
10.52287059 28.0912211
10.33794516 28.06391367
10.16047757 28.01612555
9.976186719 28.00929882
9.751514143 27.9888176
9.519044003 27.97516415
9.318955914 27.97516415
9.03934431 27.99564485
8.847249313 27.99564485
8.616274103 28.0434335
8.593726882 28.10487455
8.629045387 28.2414122
8.760228663 28.36429587
8.786815486 28.46669885
8.756630999 28.5417944
8.52332903 28.50766025
8.440554042 28.39843055
8.374511367 28.31650775
8.252442774 28.23458547
7.761651584 28.1321825
7.529161081 28.11852852
7.312980309 28.11852852
7.064503476 28.10487455
6.887839396 28.07756712
6.680069428 28.09804782
6.481641926 28.1936246
6.322078474 28.22775822
6.234694843 28.26871962
6.229567187 28.4325647
6.217173183 28.63737065
6.204805866 28.84217712
6.144049052 29.03332962
6.14701944 29.19717417
6.069044443 29.32688457
5.956073824 29.29957714
5.840169972 29.10159792
5.83701393 28.91727267
5.802037729 28.74660087
5.719021647 28.57592907
5.626253461 28.28920032
5.566883288 28.07756712
5.434189334 27.7703582
5.464966067 27.6884354
5.49573481 27.60651312
5.358530167 27.5177636
5.221111129 27.40853337
4.973837305 27.44266805
4.727908647 27.58603242
4.568598834 27.63382055
4.249543818 27.70208937
4.089592864 27.70208937
3.77740872 27.67478195
3.520920405 27.61333985
3.367888159 27.49045617
3.302618926 27.34026507
3.197538258 27.19690017
3.060502622 27.03988288
2.827679431 26.86238435
2.507564939 26.71901945
2.180515198 26.71901945
1.901226953 26.69853875
1.605820852 26.63027045
1.350526156 26.6029625
1.111177885 26.56200163
0.887931618 26.56882835
0.704607957 26.60978975
0.577134615 26.69171203
0.473443653 26.69171203
0.36177599 26.69171203
0.297914219 26.62344373
0.162332828 26.6029625
0.042717611 26.61661648
-0.092893497 26.78728828
-0.13283347 26.93065265
-0.212747513 27.11497843
-0.300712385 27.27882297
-0.372805484 27.4768022
-0.381029712 27.70208937
-0.50127336 27.90689532
-0.541488068 28.0434335
-0.637815162 28.1936246
-0.734324721 28.3916033
-0.766823815 28.59640925
-0.767535481 28.91727267
-0.711644569 29.0538098
-0.752134471 29.21082815
-0.864844487 29.31323112
-1.098019596 29.3678465
-1.210642595 29.40198117
-1.411844599 29.47024894
-1.637518956 29.59313262
-1.79115513 29.75015097
-1.944946291 29.90716932
-2.03443391 30.05736042
-2.164024913 30.16659012
-2.221916947 30.37822332
-2.295579617 30.52841442
-2.321222241 30.71956692
-2.330974901 30.93802684
-2.284190232 31.15648677
-2.188221767 31.29302389
-2.077357705 31.62071404
-1.989403787 31.77773186
-1.836536258 31.93475022
-1.723796748 32.05080717
-1.594401258 32.10542202
-1.416057819 32.11224874
-1.051134043 32.09859476
-0.864946799 32.19417101
-0.484090017 32.39215024
-0.191989055 32.52186116
-0.021473262 32.62426414
0.222374256 32.80858991
0.352701491 33.01339586
0.572459657 33.06801071
0.710853577 33.09531814
0.9387481 33.10897211
1.166904825 33.17724094
1.34663969 33.30695134
1.591449253 33.38887361
1.755060151 33.49127711
1.984076627 33.60050681
2.164179967 33.68925634
2.433255265 33.68242961
2.637629516 33.73021721
2.802773854 33.91454299
2.943350466 34.07156134
3.198102423 34.19444501
3.32202808 34.29684799
3.674357758 34.35146336
3.920198752 34.38559698
4.110990654 34.54944206
4.385280413 34.78838268
4.557424923 34.79520941
4.828954646 34.85665151
5.093998549 34.99318863
5.275534704 35.04788198
5.554180757 35.04104403
5.797256646 34.91809361
6.237039656 34.80886338
6.500269351 34.84982426
6.793152455 34.77472871
7.003592517 34.68597971
7.269987576 34.55626931
7.624021785 34.35828956
7.827174379 34.31732869
8.081063808 34.33098213
8.469852136 34.22175244
8.795336358 34.18079103
9.474841027 34.21492518
9.703671091 34.21492518
9.818091654 34.20101588
9.948007609 34.1245878
9.995078386 34.00489883
10.16611048 33.82916541
