# North China Plains Aquifer System from http://www.whymap.org/
111.8758915 34.39145939
112.0179135 34.70690775
112.2676428 34.70137347
112.4177952 34.69583971
112.6580216 34.75671578
112.7399657 34.9061388
112.9393379 35.05010917
113.1055222 35.05010917
113.2282401 35.02793624
113.4538997 35.12771718
113.6511682 35.29403393
113.7767256 35.37719875
113.9422196 35.33284383
114.0936127 35.37165418
114.1918257 35.41046603
114.3079592 35.62672055
114.2744289 35.76536087
114.329524 35.97611829
114.4602777 36.17581004
114.6083303 36.28676069
114.710903 36.5475268
114.8054369 36.73619343
114.8937472 36.96373341
114.8923573 37.15800181
115.0134685 37.41891444
115.0615966 37.5244026
114.9820123 37.75761179
114.9769522 37.95198004
114.9561758 38.14081771
115.0477039 38.32412384
115.2196072 38.52967516
115.4757148 38.70191439
115.8621367 38.98531798
116.2041993 39.18539856
116.5518094 39.45221321
116.7171396 39.65791482
116.8053532 39.86920404
116.9925401 40.15320603
117.127444 40.23127526
117.3714135 40.32050959
117.5682786 40.38744396
117.6374176 40.27589107
117.7406431 40.17551044
117.9311616 40.17551044
118.0001216 40.09744775
118.0359976 39.97485924
118.1565413 39.9025682
118.3397615 39.91368939
118.4723865 39.90812905
118.6670756 39.85808264
118.8209686 39.80803838
118.9956881 39.73575462
119.1794706 39.71351435
119.333961 39.70298501
119.2558183 39.55110327
119.2586169 39.41972039
119.2580359 39.40777401
119.2530535 39.39972503
119.2360997 39.38499322
119.1892683 39.35537319
119.1763782 39.34721479
119.1327455 39.31860592
119.0502632 39.25583125
119.0463725 39.25110989
119.049714 39.24666352
119.0560839 39.24444034
119.0602433 39.23999347
119.0599814 39.23387765
119.0091619 39.18804285
118.9780259 39.16193496
118.9649955 39.15193494
118.9244246 39.12805066
118.9080417 39.1222219
118.901659 39.12110245
118.8935961 39.12137741
118.8910894 39.12471138
118.9099892 39.14583165
118.9210926 39.15110209
118.9385853 39.1574968
118.9469252 39.16554081
118.9677782 39.18804285
118.967208 39.19221461
118.8408263 39.17916639
118.7847175 39.15360858
118.7619436 39.14527748
118.7483252 39.14277154
118.7333202 39.14527748
118.7180551 39.14944117
118.7111143 39.15165626
118.6619278 39.17666463
118.6133036 39.18915864
118.6049721 39.18943361
118.5491514 39.16499511
118.5391402 39.15916196
118.5297075 39.15165626
118.5222045 39.14277154
118.5155528 39.13416606
118.5097297 39.12360041
118.505822 39.1188874
118.5013835 39.11555291
118.3977754 39.06555074
118.3694262 39.05360287
118.3458412 39.04444429
118.3285928 39.03944068
118.3213707 39.03889078
118.3133044 39.04055583
118.2480194 39.0649966
118.2427519 39.06805179
118.2402566 39.07305231
118.2355285 39.08915486
118.2349885 39.09471649
118.2363644 39.10777193
118.2347162 39.11276782
118.2166579 39.13276741
118.1822168 39.16833341
118.1736049 39.17555733
118.1649963 39.18249307
118.1491429 39.19193169
118.1430467 39.1949956
118.1235955 39.20165699
118.0588583 39.22193747
118.0516519 39.22416433
118.0236104 39.22082908
118.0099896 39.21694071
117.8980432 39.20138625
117.8799618 39.19554131
117.8524836 39.1822181
117.8197125 39.16554081
117.7994269 39.15332143
117.7438747 39.10499904
117.7274812 39.06999235
117.7233153 39.0274893
117.723045 39.02138226
117.6508088 38.89833287
117.6097111 38.84276799
117.5994252 38.82833813
117.5852775 38.80277288
117.57193 38.77527316
117.5363844 38.67555889
117.5399862 38.64638465
117.5413606 38.63527258
117.545579 38.61666544
117.5461028 38.61277012
117.5535945 38.59249445
117.6213585 38.46583106
117.6399791 38.43610316
117.654433 38.4136073
117.6722156 38.38665994
117.6952484 38.36332921
117.7108239 38.34832876
117.7366539 38.3269414
117.8005423 38.27527196
117.8058093 38.27249261
117.8265282 38.26389993
117.8838738 38.24444055
118.0280579 38.16721173
118.1105271 38.1463844
118.185798 38.14527307
118.357221 38.12916078
118.4408148 38.11639209
118.447751 38.11499859
118.459977 38.11110877
118.4835998 38.10055012
118.5991538 38.11082605
118.7121953 38.14249449
118.7944445 38.15888278
118.8305482 38.1563779
118.8366443 38.15416053
118.8419321 38.1505491
118.9483112 38.0427729
118.9549863 38.03416509
119.0263911 37.90499538
119.0341495 37.88388466
119.0369233 37.8727622
119.0491554 37.76221426
119.0469454 37.6666642
119.0399777 37.66888934
119.034715 37.66693943
119.0299921 37.66360332
119.0061054 37.64083237
118.9866423 37.62026618
118.97997 37.61221434
118.9741514 37.60194173
118.9672081 37.58694073
118.9633095 37.57583205
118.9566553 37.55221877
118.9535987 37.54055304
118.9524745 37.53360827
118.9377621 37.38138147
118.9388749 37.34777065
118.9427513 37.33721668
118.9566557 37.30054242
118.9710938 37.2708327
119.1271983 37.18749242
119.1588624 37.1711028
119.2327782 37.14361201
119.2536014 37.13943786
119.2977623 37.13165889
119.387491 37.12304821
119.4041553 37.12248683
119.4530539 37.12360536
119.4752803 37.12638264
119.4902658 37.1286033
119.5072077 37.13499333
119.5213806 37.13804894
119.546658 37.13777857
119.5877675 37.13639018
119.6427621 37.13221181
119.7121993 37.13804894
119.7161302 37.13865107
119.7413714 37.1424977
119.7474977 37.14361201
119.7672077 37.15138257
119.8566442 37.21360717
119.8660914 37.22027271
119.8819307 37.23555695
119.8902596 37.24443811
119.8936055 37.25694137
119.8944442 37.26943996
119.8905465 37.27943996
119.8836142 37.29361512
119.8649947 37.31944486
119.8574924 37.3272163
119.8486006 37.34027322
119.8491566 37.34721342
119.8541474 37.35944233
119.859713 37.36221209
119.9947142 37.41638642
120.0338547 37.42526863
120.0399791 37.42638738
120.0588585 37.43193932
120.1416704 37.47610258
120.1848599 37.50525737
120.0874005 37.3386751
119.8933911 37.12387944
120.0555916 36.97093751
120.2845498 36.92863714
120.3620837 36.80825016
120.2976249 36.57400945
120.1610096 36.49268478
120.0626216 36.37883659
119.987569 36.22596835
119.8153623 36.18043582
119.6928158 36.19344498
119.5741185 36.18471949
119.3755221 36.11055352
119.2616879 35.99189568
119.0072356 35.94740101
119.0090191 36.02155915
119.1146337 36.22922046
119.2366199 36.46658221
119.0936408 36.57043927
118.9684166 36.57043927
118.6643004 36.57043927
118.3780733 36.57043927
118.1786089 36.70397987
117.9766031 36.76333525
117.6619908 36.77817432
117.3731266 36.70397987
117.2125376 36.60011384
116.9628884 36.49625479
116.6942057 36.31822678
116.4770436 36.16988612
116.3173081 35.99189568
116.4047954 35.84358578
116.5929243 35.75460678
116.8206701 35.71011946
116.9171085 35.60831822
116.9862082 35.40300759
117.1117065 35.2471416
117.1054294 35.03427691
117.0784722 34.78756713
117.2761838 34.75341504
117.5720533 34.7723886
117.7532239 34.83689827
117.921851 34.91279144
117.8848068 35.05328166
117.9966668 35.2471416
118.1990479 35.35358467
118.4591703 35.52086759
118.7454158 35.66535379
118.8344854 35.57789993
118.7697078 35.37259334
118.5698267 35.14070586
118.5213246 34.90899694
118.7312424 34.78756713
119.032624 34.77997813
119.1900615 34.80949167
119.1974732 34.76971562
119.2233076 34.75777822
119.2611323 34.75083596
119.2858098 34.74777684
119.308599 34.74777684
119.3244415 34.75500132
119.3333239 34.76167031
119.3683071 34.76333255
119.4377655 34.74610247
119.4544387 34.73777176
119.4608272 34.72915883
119.476647 34.70750175
119.4788625 34.70332426
119.4760886 34.69777415
119.4724944 34.69443702
119.4627614 34.68776855
119.4555503 34.67972324
119.4586009 34.67471174
119.5283303 34.61277218
119.5366445 34.60555561
119.5463681 34.5988787
119.6480454 34.52971836
119.655924 34.52641868
119.786136 34.474998
119.8038624 34.4686028
119.8252733 34.46333069
119.8399708 34.45998987
119.8486029 34.45888312
119.8638773 34.45833238
119.8847257 34.45998987
119.897778 34.46194172
119.9063652 34.46082336
119.9210899 34.45750205
119.9274661 34.45527325
119.9869193 34.43027956
120.2330529 34.32166496
120.2491456 34.31332528
120.2538936 34.30998921
120.2588757 34.3008287
120.3149836 34.18166515
120.3408325 34.12332701
120.3680272 34.04193965
120.3933411 33.9594371
120.4808233 33.76194478
120.4983217 33.65721541
120.5455344 33.56249165
120.5505312 33.55332534
120.5919312 33.499161
120.6008073 33.49222244
120.6074913 33.49137945
120.6157992 33.48610682
120.6235893 33.47860275
120.6361208 33.45582415
120.6474751 33.42583056
120.6505476 33.41554378
120.6563718 33.37026985
120.6597103 33.33582235
120.663039 33.32555299
120.6655241 33.32083426
120.734423 33.23166271
120.7836033 33.16999377
120.7894297 33.16137715
120.8019491 33.13860751
120.8044278 33.13388457
120.8858118 32.9749956
120.8949963 32.89527312
120.8791432 32.79694581
120.8405548 32.71804943
120.8316726 32.71138413
120.8269321 32.70000274
120.8258303 32.69304994
120.8269238 32.65971288
120.8283178 32.65471246
120.8358247 32.64083534
120.8391562 32.63694324
120.9308107 32.58888239
121.1002782 32.51610954
121.1783052 32.49027075
121.2608099 32.46693771
121.2869291 32.45804519
121.3027559 32.44971607
121.3283259 32.43471954
121.3413759 32.42443857
121.3977688 32.37943209
121.4080446 32.36749311
121.4105369 32.36305555
121.4119239 32.35777343
121.4246972 32.24916041
121.4230295 32.24443746
121.4180583 32.24137886
121.411926 32.24027369
121.3855374 32.23749679
121.4483121 32.11193803
121.4738761 32.11388777
121.5144244 32.11666519
121.5219259 32.11639141
121.5291551 32.11444536
121.5602457 32.10305342
121.6608157 32.05443497
121.6713688 32.04888539
121.6852505 32.03916518
121.7066465 32.02166395
121.7388763 31.99860628
121.8277617 31.91861106
121.8302689 31.913886
121.8402757 31.88971789
121.8902631 31.76194563
121.895537 31.74694329
121.8974738 31.73610842
121.8958338 31.69888824
121.8910936 31.68749788
121.8869419 31.6838859
121.877474 31.6783321
121.8719145 31.67610805
121.8585984 31.67527297
121.827483 31.6783321
121.7146937 31.6963867
121.6558211 31.70916129
121.6433422 31.71361045
121.6330325 31.71944226
121.6121999 31.73721728
121.5766654 31.75805511
121.4899508 31.8086117
121.4741583 31.81722041
121.4380288 31.83166937
121.4247056 31.83583261
121.2997057 31.86916545
121.283341 31.87138686
121.0766542 31.86083052
121.0697046 31.86027715
121.0577461 31.85777562
120.9444238 31.86639066
120.8985204 31.92865675
120.883607 31.94832928
120.8555515 31.97971607
120.8399733 31.99471841
120.8321955 32.00194078
120.8149926 32.01583372
120.8105138 32.0191582
120.7894349 32.03054644
120.7396968 32.05499256
120.7343411 32.05693439
120.7077638 32.06582691
120.641375 32.08610768
120.6019285 32.09360964
120.5194408 32.10249582
120.511943 32.10277963
120.5052517 32.10222257
120.4930261 32.09972103
120.4720208 32.09244222
120.4410912 32.07610577
120.3544239 32.01721637
120.3369221 32.00388893
120.3288738 31.99638856
120.3216611 31.98833111
120.3116568 31.97471934
120.303589 31.96749697
120.2766503 31.94832928
120.2713823 31.94610787
120.2660979 31.94416393
120.2424747 31.93805306
120.2363646 31.93666197
120.2241501 31.93416677
120.2108302 31.9330558
120.1883087 31.93388665
120.1060846 31.94388803
120.0919265 31.94721673
120.0560781 31.96194317
120.023319 31.97805225
120.0188905 31.98138622
120.0069427 31.99222109
119.9641615 32.04582995
119.9180574 32.10972241
119.9055526 32.13249205
119.9033242 32.14332693
119.9035844 32.14972372
119.9061019 32.16360506
119.9002597 32.19526563
119.8710935 32.26055024
119.8636 32.27416623
119.8599925 32.27833158
119.8521978 32.28555606
119.8266577 32.30638599
119.7963706 32.31805541
119.7710968 32.32694212
119.7555453 32.32833479
119.7494262 32.32694212
119.7155499 32.31554807
119.6808141 32.30305149
119.6336179 32.26471612
119.6296955 32.26082613
119.607488 32.19471226
119.6099983 32.18999142
119.6144393 32.18665692
119.6216374 32.18499046
119.6288647 32.18471879
119.6349926 32.18610355
119.645829 32.19054849
119.655819 32.19554153
119.6599921 32.19915772
119.7763614 32.11701916
119.8066409 32.10555759
119.8702495 32.00555486
119.8736028 32.00166488
119.8805395 31.99388702
119.8849848 31.99027505
119.9010813 31.98194013
119.9958201 31.94555238
120.1021983 31.91333263
120.1291539 31.90555108
120.1435981 31.90221817
120.1819202 31.89944126
120.222483 31.90250039
120.2285803 31.90388621
120.2727733 31.9177781
120.3777599 31.95471658
120.4333325 32.01221383
120.4319178 32.01749807
120.4358045 32.02110846
120.4991496 32.02110846
120.6896988 31.99249277
120.6969241 31.99083264
120.7094314 31.98638243
120.7144138 31.98360605
120.7285783 31.97388637
120.7363689 31.96638652
120.7894315 31.87722289
120.7899797 31.87138686
120.776074 31.82027743
120.7727763 31.81583407
120.766661 31.81444562
120.7602825 31.81666703
120.7383102 31.83249811
120.7266522 31.84972186
120.7233176 31.85360815
120.7188652 31.85638505
120.715556 31.85194381
120.7158217 31.82777728
120.7163789 31.82194283
120.71887 31.81750053
120.7274706 31.81055775
120.7488842 31.79916581
120.847757 31.75666455
120.860268 31.75222172
120.8755294 31.74943849
120.8830325 31.7491626
120.9241561 31.75111286
120.936927 31.7527809
120.9491243 31.7555578
120.9558488 31.75583581
120.963897 31.75472062
120.9783151 31.75139034
121.0813971 31.70860792
121.086645 31.70583049
121.2210976 31.62416354
121.2297181 31.61722076
121.2619393 31.58222199
121.2686009 31.57416613
121.3251475 31.49222117
121.3624869 31.47388645
121.4511067 31.41860903
121.5950001 31.34999784
121.6083222 31.34583249
121.6397187 31.32861296
121.6491458 31.32222144
121.6680528 31.30888979
121.6902642 31.29222258
121.6988563 31.28527874
121.7063899 31.27777678
121.7133149 31.26972303
121.7413639 31.23221746
121.7536066 31.21555236
121.7594238 31.20693996
121.780269 31.1713836
121.8052564 31.12610966
121.8697127 31.00833456
121.8808146 30.9847214
121.8847299 30.9749975
121.8913779 30.93083032
121.8919371 30.92499482
121.8777562 30.87555448
121.8749758 30.87027288
121.8683051 30.86138828
121.8635965 30.85832915
121.8474828 30.85222197
121.8416577 30.85111364
121.8349769 30.85055182
121.8002568 30.84999845
121.7852581 30.85305283
121.7650031 30.85889097
121.7569392 30.85999772
121.7335939 30.86277462
121.6983135 30.86305421
121.6408297 30.85583184
121.6280305 30.8541638
121.5594183 30.84361326
121.4691478 30.81638813
121.443859 30.80444862
121.4297078 30.79582988
121.3949812 30.76972153
121.3910917 30.76611113
121.3544237 30.71694142
121.3424907 30.70583118
121.3263952 30.69972136
121.2754327 30.68806196
121.2619404 30.68499492
121.2505418 30.68166465
121.2280282 30.67499565
121.2119175 30.66861047
120.9958295 30.57222077
120.9871914 30.56555178
120.9638972 30.54277792
120.9580404 30.53305613
120.9474757 30.5119445
120.9408177 30.49443905
120.9322137 30.47083012
120.9302587 30.46471872
120.9285918 30.45166085
120.932474 30.44194275
120.9360962 30.4380533
120.9388779 30.42777602
120.9385867 30.42138292
120.9366578 30.41527311
120.9333281 30.41083186
120.8752555 30.36388778
120.8144219 30.3355559
120.7986035 30.32944239
120.7924774 30.32805552
120.761127 30.33388733
120.7538971 30.3355559
120.7488819 30.33833069
120.740259 30.34527927
120.7210955 30.36971959
120.7083344 30.37999845
120.6977483 30.38555278
120.6847221 30.38972024
120.6566429 30.39638712
120.649422 30.39805569
120.634164 30.39944203
120.4663757 30.39416571
120.4538746 30.39249556
120.4477484 30.3911108
120.3983215 30.37443831
120.3877635 30.37027296
120.3830298 30.36749975
120.2407879 30.26756613
120.1447005 30.19999945
120.1461073 30.19471732
120.1644301 30.19305297
120.3052448 30.22221782
120.402477 30.28083396
120.4049873 30.28611239
120.4146965 30.29110913
120.4466434 30.30388952
120.4630485 30.30916584
120.4749937 30.31194696
120.4816599 30.31250034
120.5041711 30.31083019
120.5122085 30.30971922
120.5224794 30.30388952
120.5291666 30.29611166
120.5380367 30.27722357
120.5669399 30.20388574
120.5741745 30.17193871
120.581389 30.15832958
120.599428 30.1269449
120.6060893 30.11888745
120.6136063 30.11083212
120.6177548 30.10749973
120.6230159 30.10471861
120.6749859 30.08249813
120.7860947 30.06083102
120.7933288 30.06055512
120.7941493 30.06611156
120.7927649 30.07111199
120.7760707 30.09110895
121.064992 30.25527898
121.0792976 30.26295449
121.1402559 30.29110913
121.1616492 30.29944194
121.1794245 30.30305444
121.199409 30.30472248
121.2133075 30.30527797
121.2274791 30.30555545
121.277203 30.30472248
121.2844122 30.30444659
121.2983095 30.30111051
121.3044247 30.29860897
121.3452596 30.28138944
121.3558315 30.27583089
121.3980414 30.25333504
121.408348 30.2477728
121.4201417 30.23801092
121.4210975 30.23721804
121.4835965 30.18527512
121.5052446 30.16166618
121.529423 30.12194236
121.6095004 30.01750735
121.5274322 29.9496922
121.4208879 29.89495919
121.2261964 29.77637116
121.0917059 29.70339363
120.9412302 29.70339363
120.7067969 29.76724864
120.5288652 29.86759268
120.3946211 29.94057021
120.1647573 29.95881472
119.9643778 29.94057021
119.7855389 29.92232569
119.6349621 29.92232569
119.4191804 29.9496922
119.3348134 30.04091424
119.287034 30.11389177
119.317471 30.25072431
119.3520913 30.36931234
119.3835083 30.47877889
119.3722254 30.56087842
119.17116 30.5426339
119.085562 30.46053438
118.9131802 30.46053438
118.919235 30.61561143
118.9618775 30.72507746
119.0191767 30.87103252
119.1451999 30.97137656
119.2788163 31.08996458
119.4018122 31.18118663
119.3772457 31.25416363
119.2376245 31.33626368
119.0943572 31.40924068
118.9903116 31.44572971
118.8270255 31.33626368
118.6677743 31.23591964
118.4803413 31.19943061
118.3939393 31.19943061
118.2468307 31.29065266
118.0917801 31.25416363
117.987704 31.31801916
117.919385 31.33626368
117.8155583 31.4274852
117.8384493 31.56431773
117.8584041 31.71939479
117.7364292 31.76500581
117.7522847 31.85622785
117.8262475 31.95657136
117.9991857 32.11164841
118.055324 32.19374846
118.1170037 32.339703
118.2720769 32.44916903
118.4447788 32.42180252
118.6083488 32.44916903
118.7334185 32.51302456
118.8044394 32.67722361
118.6892396 32.78668964
118.43944 32.78668964
118.2369384 32.69546812
118.0592808 32.68634613
117.8875004 32.74107914
117.7601666 32.82317867
117.6111666 32.90527819
117.378015 32.86878969
117.2634805 32.80493415
117.019679 32.76844565
116.9471369 32.6498571
116.826942 32.49478005
116.6531692 32.339703
116.6106784 32.21199245
116.5652731 32.10252642
116.4839171 31.9839384
116.3017823 31.85622785
116.1995726 31.7376393
116.1481579 31.60992876
116.0430733 31.48221821
115.9276685 31.43660719
115.8700488 31.4548517
115.7371737 31.60992876
115.633085 31.7011508
115.4135389 31.7741278
115.1105356 31.7741278
114.9156188 31.74676129
114.7063898 31.7376393
114.5152599 31.74676129
114.3280472 31.84710533
114.2140983 31.95294409
114.0478662 32.02124826
113.8779382 32.18062465
113.7847336 32.31723299
113.8469774 32.46901986
113.9336979 32.61321773
113.907512 32.73464701
113.6988477 32.76500459
113.5714273 32.98889066
113.6270627 33.15206156
113.4742138 33.18621364
113.1252992 33.34549772
113.0423969 33.50598931
112.9719566 33.69415179
112.8864709 33.87677998
112.6952646 33.8933823
112.5318448 33.9431898
112.4001047 34.06494193
112.3274173 34.17009174
112.0980318 34.17562602
111.8758915 34.39145939
