# North Caucasus Basin from http://www.whymap.org/
36.57425866 45.18415392
36.5762124 45.18804411
36.57870673 45.19137712
36.58232412 45.19359897
36.59231043 45.19415672
36.66787277 45.19693203
36.69786895 45.19166405
36.70314384 45.19166405
36.72675583 45.19498044
36.8295324 45.21803692
36.83396485 45.21914388
36.84618619 45.22360028
36.88674249 45.23860558
36.95867938 45.26665902
36.96228873 45.27471628
36.96784014 45.29220454
36.9670173 45.29915084
36.96479696 45.30192316
36.96007647 45.3038667
36.77785267 45.37637755
36.77201475 45.3769232
36.76702731 45.37637755
36.75424812 45.37246878
36.71702873 45.35359477
36.70675278 45.34692593
36.69563587 45.33497971
36.69175422 45.32720014
36.68924273 45.32387024
36.68563485 45.32164763
36.67786181 45.31831347
36.66758709 45.31775608
36.66368926 45.3197083
36.66146192 45.322484
36.66064319 45.32609716
36.66146122 45.32998879
36.66535654 45.33776035
36.67397048 45.34721727
36.68285834 45.35525958
36.71673216 45.38470755
36.7295228 45.39442853
36.74341489 45.40330892
36.75508145 45.40831692
36.81980199 45.42664846
36.82896266 45.42830177
36.83479232 45.42776034
36.89451391 45.41526534
37.10422797 45.33053814
37.06367383 45.24916333
37.06201833 45.24109102
37.06201725 45.23748673
37.06674066 45.23193499
37.07534706 45.22804866
37.1031283 45.22609261
37.11395852 45.22609261
37.12972916 45.22815076
37.15228932 45.23108646
37.22449963 45.24052891
37.31283585 45.26164857
37.31672643 45.26332534
37.31783164 45.26693364
37.31645048 45.26999218
37.30700688 45.27360055
37.29533361 45.27609375
37.21451143 45.29026482
37.20339445 45.29082271
37.20228873 45.31581623
37.31505357 45.31332707
37.3958909 45.30803706
37.42421536 45.31219941
37.44086958 45.31775608
37.46004988 45.32637667
37.48170809 45.33831777
37.51225869 45.35359477
37.51669566 45.3547059
37.52114677 45.35414845
37.52587497 45.35248741
37.58226593 45.32998879
37.59476229 45.32387024
37.60003309 45.3185962
37.60309759 45.30498682
37.71142429 45.28775971
37.72752152 45.28748883
37.73197241 45.28860836
37.73530567 45.29082271
37.73614487 45.29498433
37.73891559 45.37470028
37.70113305 45.54720886
37.69946334 45.55024975
37.69724496 45.55302337
37.64407756 45.57965098
37.63957667 45.58247429
37.63841263 45.58064443
37.63641414 45.57531358
37.63541167 45.57047979
37.61974088 45.56359416
37.62057796 45.56026272
37.62279187 45.5574756
37.62752364 45.55553884
37.64557472 45.5119182
37.64475511 45.44526371
37.64391685 45.44108378
37.63309254 45.419138
37.63030815 45.41609009
37.62142056 45.40776316
37.61725527 45.40609006
37.61225765 45.40526104
37.60142451 45.40664328
37.59142219 45.40997391
37.58419955 45.41442447
37.5819774 45.41720193
37.58059882 45.42053642
37.58059766 45.42414621
37.58945731 45.61913031
37.59641577 45.63747203
37.60474352 45.64692027
37.61806598 45.65608523
37.62168882 45.65831409
37.62667686 45.65747699
37.63224503 45.65219456
37.63362611 45.64914908
37.63445998 45.64552047
37.63362753 45.64136685
37.63112604 45.63831769
37.64334931 45.6208092
37.66156745 45.61025726
37.66439878 45.60691681
37.66957082 45.6045941
37.67507232 45.60559139
37.70195546 45.61052783
37.70391037 45.61358591
37.70085082 45.61969191
37.66945524 45.64052548
37.66168688 45.64859067
37.65806336 45.6544191
37.65835054 45.65775567
37.66112944 45.66081358
37.66891109 45.66414644
37.69083712 45.66997511
37.71777997 45.68302404
37.8011065 45.72691884
37.81473548 45.73608196
37.82694205 45.74692421
37.83833697 45.75913845
37.84610592 45.76886041
37.85250612 45.78052913
37.86637822 45.80831797
37.87499916 45.83052467
37.88249985 45.85581208
37.88277671 45.86385762
37.88166269 45.88191132
37.88693308 45.90635642
37.89054501 45.92275667
37.91081793 45.97913849
37.92165416 45.99830261
37.92942074 46.0083107
37.93830875 46.0174763
37.94498584 46.0221887
37.9524764 46.02607939
37.96109629 46.02885648
38.05025769 46.05079282
38.06525012 46.05219357
38.08357907 46.049412
38.09218386 46.04524587
38.09469429 46.04246005
38.06858775 45.94525327
38.0935825 45.93663586
38.15718874 46.09163588
38.16190475 46.09885965
38.17079394 46.10746889
38.17746615 46.11246573
38.18828897 46.11885608
38.20023774 46.12357351
38.21385455 46.12690666
38.22357265 46.12774049
38.25023865 46.12802005
38.26217611 46.12525031
38.26996014 46.12107528
38.27635268 46.11606971
38.31218221 46.08941255
38.35357332 46.06496374
38.40440024 46.03691754
38.4435533 46.01913164
38.45495545 46.01691735
38.46578434 46.01691735
38.54162668 46.0174763
38.54634252 46.01802288
38.55439133 46.02107077
38.56105431 46.02607939
38.56327813 46.02997012
38.56439204 46.03385659
38.56799703 46.05024189
38.57216664 46.07385173
38.57244294 46.08135469
38.57105415 46.08830304
38.56327468 46.09635297
38.55549879 46.10079542
38.51300537 46.12079572
38.42271716 46.15913545
38.34300723 46.19079538
38.30660869 46.20218076
38.29411523 46.20830109
38.29106961 46.21079235
38.28412834 46.2191245
38.27883758 46.23191268
38.27744494 46.23884709
38.2707741 46.25856747
38.26384757 46.26691253
38.25773543 46.27190769
38.15882696 46.34022891
38.08938914 46.37967207
38.08133906 46.38385426
38.07106244 46.38718054
38.05884061 46.38912209
37.99189484 46.39078768
37.98217473 46.38912209
37.97828661 46.38745652
37.97245563 46.38135001
37.97245508 46.37773488
37.97856064 46.37274263
37.98829845 46.36911573
38.00496071 46.36468684
38.00884145 46.36246244
38.01441207 46.35717396
38.00745955 46.34634284
38.00219159 46.33967756
37.9988551 46.33689388
37.99496461 46.33551633
37.98996025 46.33634685
37.98189483 46.3405124
37.90218324 46.39384719
37.88940074 46.40384901
37.82523464 46.4677224
37.81885033 46.47550919
37.73161906 46.65356435
37.73077979 46.65689785
37.73300988 46.66079074
37.73717758 46.66300502
37.74217274 46.66356062
37.74688341 46.66162251
37.77495261 46.6466175
37.79940312 46.63051116
37.80745317 46.62607113
37.83772501 46.6157927
37.84939745 46.61383758
37.87162129 46.61300214
37.99855042 46.61050446
38.01411516 46.61050446
38.03272012 46.61412127
38.04910932 46.6205039
38.05633238 46.62495627
38.09437631 46.65745775
38.10103986 46.66245752
38.11548782 46.67106716
38.12381834 46.6743965
38.25686872 46.71578045
38.26603204 46.71771883
38.27214397 46.71717557
38.27769464 46.71550477
38.28074938 46.71300642
38.28686567 46.70079002
38.29047847 46.69105656
38.29270584 46.6768946
38.29715256 46.67133903
38.30047397 46.66884906
38.31074866 46.66551546
38.38575606 46.64440008
38.44658248 46.63329322
38.46436875 46.63134179
38.57518657 46.64134663
38.57963391 46.64246154
38.58323715 46.64440008
38.589079 46.65050705
38.59101422 46.65856893
38.59045624 46.6696679
38.5824061 46.68494462
38.57684595 46.69022904
38.56351078 46.69967548
38.54879226 46.70829352
38.49046644 46.72912058
38.47157252 46.73216611
38.41546881 46.73468131
38.40129016 46.73216611
38.393242 46.72883626
38.38630812 46.72412371
38.38463864 46.71967017
38.38435923 46.71217076
38.38741854 46.70606279
38.38825136 46.70244888
38.38713746 46.69828367
38.38324658 46.69690103
38.37825679 46.69856797
38.37519826 46.70106623
38.37130343 46.70717411
38.36491518 46.73051575
38.362696 46.74078542
38.36463571 46.74523921
38.40601554 46.81634232
38.40878718 46.81967293
38.41240271 46.82190055
38.46046112 46.84856394
38.46851096 46.85189483
38.47823313 46.85329045
38.48379415 46.85329045
38.49018137 46.85217871
38.50128904 46.8491198
38.63739336 46.85077877
38.67179253 46.85282147
38.69571892 46.85245448
38.70516163 46.85383445
38.77544162 46.87355717
38.79832578 46.88091135
38.91208634 46.92938476
38.98791697 46.96883585
39.01292415 46.98549645
39.06374484 47.0163357
39.0676351 47.01827562
39.07679777 47.02049199
39.08236356 47.02022851
39.1815151 47.01188682
39.25041194 47.00050571
39.26235452 46.99912629
39.26762858 46.99938975
39.27151558 47.0010618
39.27484878 47.00383848
39.27985103 47.01077461
39.66562115 47.15498706
40.26502139 47.33707005
40.61209461 47.5452726
41.10282753 47.6754577
41.78667263 47.61035927
42.54532282 47.70149977
43.14197006 48.02718107
43.6093448 48.40532304
44.30233047 48.75772758
44.29877595 48.59937759
44.52492099 48.31548419
44.61035412 48.07906943
44.75060418 47.90894243
44.8634128 47.64445262
45.02625527 47.38958405
45.27509584 47.22919931
45.60605692 46.94633313
46.00057081 46.56009071
46.37344843 46.30595072
46.55733887 46.08959533
46.84992519 45.84516809
46.99649402 45.70422391
47.15200108 45.43187998
47.30291611 45.2254043
47.11895606 45.02841838
46.79448496 44.74777616
46.73519742 44.57949481
46.75109858 44.42995029
46.99406767 44.34584758
47.16210417 44.2430711
47.31429638 44.08426869
47.35231878 43.97219771
47.50189148 43.80412972
47.47697196 43.58944337
47.52680146 43.39349115
47.49122739 43.17894877
47.52483303 43.04839455
47.66089143 42.87125833
47.70264902 42.68485446
47.15597612 42.78736957
46.64816699 42.90854591
46.21147066 42.90854591
45.83465602 42.91786816
45.32228001 42.93651308
44.69721424 42.96448154
44.3178576 42.96448154
43.91332 43.00177479
43.63562137 43.22558203
43.24251883 43.49612497
43.00151633 43.82280166
42.63505503 44.06558877
42.0635739 44.09360887
41.63082796 44.07492866
40.85287867 44.1589941
40.34250077 44.29912886
39.63922951 44.4112598
39.19474962 44.54210525
38.71706115 44.6823279
38.07013736 44.89739851
37.58952351 44.9815772
37.23994285 44.9457723
37.2055999 44.96861889
37.19837568 44.97335189
37.19448572 44.97528475
36.88036369 45.07748227
36.72037816 45.09026055
36.70897768 45.09137521
36.62759806 45.11692562
36.61981575 45.12109393
36.57815285 45.16720738
36.57343656 45.17636938
36.57343578 45.17998492
36.57425866 45.18415392
