# Northern Great Plains Aquifer from http://www.whymap.org/
-123.6159262 56.94008262
-123.8436992 57.14926359
-124.1546097 57.45797251
-124.2940717 57.7119507
-124.5231091 58.04376583
-124.6804812 58.22098458
-124.5123387 58.28748672
-124.2419705 58.36510369
-124.0305534 58.43165925
-123.8368941 58.47604335
-123.5659282 58.46494629
-122.9989549 58.25423257
-122.3863378 57.99948844
-121.6828352 57.72300135
-121.1843087 57.51315473
-120.6721891 57.31457771
-120.2113784 57.21537108
-119.6729326 57.02812932
-119.0691172 56.83008448
-118.530634 56.6652125
-118.0568941 56.42367136
-117.63689 56.20436727
-117.0183416 55.95249451
-116.48808 55.7009701
-115.7871965 55.47162039
-115.1462883 55.28616742
-114.7623995 55.1771654
-114.1633109 55.0900106
-113.8288109 55.0900106
-113.2591533 54.95949363
-112.6394981 54.73180208
-112.121009 54.62345192
-111.7172024 54.54763531
-111.1693057 54.45019128
-110.6998181 54.40689525
-110.357333 54.39607244
-109.9818181 54.28787057
-109.4452154 54.06080187
-108.9874221 53.887938
-108.3242696 53.68281999
-107.7190741 53.44552847
-107.3150811 53.35929735
-107.1233189 53.45630949
-106.8034237 53.59650568
-106.4728379 53.56414562
-106.1105353 53.60729331
-105.9917064 53.72598851
-105.5553591 53.74757561
-105.2888865 53.75836987
-104.9488363 53.87713805
-104.6821428 53.98515896
-104.3325479 54.1580913
-103.9966068 54.33114559
-103.7021105 54.50432207
-103.3926155 54.54763531
-102.6804077 54.55846482
-102.1581076 54.48266832
-101.581596 54.37442824
-101.0901352 54.23378753
-100.5895998 54.14727946
-100.3160863 54.20134343
-100.0848675 54.22297236
-99.72510331 54.22297236
-99.2369457 54.08241841
-98.87826283 53.96355097
-98.74133982 53.84474103
-98.915058 53.68281999
-99.14052327 53.58571852
-99.26958989 53.48865537
-99.15375432 53.27309641
-98.9594288 53.02543659
-98.76985134 52.74577253
-98.58304642 52.52012112
-98.2265336 52.28394525
-98.03671698 51.99440095
-97.66988559 51.73731221
-97.57924592 51.78014181
-97.37997113 51.82297882
-97.30629263 51.55536892
-97.15328145 51.36286844
-96.99395669 51.15983532
-97.01146791 50.95696799
-97.05089354 50.76493047
-96.99985048 50.61567036
-96.99860968 50.49845731
-97.25262668 50.47715177
-97.38729473 50.38129938
-97.5322167 50.33871016
-97.54806695 50.16842597
-97.55849236 50.00889007
-97.5422841 49.74403334
-97.47458149 49.5005571
-97.40643421 49.19378978
-97.35407735 48.9295357
-97.39046542 48.73938749
-97.44119275 48.59156074
-97.45182897 48.4015829
-97.54284685 48.25388847
-97.44210073 48.09570857
-97.36134295 47.84275847
-97.20267495 47.58997764
-97.04571093 47.29528012
-96.90949016 47.07440754
-96.82074508 46.82213944
-96.74710129 46.52803882
-96.70111686 46.23416618
-96.75185259 46.03488217
-96.75337059 45.75186896
-96.86487913 45.5214214
-96.98222337 45.32251088
-97.04330863 45.24925428
-97.19533729 45.17601179
-97.29312267 45.16554972
-97.27039352 44.86260395
-97.30185385 44.6749049
-97.26315314 44.47684068
-97.28989637 44.27884065
-97.40506547 44.14340388
-97.54531563 44.02882698
-97.74318786 43.92468478
-97.95120927 43.88303287
-98.09743666 43.77891549
-98.22580441 43.64358939
-98.27428302 43.43545381
-98.29560845 43.2689963
-98.40272833 43.18578451
-98.61140472 43.12338309
-98.78152725 43.06098802
-98.87467026 42.99859932
-98.95085371 42.9394402
-99.1077896 42.97404405
-99.60157166 43.1758835
-100.3200472 43.45472359
-100.9913124 43.64710114
-101.4032768 43.82029266
-101.8742444 43.791424
-102.2617432 43.76255671
-102.5147728 43.60862079
-102.5596555 43.46434103
-102.7256755 43.2431781
-102.8854516 43.05092743
-103.1509571 42.89717033
-103.6535168 42.92599685
-103.8008046 42.95482472
-104.0254298 42.97404405
-104.3401419 42.94521528
-104.7254094 42.93560599
-104.9454966 42.95071346
-104.9586942 43.00899699
-105.214069 43.07138676
-105.3864487 43.12338309
-105.6546498 43.22738899
-105.8850181 43.31060643
-106.0585036 43.30020363
-106.4181507 43.30020363
-106.6172006 43.31060643
-106.8932631 43.40423958
-107.1118136 43.44585891
-107.3369795 43.49788705
-107.6083043 43.66440684
-107.7702702 43.75809414
-107.977866 43.86220797
-108.2019062 44.11215351
-108.3144104 44.22674603
-108.5873661 44.2892601
-108.8069932 44.2892601
-109.0340718 44.32051953
-109.212456 44.43515113
-109.513896 44.6957575
-109.6690165 44.83131677
-109.881573 44.93561361
-110.1744612 45.10278339
-110.3945825 45.2387902
-110.557348 45.38531349
-110.7191547 45.62615296
-110.9765642 46.02439644
-111.1550276 46.36008371
-111.3607617 46.6750606
-111.536977 47.00081198
-111.7008942 47.23216052
-111.9171345 47.51628172
-112.1126207 47.76901326
-112.4277356 48.07462292
-112.6000415 48.20115447
-112.7215699 48.4015829
-112.8706517 48.60211787
-112.8667073 48.79219682
-112.8979531 48.99293977
-113.0285531 49.18321605
-113.2078538 49.33127523
-113.5295282 49.48997475
-113.7067458 49.56405744
-113.8839782 49.77580273
-114.0428548 50.03015563
-114.0281724 50.21098612
-114.2400853 50.51976467
-114.3754206 50.76493047
-114.5714467 50.99966314
-114.869681 51.35217835
-115.0209522 51.54467053
-115.2601471 51.75872609
-115.6509528 51.9729667
-116.1219655 52.19811902
-116.5318642 52.41274048
-116.7338876 52.53086176
-117.1107771 52.73502255
-117.6345449 52.91783597
-117.8127371 53.03619924
-118.2250932 53.35929735
-118.4850383 53.48865537
-118.9804981 53.74757561
-119.5572469 54.0716099
-120.1464721 54.37442824
-120.5371444 54.61261954
-121.0366789 54.87272901
-121.3887869 55.0682284
-121.7219053 55.23165827
-121.9672938 55.47162039
-122.1446112 55.65726218
-122.3418272 55.94155143
-122.6406279 56.22628576
-122.8986985 56.45658984
-123.2228694 56.72015315
-123.6159262 56.94008262
