# Nubian Sandstone Aquifer System from http://www.whymap.org/
15.81647426 23.59714963
15.83317385 23.692
15.94696838 23.81056323
16.05819781 23.84613225
16.21377874 23.97655165
16.30406409 24.21367758
16.33703411 24.379666
16.44329778 24.67607328
16.50559413 24.88948689
16.64058647 25.1858947
16.79796046 25.32817026
16.91311345 25.44673349
17.07931261 25.45858965
17.21741855 25.45858965
17.31457663 25.47044582
17.51235306 25.57715288
17.66431205 25.57715288
17.7708356 25.48230251
17.88182692 25.49415867
17.8848395 25.56529619
17.79316801 25.68385942
17.78441481 25.80242265
17.83254223 25.95655437
17.88233799 26.14625512
18.00201375 26.34781256
18.04155199 26.60865135
18.24429227 26.79835209
18.42074364 27.0117657
18.67569795 27.40302388
18.77716954 28.031408
18.79881216 28.9561994
18.78784692 29.36336357
18.76687648 29.80157428
18.80706054 29.96712063
18.95512475 30.13915872
19.21833004 30.26694471
19.31611007 30.28639198
19.34499691 30.29416984
19.61777348 30.41722496
19.74610802 30.50388706
19.75916353 30.51332926
19.77083289 30.5244395
19.87138708 30.63166196
20.02222119 30.80360932
20.03249747 30.81583423
20.05471965 30.84638594
20.06055452 30.85527846
20.07779116 30.88669374
20.10888491 30.94333323
20.11916117 30.96305641
20.12583121 30.97916549
20.13499785 31.00777907
20.14888876 31.05500063
20.15194289 31.06694595
20.15499947 31.08666701
20.15555131 31.1500003
20.14829934 31.18687864
20.14332944 31.21028026
20.10555091 31.29749785
20.09221914 31.31944243
20.07527479 31.33888971
20.06721724 31.34638586
20.06194373 31.34889109
20.06067466 31.34928568
20.03055225 31.37778057
20.01971999 31.4013895
19.98277669 31.48249147
19.95166058 31.57332525
19.92083148 31.72721379
20.02232333 31.81684006
20.10005187 31.84865415
20.37878211 31.87516606
20.88522301 32.00242346
21.28671674 32.15089008
21.97735123 32.28344965
22.51627503 32.47963792
22.69955493 32.51682223
22.9761469 32.67196469
22.98944098 32.67443932
22.99777673 32.67360636
23.00388604 32.67166664
23.11250013 32.63250411
23.12222029 32.62666227
23.12471914 32.62221892
23.12472068 32.6161033
23.11999803 32.60555646
23.11444111 32.59583308
23.11110786 32.59138972
23.10666605 32.58833693
23.09888798 32.58082705
23.09748226 32.57749045
23.09666608 32.57555231
23.0813878 32.33888322
23.08138624 32.33277604
23.08388365 32.32833479
23.09194088 32.32111031
23.0980512 32.31916005
23.13083053 32.31027597
23.16555448 32.302218
23.17194407 32.30028039
23.20444098 32.27888918
23.20888419 32.27555046
23.21583128 32.26777683
23.22110594 32.25916812
23.24719618 32.21622849
23.27999835 32.20722519
23.45027697 32.18666061
23.49055445 32.18222148
23.56444117 32.1816623
23.63471886 32.18332612
23.64221861 32.18332612
23.71027591 32.17638756
23.72638621 32.17471952
23.73333146 32.17305517
23.79999792 32.15527382
23.94583185 32.11471915
23.9583319 32.11055327
23.98638329 32.09833047
23.99610926 32.09249866
23.99860393 32.08749771
23.99388735 32.08444333
23.98360864 32.07999786
23.9716645 32.07110956
23.96777622 32.06750128
23.98777593 32.04999583
23.99305296 32.04722262
24.06388544 32.01166837
24.08055331 32.00416852
24.0947191 32.0011115
24.11749589 32.00000264
24.54305088 31.9852762
24.56805456 31.9891683
24.60972124 31.99860997
24.61499627 32.00083613
24.64666004 32.02138383
24.65721783 32.02554971
24.66305425 32.02693816
24.72749738 32.02693816
24.73555375 32.02610889
24.74777618 32.02166395
24.77944225 32.00555486
24.78555116 32.00361304
24.84222047 31.99250068
24.91360972 31.9800041
24.97388927 31.97000061
24.99138802 31.96305572
25.00860944 31.94916647
25.02944077 31.93222072
25.03611058 31.92444287
25.03694091 31.91889065
25.03138731 31.90083605
25.02694358 31.88971947
25.02277729 31.86388912
25.02221962 31.85139043
25.02555446 31.84139116
25.06888562 31.7905571
25.08944301 31.76666804
25.11916087 31.7311101
25.12166551 31.72666674
25.14666133 31.68221997
25.15083342 31.67277566
25.15249284 31.66777682
25.152772 31.65583572
25.15166401 31.64694531
25.15166375 31.64416788
25.15277305 31.62611328
25.16916516 31.54611226
25.17083121 31.5411113
25.17416314 31.53722343
25.17860438 31.53388524
25.19083033 31.52944399
25.30860851 31.50194297
25.31666463 31.50111158
25.32388793 31.5008341
25.39694334 31.5013917
25.40360987 31.50194297
25.47527528 31.51722278
25.48694271 31.51999757
25.56166378 31.53972074
25.57277655 31.54305524
25.68444396 31.57750274
25.811106 31.61083557
25.84805149 31.61722287
25.88110635 31.61999977
25.94721754 31.61777624
25.98555333 31.61416796
26.00861078 31.61055598
26.0930527 31.59138988
26.1733289 31.56305431
26.30916748 31.52750164
26.35110823 31.51777826
26.37305328 31.51361239
26.50444412 31.49860847
26.64472404 31.48416953
26.7744393 31.46055691
26.89305337 31.43388884
27.06277399 31.39916808
27.15749654 31.37999829
27.17277576 31.37861353
27.24833129 31.37527745
27.27333105 31.37749887
27.28638695 31.37833394
27.3152796 31.37722139
27.3311099 31.37499944
27.34333064 31.37055398
27.34749919 31.3672237
27.35916516 31.32889044
27.36638943 31.30360713
27.3699979 31.28777605
27.37388763 31.27833385
27.38110641 31.2647205
27.39527416 31.24972449
27.41221944 31.23611061
27.43888802 31.22277895
27.45888552 31.21722304
27.57111016 31.18861104
27.64999852 31.17277785
27.65721991 31.17249826
27.66305558 31.17361292
27.78749638 31.20833421
27.79861019 31.2116666
27.8038886 31.21360842
27.81305283 31.21916697
27.84055313 31.24389057
27.84777368 31.24361309
27.86138327 31.2338913
27.86777486 31.22611134
27.88361075 31.18139078
27.8933282 31.13972091
27.89971899 31.11389056
27.9055501 31.10555511
27.91471884 31.09944371
27.92805311 31.0966647
28.187774 31.07277776
28.27305213 31.0688883
28.35666753 31.07361336
28.39721829 31.08305504
28.40972115 31.08472149
28.42972305 31.07888969
28.55999788 31.03222097
28.71833111 30.9880559
28.75527767 30.97499961
28.81222125 30.95194194
28.81554818 30.94805829
28.82027301 30.93888988
28.82055238 30.93333396
28.8244439 30.92361217
28.82666009 30.9191667
28.83666519 30.90721928
28.88721976 30.87749895
28.89750003 30.87194514
28.90944005 30.86722378
28.98138636 30.83916568
29.03500043 30.82416757
29.06943996 30.82166445
29.12138673 30.82138856
29.14777665 30.8238922
29.17999517 30.83027738
29.22499616 30.8422227
29.25249714 30.85027804
29.32888609 30.87389066
29.34555226 30.88000048
29.48332789 30.9377789
29.52499889 30.96138837
29.52667134 30.9624603
29.57527378 30.99361181
29.59805277 31.00860993
29.60055452 31.01111146
29.63471832 31.03444239
29.68833321 31.06805692
29.74527955 31.10360906
29.80388832 31.13555925
29.99944441 31.2736109
30.045828 31.30722122
30.06444132 31.32027751
30.09600933 31.27838238
30.14194056 31.22305485
30.1444419 31.2208329
30.21110759 31.21305716
30.21499611 31.21277968
30.28833262 31.23638861
30.28999778 31.23694199
30.29221977 31.23972311
30.29263262 31.24121601
30.30027767 31.26889007
30.30194243 31.33528142
30.35444127 31.44832989
30.3894302 31.44189037
30.38138464 31.44805821
30.36944019 31.46305633
30.34860939 31.49722213
30.34860987 31.49944776
30.35055407 31.50250056
30.35444122 31.50610832
30.35749615 31.50777688
30.36471747 31.50722509
30.37055339 31.50527746
30.38916133 31.49583315
30.3947224 31.49139032
30.40443943 31.47916278
30.41888871 31.47083365
30.4452746 31.46111028
30.47110705 31.45333243
30.4875007 31.45111259
30.49443978 31.45138638
30.50555228 31.45333243
30.57444275 31.4669442
30.59721925 31.47222422
30.6913858 31.49916606
30.72083064 31.50805436
30.73027401 31.51111138
30.77055163 31.52500063
30.80704599 31.53856388
30.84583149 31.54888705
30.9488858 31.57416613
30.96333634 31.57722104
30.70361015 31.46583323
30.57527494 31.42555603
30.57055076 31.42528013
30.56027544 31.42277702
30.55693933 31.42111056
30.55333659 31.4172248
30.54416647 31.39527599
30.5441661 31.39111064
30.54499616 31.38972008
30.59166336 31.37999829
30.59610555 31.38055588
30.74360705 31.40860976
30.90249832 31.4202776
30.96416214 31.44777651
31.0072213 31.48027797
31.09694286 31.49222328
31.0991636 31.48972175
31.10694008 31.48694274
31.11916065 31.49027724
31.12221732 31.49194739
31.13222028 31.50222255
31.13250016 31.5041686
31.11333197 31.54055582
31.1088873 31.54583056
31.09333018 31.5536063
31.0655511 31.56528153
31.03388475 31.57083163
30.97749744 31.58222358
30.97666584 31.58388792
30.97971988 31.58583397
31.00388808 31.59472227
31.01333197 31.59805518
31.02777406 31.60056041
31.0891615 31.60194464
31.10749647 31.60139126
31.13333094 31.59777718
31.18833218 31.58500259
31.22583169 31.57444625
31.26305297 31.56249882
31.27277724 31.55916802
31.3386079 31.53416483
31.349638 31.52956638
31.43360862 31.48472502
31.51277548 31.45083511
31.52472088 31.44722314
31.53360717 31.44555457
31.55693927 31.44222007
31.57109765 31.4419447
31.59027394 31.44250019
31.60666603 31.44416401
31.66694074 31.45583185
31.75555376 31.47916278
31.80916602 31.503611
31.83416145 31.51666729
31.84638487 31.52444304
31.87621437 31.53456733
31.90735146 31.538892
31.93156985 31.52375673
31.94497123 31.51294665
31.95333137 31.49777709
31.9613879 31.47972459
31.96499538 31.47166504
31.98499735 31.44583258
32.00916351 31.41638761
32.04138199 31.38222603
32.05277204 31.37416437
32.07082933 31.36639073
32.08662413 31.36075833
32.09915863 31.35611135
32.10777371 31.351946
32.20443728 31.29166393
32.2049943 31.28999747
32.20360576 31.28889072
32.20111048 31.28889072
32.19110705 31.29194141
32.1699973 31.29944178
32.16444423 31.30166742
32.11499886 31.32611143
32.1102748 31.32889044
32.08999592 31.34361265
32.07804179 31.35638935
32.07054841 31.35500249
32.06360566 31.35555639
31.99749718 31.39000389
31.99610794 31.39083474
31.96888683 31.43444644
31.9688873 31.43610868
31.98582833 31.4322208
31.98805154 31.43166532
31.9352737 31.51166845
31.93138599 31.51527673
31.92360818 31.52027769
31.91138843 31.52805501
31.90361167 31.53083403
31.8999983 31.53111414
31.8663873 31.51861123
31.8561098 31.51333491
31.85332977 31.5075031
31.76888695 31.29861251
31.76916581 31.28777605
31.7705538 31.2799982
31.77388884 31.27166486
31.77666316 31.26916966
31.7786104 31.26916966
31.79194208 31.27138738
31.79305256 31.27278216
31.79822589 31.28469688
31.83694106 31.24611199
31.92583064 31.18222216
31.92749556 31.18166457
31.92999608 31.18194205
31.9522195 31.19805693
31.95471876 31.20055636
31.96166633 31.21055615
32.0061045 31.21749841
32.01972401 31.21749841
32.02249976 31.21749841
32.03472066 31.21389012
32.03611139 31.21277968
32.04305343 31.19360777
32.0519421 31.12888023
32.07804729 31.08249744
32.14306548 31.07416674
32.14443707 31.07416674
32.14777407 31.07611437
32.14777328 31.08000013
32.14499769 31.08416601
32.14155399 31.08732326
32.13749581 31.09333442
32.18777607 31.12639136
32.19027799 31.12611336
32.20221717 31.12055533
32.23004096 31.10326723
32.25301186 31.10748111
32.26499883 31.11305549
32.27252719 31.11771038
32.28027338 31.12249927
32.28610826 31.12916615
32.28777341 31.13250065
32.28810677 31.16897438
32.29110483 31.16944335
32.2922206 31.17083022
32.29888027 31.2061128
32.29833346 31.21221997
32.27999449 31.26361374
32.27110975 31.26944555
32.26638904 31.27027641
32.2564193 31.26972303
32.24749641 31.27111148
32.213882 31.27750089
32.21277573 31.27861186
32.20999914 31.28694309
32.21054786 31.28805986
32.216383 31.28833365
32.22610434 31.28722057
32.25627946 31.28171688
32.2761088 31.27861186
32.3280492 31.27027641
32.33110851 31.26833247
32.40222138 31.21472362
32.4462156 31.17518548
32.39958772 31.10536098
32.35748134 30.99548401
32.33711706 30.80578326
32.34777894 30.50937545
32.45168129 30.3204987
32.50807488 30.13257361
32.45098446 30.03119245
32.42153323 29.91250262
32.45108445 29.858103
32.31956831 29.70726779
32.31642351 29.55643311
32.38686186 29.44268831
32.44156881 29.35931375
32.50809262 29.1814697
32.48655257 28.9561994
32.46863489 28.76649866
32.43885567 28.44637851
32.54978042 28.13811454
32.67488933 27.82985056
32.71906118 27.54529944
32.68753729 27.343742
32.83347963 27.10661607
32.95484116 26.90505863
33.12085702 26.73907074
33.22450618 26.49008812
33.31745169 26.27667452
33.39185487 26.00397956
33.52992795 25.66014709
33.66931852 25.32817026
33.7170672 25.0554753
33.91525004 24.73535516
34.00198332 24.5930796
34.1178938 24.47451637
34.12355371 24.35595314
33.95499494 24.30852795
33.80443598 24.11882721
33.79489437 23.97655165
33.65524266 23.73942519
33.57084995 23.50229926
33.36520787 23.30074234
33.21933567 23.17032295
33.20721423 22.98062168
33.19517111 22.79092093
33.30454136 22.56565116
33.44434615 22.38780658
33.51402867 22.18624967
33.50144797 21.98469223
33.34967069 21.7475663
33.14914055 21.38002044
32.88671766 21.34445195
32.43465395 21.34445195
32.17437496 21.34445195
31.7750842 21.54600886
31.56543303 21.71199728
31.43178314 21.77127863
31.31527472 21.65271592
31.01666468 21.46301465
30.77888999 21.13103835
30.52134243 20.92948091
30.33976496 20.60936077
30.29656505 20.31295348
30.28464174 20.08768371
30.34010143 19.85055725
30.39156148 19.54229328
30.45878793 19.26959832
30.46045715 19.04432855
30.62040282 18.97319104
30.927839 18.85462781
31.18254046 18.7716336
31.426092 18.73606458
31.59953311 18.66492706
31.70034856 18.51079481
31.69154071 18.34480639
31.65371911 18.14324948
31.64572427 17.98911723
31.47623131 17.87055453
30.97065174 17.83498551
30.67111361 17.83498551
30.33072925 17.83498551
29.9903449 17.83498551
29.62329804 17.84684167
29.19152664 17.92983588
28.82999082 18.06025527
28.40023011 18.19067467
28.11966409 18.3092379
27.81342577 18.46336962
27.65042246 18.47522579
27.46887401 18.38037542
27.28955748 18.33295023
27.2716362 18.23809986
27.06981586 17.98911723
26.83570621 17.92983588
26.64847759 17.69270995
26.59710639 17.44372732
26.60033829 17.19474522
26.58964461 16.93390643
26.59462027 16.72049283
26.65171056 16.44779788
26.67235718 16.28180946
26.40653261 16.08025255
26.04330245 15.80755707
25.83407405 15.65342534
25.62541675 15.51114978
25.50893876 15.28588001
25.41070231 15.19102964
25.20484011 15.1198916
24.96074945 15.1198916
24.71944438 15.20288581
24.46772677 15.38073039
24.45817648 15.49929362
24.4515081 15.70085053
24.45767667 15.87869511
24.54834133 16.1395339
24.39812863 16.49522306
24.30023935 16.79163087
24.1813867 16.88648125
24.03488899 16.96947546
23.94671287 17.1591762
24.05862344 17.24217041
24.0975158 17.55043439
23.96595483 17.66899709
23.81442097 17.6215719
23.53732798 17.49115251
23.42234071 17.32516462
23.10134291 17.09989432
22.88375019 17.09989432
22.56026125 17.18288853
22.31584873 17.19474522
22.01661446 17.19474522
21.65097076 17.24217041
21.27127944 17.2777389
20.76093071 17.47929634
20.27910282 17.72827897
19.94029785 17.77570415
19.69939838 17.90612355
19.46031981 18.0958243
19.25863292 18.1788185
19.24013844 18.02468625
18.97879784 17.94169204
18.58784232 18.07211144
18.23477112 18.10768046
17.92674274 18.28552504
17.7685109 18.46336962
17.41136265 18.83091495
17.35098398 19.09175374
17.45119002 19.24588599
17.69980192 19.34073637
17.93561494 19.45929907
18.00997449 19.64900034
18.23316603 19.7912759
18.4303727 19.96912048
18.56107403 20.20624642
18.56686207 20.384091
18.54610653 20.58564844
18.59380601 20.78720535
18.77928398 21.01247512
18.80020967 21.22588872
18.79379777 21.43930232
19.12677048 21.55786502
19.28465431 21.75942246
19.52241356 21.88984186
19.79079604 22.10325546
19.92132333 22.29295621
20.02542517 22.50636981
20.0751815 22.73163958
19.9871835 22.94505318
19.85656873 23.12289776
19.86385002 23.31259851
19.91244248 23.50229926
20.00472043 23.75128188
20.14656719 23.85798842
20.08906753 24.14253954
19.97078561 24.28481562
19.76367788 24.27295893
19.72703251 24.39152216
19.54930235 24.42709118
19.27232918 24.39152216
19.03266787 24.2492466
18.86068808 24.07140202
18.8225569 23.78685037
18.98240138 23.64457482
19.16126242 23.64457482
19.29660867 23.58529346
19.28858477 23.37187986
19.25621399 23.24146047
19.11174434 23.05175972
19.06488097 22.897628
18.92406585 22.80277709
18.67681509 22.80277709
18.48576345 22.83834612
18.29096329 22.7672086
18.23232268 22.66050153
18.0396626 22.64864537
17.97505341 22.7672086
17.84861804 22.68421439
17.72103676 22.56565116
17.58373695 22.56565116
17.43780553 22.71978341
17.16661573 22.82648995
17.01705256 22.87391514
16.99498184 23.03990355
16.91252791 23.03990355
16.74685658 23.0161907
16.59683137 23.05175972
16.53378536 23.2296043
16.26219776 23.33631084
16.18454665 23.49044309
15.99198588 23.49044309
15.85480849 23.50229926
15.81647426 23.59714963
24.8137395 24.69295467
24.53233543 24.38183572
24.52515146 24.23542646
24.49496625 24.05241475
24.34618543 24.05241475
24.19751946 23.83280112
24.05379643 23.71384383
24.04517975 23.53083212
23.98440545 23.36612191
23.91225336 23.18311073
23.89296096 22.76218444
23.97092416 22.37786006
24.0693328 21.97523526
24.23659028 21.45365263
24.47247697 21.28894241
24.77248991 21.14253315
25.02614097 21.14253315
25.26797189 21.11508119
25.4933408 20.95952145
25.64041355 20.94122049
25.72876197 20.79481123
25.8154203 20.61180005
25.87751432 20.58434808
26.04729031 20.60264904
26.10602175 20.73075734
26.20406137 20.79481123
26.46941295 20.8222632
26.67010513 20.8222632
26.70528733 20.89546756
26.7017369 21.04187682
26.63524041 21.19743656
26.64142466 21.32554433
26.63884136 21.49025455
26.49655206 21.60921237
26.4124704 21.83797648
26.44125319 21.99353622
26.5405848 22.07589159
26.68094516 22.130795
26.580975 22.24975229
26.46720511 22.3046557
26.4145778 22.52426932
26.34725597 22.6615281
26.18600456 22.61577518
26.15801834 22.4785164
25.95447573 22.43276347
25.79957483 22.51511884
25.70643751 22.56087177
25.58898965 22.54257028
25.45875502 22.4785164
25.30955298 22.46021544
25.30903636 22.67067858
25.42343886 22.84453928
25.60950522 22.96349657
25.68734707 23.03670147
25.69549954 23.20141169
25.55194148 23.30206802
25.29771198 23.3112185
25.07931902 23.40272435
25.04535228 23.57658505
25.08530084 23.74129527
25.29484415 23.89685501
25.41491738 24.17137257
25.27951537 24.43673912
25.19308127 24.6197503
25.0385901 24.72040663
24.8137395 24.69295467
19.95165992 31.57332473
19.98277669 31.48249147
19.96832926 31.51610178
19.96277535 31.53110412
19.95444184 31.56276839
19.95165992 31.57332473
20.03055225 31.37778057
20.06067403 31.34928568
20.04944192 31.35277685
20.0441678 31.35527627
20.04055257 31.35889036
20.03055225 31.37778057
19.92083148 31.72721379
19.95165992 31.57332473
19.924442 31.70499541
19.92083148 31.72721379
