# Ogaden-Juba Basin from http://www.whymap.org/
37.69912399 1.923624143
37.92473981 1.889227285
38.189528 1.882348336
38.54762092 1.854830956
38.81246346 1.854830956
39.03168215 1.985538908
39.08805829 2.185040047
39.21444032 2.357024333
39.42721506 2.577163903
39.50504464 2.570284954
39.58178432 2.467094382
39.69803848 2.412059621
39.79954142 2.432697524
39.93298657 2.522129142
40.12134144 2.639078668
40.26276447 2.735389763
40.24885699 2.866097715
40.20385825 2.996805667
40.23695506 3.134392568
40.33300248 3.306376855
40.44500475 3.492120095
40.52577374 3.664103854
40.56078094 3.884243951
40.61979678 4.125021424
40.64666813 4.303885188
40.61160212 4.496507377
40.50832084 4.771682235
40.47333386 4.950545471
40.46818008 5.081253423
40.5097825 5.218840852
40.72427092 5.418342519
40.54898558 5.624723135
40.28173448 5.90677747
40.10619814 6.092520182
40.14758612 6.202590231
40.28480292 6.408971374
40.37376168 6.546558276
40.46246845 6.670387279
40.52993075 6.883647371
40.52097822 7.158822229
40.46677743 7.489031848
40.53112224 7.860517273
40.53592172 8.039381037
40.61818566 8.190726892
40.65953951 8.27327956
40.80876805 8.300796941
40.94960919 8.307676418
41.06701047 8.314555367
41.21880658 8.431504893
41.56207654 8.679161843
41.79141156 8.768593988
41.92449647 8.775472938
42.24622544 8.816749272
42.38079693 8.871784033
42.61829936 8.968095127
42.69863412 9.036888842
42.85651758 9.085044653
43.07520597 9.078165176
43.17078715 9.133199937
43.46658452 9.332701603
43.53371291 9.470289032
43.64527992 9.53220327
43.83391164 9.55972065
44.09200314 9.55972065
44.31904706 9.566600127
44.61272752 9.690428602
44.78135254 9.814257605
44.94783522 9.876171842
45.12043407 9.889930269
45.29253952 9.889930269
45.51990584 9.903689223
45.70084152 9.931206603
45.95481949 10.0275177
46.0995269 10.12382879
46.29040248 10.19950198
46.59031548 10.26141622
46.81346641 10.35772732
47.11614488 10.48155579
47.40300237 10.59850532
47.92793397 10.78424803
48.33819121 10.85304174
48.59943016 10.91495598
48.89922619 10.96311179
49.12728376 10.9837497
49.48425907 11.08006079
49.80352407 11.20388927
50.10864144 11.35523565
50.33074313 11.41027041
50.59135599 11.45154674
50.84876475 11.5822547
51.05183042 11.7198416
51.22063887 11.8539062
51.26832786 11.84222412
51.27722123 11.83666821
51.27971627 11.8261124
51.27694065 11.80722272
51.24248947 11.67194586
51.23777697 11.6627785
51.23138134 11.65472422
51.19916409 11.61722287
51.16722039 11.57888855
51.12777564 11.5122234
51.12277396 11.50305499
51.10833373 11.44864113
51.07638474 11.32805694
51.07055082 11.2155571
51.07277666 11.1980564
51.07694166 11.1888901
51.07943665 11.18472264
51.08610514 11.17722331
51.08999813 11.17416788
51.10416336 11.16694551
51.11970351 11.16194086
51.12055589 11.16166708
51.15499344 11.15972314
51.16499464 11.15555568
51.16832482 11.15194529
51.16999847 11.14694644
51.17027088 11.14083504
51.16916517 11.13472365
51.1636074 11.11861298
51.15943549 11.10861212
51.13972093 11.07139089
51.13305077 11.05666762
51.12749525 11.04055748
51.1197225 11.01222348
51.11499887 10.98777947
51.11416644 10.97416665
51.11416534 10.96778041
51.12916573 10.74027762
51.13050647 10.73154916
51.14555303 10.63361275
51.10472276 10.5030562
51.10110339 10.49222449
51.09860722 10.48750207
51.09249372 10.47972422
51.0849975 10.47333376
51.07499757 10.4700019
51.04471879 10.46750037
51.03971862 10.46583391
51.03082763 10.46083612
51.02027243 10.45055621
51.01416111 10.44277941
51.04716114 10.44355698
51.04799505 10.43655617
51.04950217 10.433889
51.05433096 10.43188967
51.06149888 10.4317235
51.06482227 10.43238977
51.13483112 10.44672373
51.19249652 10.47666615
51.2608267 10.5002793
51.35388216 10.49083552
51.37415957 10.48861252
51.37943961 10.48666805
51.40999733 10.45500115
51.41263673 10.45151683
51.392494 10.3997232
51.38999887 10.39500025
51.37138576 10.37305725
51.36582949 10.37222323
51.27888605 10.38194502
51.27026941 10.38749987
51.26777916 10.39166839
51.26471349 10.41472184
51.26138291 10.4183354
51.25666461 10.42083377
51.24582841 10.4244468
51.22499512 10.42583472
51.21221606 10.42555566
51.14777226 10.41211216
51.12194548 10.41027901
51.09777193 10.40677781
51.08744019 10.40494519
51.0811085 10.40328084
51.06427172 10.39761098
51.04094431 10.38861296
51.03227593 10.38511123
51.02661138 10.38261339
50.96333672 10.3633344
50.95443903 10.35833397
50.91111255 10.33333553
50.8999949 10.32388964
50.89693871 10.31972481
50.89332529 10.30916584
50.89305131 10.29611271
50.89472231 10.15277788
50.89568705 10.12431201
50.89916236 10.02277998
50.81527869 9.633056898
50.80249644 9.574722985
50.80360669 9.563057257
50.80943887 9.536945736
50.81915808 9.50055641
50.82777354 9.481945264
50.83471897 9.475278381
50.83721892 9.471113029
50.8424949 9.456112805
50.84082802 9.443055461
50.83625194 9.43268956
50.81888649 9.401390868
50.76610428 9.313056505
50.75693952 9.302778173
50.75332552 9.299446842
50.74527607 9.293890402
50.7202794 9.285277999
50.71443792 9.284444507
50.699443 9.279446191
50.69582936 9.276111694
50.68332753 9.260557039
50.65694011 9.223890761
50.64971978 9.210001508
50.64416433 9.193889785
50.64304891 9.187778387
50.64221653 9.173889134
50.643049 9.168334804
50.64833389 9.153613641
50.65305099 9.131944423
50.65193858 9.118333704
50.64833091 9.100000038
50.64360528 9.08305746
50.63805504 9.073612092
50.62888195 9.061945837
50.55832549 8.993333592
50.55471767 8.990277629
50.54222072 8.982223878
50.51832814 8.972223552
50.50083143 8.962502288
50.49277302 8.956945849
50.48249622 8.946666989
50.47610855 8.938890189
50.42610914 8.862502199
50.4236058 8.85805673
50.32360918 8.624168757
50.3219394 8.618890324
50.32139041 8.611945961
50.32193712 8.599446214
50.32666045 8.571666653
50.32721423 8.559166378
50.32555401 8.546390206
50.32027498 8.530280593
50.31527772 8.52083417
50.30610592 8.50916686
50.28721688 8.486388781
50.28027488 8.479444418
50.25777394 8.467779745
50.2541647 8.464722728
50.24499548 8.453056473
50.19693811 8.383611262
50.18721293 8.3650017
50.18361018 8.354167882
50.17832535 8.338049828
50.16026918 8.321391059
50.15110796 8.309722694
50.14638478 8.300279965
50.14027801 8.285001733
50.13749503 8.273613485
50.12554828 8.215277989
50.11332611 8.191946006
50.10471882 8.179445732
50.07666009 8.145000342
50.06554899 8.135557612
50.057495 8.1300017
50.0288855 8.118057438
50.00721536 8.10583517
49.97805018 8.087223497
49.94082607 8.063056967
49.92221972 8.047224305
49.8441587 7.96611284
49.83193542 7.950280178
49.82666107 7.94194631
49.81693951 7.923335692
49.81082985 7.907777872
49.80639107 7.882779959
49.80542496 7.869819681
49.80540906 7.869608143
49.80444542 7.856668438
49.80305271 7.836113356
49.80527509 7.818890661
49.80693646 7.813890762
49.8102692 7.810277731
49.80193789 7.722224014
49.73249835 7.574445294
49.66444361 7.445001824
49.65222051 7.423056709
49.63610965 7.397501729
49.63141476 7.390452388
49.60416561 7.337779892
49.58999409 7.316946277
49.48554768 7.178335446
49.40444117 7.071112459
49.39110268 7.057223734
49.37888162 7.041390544
49.34277257 6.980835216
49.25054878 6.818612813
49.21944433 6.758334963
49.10083013 6.482779759
49.09666031 6.472779433
49.07721997 6.421113459
49.0738818 6.410556065
49.07221716 6.398890337
49.07166356 6.37916822
49.07610768 6.343612914
49.08276915 6.311113043
49.08332841 6.298612241
49.082497 6.28500205
49.07804861 6.260557513
49.06777232 6.220834745
49.0597167 6.193057822
49.05444181 6.178335604
49.05027848 6.168335278
49.04083169 6.149724133
48.85333181 5.820001422
48.82082922 5.768056385
48.6683267 5.528613027
48.5913809 5.418057654
48.51721578 5.320000973
48.37082858 5.135835038
48.32860902 5.088612949
48.31582593 5.073612725
48.304441 5.057223522
48.20166039 4.903057509
48.19138725 4.885279856
48.16416195 4.83555729
48.15222426 4.812501204
48.12693748 4.76278022
48.11054953 4.730279295
48.0530544 4.618890429
48.00555583 4.530279115
48.00000143 4.521668295
47.99110592 4.510000458
47.95443878 4.463890923
47.94777669 4.456666971
47.92435269 4.433848799
47.87194134 4.373890631
47.71416076 4.194445533
47.70082669 4.180278801
47.65694736 4.134723697
47.60027004 4.083612681
47.59360686 4.076390311
47.57249503 4.049167291
47.54694159 4.012501014
47.51138403 3.957223591
47.45304583 3.883611974
47.44305401 3.873334169
47.3777766 3.815279318
47.22972021 3.682501351
47.21944494 3.672224601
47.20971451 3.661112777
47.18471465 3.631112328
47.10904824 3.540025331
47.08944134 3.519723462
47.04583109 3.474446892
47.01693626 3.442779986
46.87693917 3.288334383
46.76388538 3.160001357
46.54860498 2.954168314
46.48499244 2.895279442
46.35805623 2.791112418
46.23777953 2.662501913
46.17527937 2.587779325
46.17396506 2.586329154
46.11054969 2.516112699
46.04332955 2.4533349
46.02555262 2.437224759
46.01471747 2.427779392
46.00332892 2.418890566
45.92666741 2.367501543
45.89416272 2.346112441
45.78777438 2.286112598
45.68777392 2.230835703
45.58582371 2.171940501
45.58221827 2.16861339
45.5516686 2.145279297
45.53472256 2.135279499
45.36777311 2.038612324
45.32552337 2.016496818
45.32398823 2.015693394
45.24944427 1.976668545
45.23416138 1.971946652
45.19832618 1.954168472
45.1330464 1.919168651
45.12472135 1.91417139
45.08888286 1.90389042
45.07416181 1.89861357
45.05971538 1.892501644
45.03777421 1.880835389
45.00416936 1.860835266
44.93277837 1.813891184
44.84805191 1.757224255
44.60472267 1.593057388
44.54888218 1.554724126
44.54110971 1.549168741
44.34360705 1.395279679
44.17416635 1.246668523
44.14499589 1.219724564
44.10860627 1.174168405
44.06721268 1.133612673
43.94943986 1.022224334
43.94221246 1.015835457
43.88304922 0.981668602
43.86054877 0.970557305
43.83972118 0.958057557
43.79193781 0.92527968
43.78832905 0.922224772
43.65638721 0.804168495
43.64555389 0.794446704
43.48861176 0.650000371
43.46638809 0.624724453
43.34166225 0.484724644
43.33040795 0.473110614
43.28833317 0.43583557
43.27304808 0.416946418
43.26166212 0.401390708
43.24776796 0.381109413
43.22721871 0.361113509
43.13527658 0.269446761
43.00305495 0.124446525
42.89027649 -0.00194151
42.80944139 -0.091663268
42.77916265 -0.122497737
42.71749741 -0.178052639
42.64221853 -0.241108444
42.57443919 -0.30333023
42.56333281 -0.313608562
42.40361345 -0.504163374
42.39138434 -0.519163598
42.30166849 -0.633608427
42.21721529 -0.748885693
42.21110952 -0.756386069
42.1769413 -0.798052245
42.15916249 -0.814719454
42.06666654 -0.896108399
41.97276448 -1.020274491
41.91721843 -1.127774429
41.79249274 -1.337497455
41.69249474 -1.496941374
41.6472192 -1.566941542
41.64443666 -1.57083047
41.5902698 -1.639441133
41.57166582 -1.661941733
41.55816009 -1.674865612
41.54499645 -1.682497342
41.53139027 -1.69638554
41.47833552 -1.752774462
41.45499584 -1.783608403
41.43777553 -1.807497454
41.43416988 -1.828052536
41.41444386 -1.8524976
41.3152766 -1.958052547
41.28027515 -1.970274288
41.2008286 -1.972774237
41.10555217 -1.981941598
40.89166516 -2.019163361
40.91055421 -2.122774372
40.94500174 -2.212497185
40.96665707 -2.227774361
40.974159 -2.233886814
40.98305831 -2.252497431
40.98111099 -2.261941216
40.96361007 -2.298886555
40.95749682 -2.306386404
40.94916274 -2.313330239
40.92944633 -2.320552608
40.91833023 -2.320552608
40.90943927 -2.316386202
40.90749304 -2.307497375
40.91444502 -2.300830492
40.92388036 -2.295830593
40.92749494 -2.280830368
40.89471916 -2.225830424
40.88527596 -2.225830424
40.8549925 -2.236108229
40.83915917 -2.248330497
40.78750015 -2.293886656
40.78416141 -2.30694189
40.78333311 -2.325274501
40.78526736 -2.335553888
40.80639101 -2.355553484
40.81527662 -2.359164405
40.82221673 -2.36610824
40.82555372 -2.37777555
40.82277495 -2.388608313
40.81720824 -2.396664175
40.81026816 -2.404164023
40.63805302 -2.549997223
40.62916589 -2.554719643
40.6166591 -2.55666358
40.59194507 -2.553886679
40.57222315 -2.546941261
40.55527555 -2.536386505
40.53805222 -2.527497151
40.52776693 -2.525275208
40.48583179 -2.535274478
40.42194068 -2.55416363
40.38221796 -2.568886375
40.33861092 -2.593886398
40.31194406 -2.60971906
40.27805184 -2.629998245
40.25564249 -2.648044409
40.23666292 -2.663330553
40.22555768 -2.678886263
40.18944042 -2.743052513
40.17277681 -2.773886454
40.16999602 -2.786108722
40.164443 -2.893608133
40.16554975 -2.923052569
40.16693579 -2.942497206
40.17749495 -2.983052939
40.1577743 -3.080830558
40.11916604 -3.181386134
40.11860601 -3.193052389
40.12055367 -3.20527413
40.12944185 -3.216386481
40.13416197 -3.226108273
40.12832899 -3.258330665
40.12471197 -3.268607942
40.12055417 -3.277497296
40.11499905 -3.28555263
40.1005564 -3.298608391
40.06277392 -3.3152756
40.02527592 -3.340552574
39.97415898 -3.375830401
39.93499689 -3.466941664
39.87138082 -3.619997761
39.8705521 -3.641941293
39.87221243 -3.674163685
39.86749021 -3.695553314
39.83639109 -3.798886318
39.82916156 -3.818886442
39.80555135 -3.875552843
39.78388219 -3.921386481
39.77943875 -3.930274252
39.72110883 -4.01694163
39.69888543 -4.049719507
39.69193923 -4.056664398
39.68277615 -4.053886441
39.67165988 -4.092220231
39.61146418 -4.226358162
39.52554799 -4.417775481
39.40970908 -4.625097732
39.40666102 -4.630553414
39.39832801 -4.63721977
39.32582499 -4.639997727
39.30971377 -4.60694237
39.30082774 -4.597219524
39.255828 -4.611942269
39.20302793 -4.669615191
39.21443989 -4.687219288
39.21860618 -4.695552101
39.22083284 -4.747774616
39.2205506 -4.848608198
39.19954938 -4.891090986
38.9687441 -4.610053723
38.76250364 -4.229968556
38.65333267 -4.013268461
38.55694632 -3.848163651
38.49220278 -3.703697273
38.47325874 -3.490436652
38.54033577 -3.284056036
38.54581238 -3.118951227
38.55840596 -2.89193218
38.48560208 -2.671792083
38.35790427 -2.396617752
38.27742233 -2.135201848
38.39977493 -1.873785944
38.39090246 -1.736198515
38.22609422 -1.564214229
38.17829855 -1.399109419
38.13815993 -1.185849326
38.13725051 -0.993227137
38.13638515 -0.766207562
38.13600727 -0.642379087
38.16661534 -0.401601614
38.22873672 -0.277772611
38.25197553 -0.14018571
38.34539065 -0.030115661
38.4466512 0.093712814
38.62598075 0.320731861
38.69652283 0.554630384
38.70470929 0.69909729
38.63531533 0.898598957
38.3637934 1.13937643
37.78181127 1.51774186
37.72103554 1.73788143
37.69912399 1.923624143
45.86939971 4.379238698
45.74214641 4.351307209
45.70738401 4.211651347
45.76592001 3.988202602
45.76168658 3.778719073
45.75846478 3.61113225
45.78603758 3.387682977
45.99320552 3.471476389
46.13713792 3.5552698
46.39080695 3.583200761
46.55172291 3.722856623
46.84021603 3.90440919
47.17702088 4.113892719
47.32291373 4.267513797
47.2631951 4.421135403
47.22011162 4.602687443
47.09591428 4.700446599
46.84124472 4.644584149
46.58694634 4.602687443
46.33067291 4.476997326
46.12263703 4.379238698
45.86939971 4.379238698
