# Ogallala Aquifer (High Plains) from http://www.whymap.org/
-104.3519103 34.45864784
-104.284751 34.59218169
-104.0193819 34.66408453
-103.7785999 34.73598737
-103.4521603 34.83870572
-103.2642521 34.89006489
-102.9146926 34.87979305
-102.609603 34.82843388
-102.2397983 34.82843388
-101.8785298 34.84897755
-101.7378402 35.04421435
-101.7612883 35.21913252
-101.898891 35.31174427
-102.1706184 35.31174427
-102.5927631 35.40436155
-102.8653964 35.43523522
-103.1372626 35.43523522
-103.356165 35.455818
-103.5720271 35.64107537
-103.5525393 35.79547347
-103.4895993 35.99106652
-103.5988426 36.23816679
-103.7159783 36.36173173
-103.79 36.52650035
-103.8520663 36.60889125
-103.9206188 36.73248582
-103.9037939 36.80458722
-103.7297734 36.80458722
-103.5400847 36.74278582
-103.3164047 36.74278582
-103.0849547 36.75308588
-103.0462196 36.88699294
-103.0558377 36.99000627
-103.0763735 37.06211969
-103.125458 37.19605353
-103.2170693 37.34030296
-103.1182819 37.42273725
-102.9937036 37.55670236
-102.8539981 37.71129192
-102.7824869 37.82466742
-102.6090605 37.90712757
-102.5371951 38.07206106
-102.4156471 38.23701217
-102.499674 38.41229203
-102.5893754 38.59790416
-102.6897869 38.75259798
-102.868197 38.83510769
-103.0468664 38.91762181
-103.3085687 38.98982529
-103.6177062 39.20645598
-103.737706 39.31994133
-103.7899182 39.42311708
-103.8865505 39.58821263
-103.8187018 39.70172607
-103.7291297 39.8462098
-103.5514181 40.06311615
-103.4724754 40.24940824
-103.2802651 40.43575676
-103.2687974 40.58073354
-103.3297158 40.69466785
-103.5125593 40.70502656
-103.7784927 40.70502656
-104.1204071 40.70502656
-104.4116676 40.70502656
-104.7227147 40.78790254
-104.9581235 40.87078969
-105.1243074 41.05732666
-105.2570095 41.2957619
-105.314902 41.53428973
-105.3036244 41.78328718
-105.3993529 42.10505849
-105.3419537 42.29197092
-105.2889671 42.57244645
-105.2075044 42.75950145
-105.0832498 42.87384096
-104.935206 42.90502817
-104.9454966 42.95071346
-104.7254094 42.93560599
-104.3401419 42.94521528
-104.0254298 42.97404405
-103.8008046 42.95482472
-103.6535168 42.92599685
-103.1509571 42.89717033
-102.8854516 43.05092743
-102.7256755 43.2431781
-102.5596555 43.46434103
-102.5147728 43.60862079
-102.2617432 43.76255671
-101.8742444 43.791424
-101.4032768 43.82029266
-100.9913124 43.64710114
-100.3200472 43.45472359
-99.60157166 43.1758835
-99.1077896 42.97404405
-98.95085371 42.9394402
-98.95500521 42.93621696
-98.89097771 42.82186581
-98.6860247 42.82186581
-98.29407103 42.73871474
-97.81164801 42.67635885
-97.51300556 42.64518328
-97.10995888 42.46855166
-96.86783012 42.37506141
-96.69332083 42.24004509
-96.50638264 41.95972152
-96.3612401 41.73140439
-96.41641856 41.61727766
-96.56419349 41.53428973
-96.70461983 41.4616845
-96.83232729 41.38908784
-97.00885664 41.33723834
-96.99964816 41.17134936
-97.02176426 40.89151322
-96.93796893 40.72574451
-96.86979382 40.53930812
-96.8659993 40.40469476
-96.8598588 40.2390572
-97.06656256 40.14590567
-97.34166866 40.1148583
-97.65428617 40.03207295
-97.88630036 39.99070706
-98.15126408 39.99070706
-98.32036539 40.00103132
-98.54748888 40.00103132
-98.72414047 40.00103132
-99.0041379 39.98038538
-99.20810584 39.90813554
-99.48231793 39.77396624
-99.60060496 39.73268573
-99.51715851 39.63980861
-99.49188246 39.58821263
-99.43145594 39.46438931
-99.5271745 39.40248138
-99.48955481 39.35089333
-99.2560516 39.2580392
-99.13867453 39.14455839
-99.14011094 38.98982529
-99.34208109 38.8866785
-99.68362825 38.86604997
-100.0193529 38.93825103
-100.3480614 38.96919538
-100.5814216 39.01045547
-100.7898898 39.00014034
-100.9907893 39.00014034
-101.0211246 38.90730731
-100.9261299 38.81447985
-100.7683138 38.77322499
-100.2071086 38.70103165
-100.2040339 38.53603097
-100.0790853 38.35042628
-99.95483181 38.29887338
-99.66890017 38.32980491
-99.30867855 38.44322583
-98.97624128 38.53603097
-98.68225004 38.57727949
-98.38817256 38.6185291
-98.02470449 38.6185291
-97.80508449 38.57727949
-97.56325013 38.4329145
-97.39876171 38.23701217
-97.32128622 38.01020894
-97.3729639 37.76282521
-97.53438886 37.53609159
-97.83124669 37.47426092
-98.13712363 37.43304185
-98.43045228 37.39182388
-98.71787681 37.30939124
-99.09948982 37.29908746
-99.34077407 37.30939124
-99.72157484 37.18575052
-99.96925354 37.15484188
-100.121224 37.02091161
-100.2738075 37.00030798
-100.2530027 36.89729397
-100.0369008 36.77368621
-99.88579582 36.59859214
-99.59631909 36.47500827
-99.41381541 36.31024514
-99.36108171 36.18668431
-99.32037642 36.03224715
-99.4181651 35.97047661
-99.5487759 35.89841409
-99.62183 35.8366489
-99.74873115 35.78517978
-99.70458033 35.62049012
-99.75259881 35.5278599
-99.93803348 35.5278599
-100.0402476 35.47640106
-100.2327721 35.40436155
-100.29282 35.28087307
-100.3238193 35.11623709
-100.371267 34.93115223
-100.4358769 34.81816205
-100.5664492 34.7154437
-100.7221818 34.67435636
-100.8365435 34.59218169
-100.8727764 34.46891967
-100.8928214 34.33538583
-100.85169 34.20185198
-100.810846 34.09913363
-100.684225 33.99641529
-100.7137353 33.8526096
-100.8089434 33.71907576
-100.9938969 33.62662925
-101.1626382 33.5239109
-101.2946628 33.42119256
-101.3812736 33.35956155
-101.2772483 33.21575587
-101.1358055 33.13358119
-101.2561335 33.03086284
-101.4119941 32.98977551
-101.4880118 32.86651349
-101.6110193 32.83569799
-101.6169794 32.75352331
-101.535289 32.5994458
-101.3921325 32.47618378
-101.3023071 32.22965975
-101.2590039 32.07558224
-101.4125211 31.99340756
-101.6294553 31.84960188
-101.8220384 31.80851454
-102.0938107 31.81878637
-102.375503 31.89068922
-102.6892497 31.98313573
-102.8373007 32.05503857
-103.1103901 32.16802875
-103.1688254 32.26047526
-103.3658949 32.52754295
-103.4489614 32.65080497
-103.5896191 32.76379515
-103.6651038 32.897329
-103.7363881 33.08222202
-103.7384307 33.36983338
-103.7501915 33.64717291
-103.8160526 33.81152227
-103.9112462 33.98614345
-104.0556365 34.09913363
-104.2584893 34.26348298
-104.3519103 34.45864784
