# Paris Basin from http://www.whymap.org/
-1.209905392 49.44448543
-1.165277397 49.40666495
-1.113888345 49.36527514
-1.105278268 49.37360272
-1.091666079 49.38305351
-1.084721923 49.38777492
-1.072776986 49.39361129
-1.067776569 49.3947262
-0.976944385 49.39666154
-0.927776591 49.3947262
-0.921388254 49.39388458
-0.909165503 49.38360878
-0.901944583 49.3791694
-0.887776943 49.37444375
-0.868055514 49.36861202
-0.851388172 49.36499752
-0.827222081 49.36166068
-0.725555484 49.35166771
-0.704889417 49.35034159
-0.697711368 49.34987276
-0.621943703 49.34499482
-0.58055521 49.34527623
-0.503055409 49.34610959
-0.424166263 49.3419401
-0.410832983 49.3408335
-0.382221478 49.33110998
-0.36972157 49.32555217
-0.359999806 49.32222002
-0.301110498 49.30416315
-0.287500309 49.29999793
-0.228334032 49.28360802
-0.104165866 49.29916522
-0.093332734 49.30111311
-0.073332778 49.30555537
-0.039443264 49.31471872
3.60E-07 49.32877244
0.062222276 49.35194912
0.079166637 49.35889213
0.085554665 49.36416467
0.098610297 49.37888742
0.11361155 49.39139344
0.131943927 49.40249859
0.149165297 49.40943819
0.169443781 49.41416374
0.235277034 49.42722245
0.270277782 49.43027786
0.295240184 49.43145537
0.368611664 49.43944371
0.38472163 49.44221719
0.4247226 49.45166155
0.451387752 49.4611105
0.463332672 49.46694366
0.474165049 49.4736149
0.494444497 49.48805608
0.491666112 49.48805608
0.48333287 49.48444804
0.441387504 49.47166612
0.38805475 49.4577728
0.371666085 49.45555022
0.353610672 49.4541656
0.322498415 49.45304617
0.309165659 49.45333635
0.256110991 49.45722558
0.160833712 49.46888807
0.119166514 49.48472249
0.107221829 49.49082992
0.078055826 49.51166976
0.073887896 49.51777817
0.074166002 49.52666406
0.077221323 49.53416144
0.16972257 49.68889004
0.184443228 49.7027794
0.187498718 49.70527696
0.208887481 49.7180467
0.213333899 49.71972268
0.266943698 49.73360122
0.311111556 49.74499438
0.42694338 49.78860485
0.563332355 49.84472353
0.585833299 49.85277941
0.640276845 49.86610633
0.683333034 49.87360232
0.694722296 49.87499284
0.713333306 49.87555264
1.068610475 49.92611435
1.073610828 49.92721887
1.201944213 49.96972462
1.219998792 49.9761055
1.232497951 49.98166477
1.372429375 50.06578638
1.393888111 50.07471579
1.409444056 50.08305453
1.43555519 50.09833175
1.441944455 50.10333259
1.461111313 50.12415913
1.516666265 50.20833083
1.548054684 50.2666659
1.53583365 50.28110817
1.534165213 50.28860705
1.534722667 50.29222701
1.549442603 50.35249658
1.552777616 50.35999323
1.555277186 50.36305538
1.559998518 50.3647199
1.585276851 50.37028112
1.598332759 50.37055672
1.603850275 50.3687921
1.562776703 50.39611154
1.560277098 50.39916593
1.558055424 50.40610887
1.577221679 50.52805774
1.564166205 50.68471888
1.564444155 50.70582734
1.598095916 50.80761545
1.715856352 50.71781218
2.02234856 50.60456155
2.209425405 50.61327131
2.407675103 50.63069174
2.573949309 50.70038565
2.728694414 50.73523993
2.937451356 50.71781218
3.157159736 50.70038565
3.386108415 50.61327131
3.528626061 50.5958521
3.537179675 50.50006821
3.534528511 50.39561869
3.630376534 50.23474782
3.779828105 50.13933503
3.87298198 50.07407362
4.010037863 49.99879721
4.135230052 49.95378868
4.242549738 49.94878807
4.394259907 49.94878807
4.596540133 49.94878807
4.798327261 49.93378662
5.167884121 49.83879137
5.300349664 49.83379229
5.577124047 49.80379918
5.760062347 49.79880056
5.879642051 49.78880352
6.084077791 49.69384491
6.369374669 49.57892709
6.44785083 49.49900497
6.550338032 49.39413295
6.680109314 49.33921165
6.835877732 49.30426591
6.993218795 49.30426591
7.085242836 49.25434905
7.138753554 49.18946702
7.134932135 49.10962757
7.129933237 49.00486398
7.124243358 48.88516983
7.119284883 48.78046863
7.095309164 48.67081286
7.043784325 48.50638898
6.944869641 48.39681288
6.819770423 48.2573984
6.713652432 48.11803541
6.597673186 47.88919355
6.504937766 47.75990945
6.373802412 47.60085126
6.258582149 47.52134726
6.187398914 47.45179497
6.007664572 47.46669795
5.796617958 47.4766336
5.542542 47.50147387
5.343858757 47.51141043
5.070506776 47.52134726
4.828839699 47.5511593
4.642195278 47.5511593
4.468421748 47.5660662
4.132429614 47.5660662
4.013057491 47.52134726
3.91290915 47.49650568
3.84266178 47.42199076
3.77236492 47.34252434
3.751941867 47.26803974
3.723806543 47.12904103
3.739596071 47.0099399
3.756310545 46.93055995
3.81410617 46.75697431
3.830172883 46.65286108
3.833267195 46.52399861
3.830307927 46.40013368
3.789401468 46.2366939
3.719706067 46.1574757
3.650416832 46.0931231
3.532965316 46.07827405
3.421907838 46.07332449
3.318643307 46.14757459
3.240859785 46.26640498
3.224328828 46.36545875
3.122340207 46.51904324
3.056907997 46.65286108
2.947850948 46.77680864
2.856592145 46.866076
2.733901634 46.93552071
2.610122608 46.94544243
2.473777181 46.94544243
2.225806645 46.94048154
2.064417463 46.92063863
1.902949719 46.89087622
1.735185904 46.84623699
1.586340263 46.82639902
1.443543805 46.7867262
1.275900852 46.72722475
1.163919395 46.64790402
1.027223379 46.55373222
0.841156432 46.43976606
0.735723973 46.35059904
0.605818043 46.28621367
0.488550222 46.28621367
0.414486334 46.28621367
0.229453665 46.37536555
0.093620621 46.41994935
-0.023748396 46.44472039
-0.110299428 46.52895405
-0.184647098 46.67764735
-0.246817888 46.87103591
-0.321414952 47.0000165
-0.383664796 47.10422521
-0.495817301 47.25810957
-0.552178184 47.39218889
-0.533855315 47.48656951
-0.472057862 47.61576012
-0.360220711 47.70025478
-0.204672325 47.80465663
-0.09256812 47.91406095
-0.017749593 48.03842251
0.113368905 48.11305911
0.207118595 48.1777561
0.226028227 48.29224719
0.194930119 48.41673344
0.138743775 48.55122475
0.013518203 48.74059011
-0.099400583 48.83032272
-0.281553241 48.94501215
-0.445016665 49.01982842
-0.589710873 49.07470313
-0.709414104 49.13956538
-0.92390411 49.25934044
-1.075230929 49.30426591
-1.188996487 49.36417488
-1.209905392 49.44448543
