# Pechora Basin from http://www.whymap.org/
49.46603559 67.93324381
49.59443789 67.96499434
49.65082499 67.97943461
49.7194385 67.99887192
49.74554044 68.00749698
49.7838815 68.02137589
49.83443705 68.04027033
49.88387994 68.06025652
49.92388091 68.07304024
49.96526476 68.08472203
49.99582503 68.08998106
50.01416244 68.09054734
50.01832695 68.08415145
50.0102746 68.07581808
49.9994354 68.06972533
49.97609362 68.05859214
49.96360878 68.0535893
49.9222204 68.04193009
49.90693742 68.03942625
49.87804486 68.03277023
49.86415616 68.02887148
49.853321 68.02277216
49.84832821 68.01499962
49.88165998 68.01805395
49.8969413 68.02082974
49.96609972 68.03997806
50.00305561 68.05498043
50.02638207 68.06609408
50.03721764 68.07222
50.04666241 68.07943978
50.05470939 68.08804235
50.05971606 68.09582582
50.11388392 68.12831547
50.21499757 68.16720572
50.24137471 68.1758111
50.26915803 68.18359547
50.35860173 68.20193222
50.40026641 68.21331694
50.50916426 68.24609346
50.5366576 68.25582908
50.58832477 68.27443848
50.62609791 68.28916199
50.64999357 68.30026312
50.67360573 68.31136975
50.68498873 68.31749069
50.74221936 68.35443207
50.76166449 68.36859958
50.77582575 68.37248175
50.79415682 68.36998495
50.80749541 68.36526547
50.84832862 68.3447109
50.86166468 68.33998326
50.88165839 68.33915538
50.93748949 68.34109373
51.05915682 68.34887603
51.07610664 68.35054064
51.37548663 68.39660984
51.50582872 68.41665734
51.55360498 68.42526385
51.56776935 68.42886033
51.57916249 68.43498314
51.58471804 68.44274879
51.56832783 68.44693703
51.54721749 68.44886806
51.53388374 68.45360554
51.53610862 68.46110704
51.54471355 68.46914451
51.55498888 68.47638713
51.56776968 68.48136723
51.58193708 68.48499355
51.61610524 68.48776302
51.63471822 68.48803792
51.67443925 68.48637611
51.72998802 68.48720453
51.78138099 68.49136164
51.81276944 68.4966453
52.04582917 68.53692248
52.07471311 68.54443488
52.10054766 68.55415585
52.14110939 68.5674926
52.18443351 68.57832867
52.2002696 68.58110059
52.21526737 68.57777404
52.20998978 68.56330889
52.20110003 68.55497549
52.17804465 68.53359733
52.17860273 68.50471837
52.31110322 68.49414058
52.3305526 68.49053753
52.34693754 68.48610121
52.3536089 68.48054382
52.35749773 68.47415281
52.28889007 68.41499231
52.27721528 68.40914908
52.26444152 68.40415813
52.25000082 68.40054451
52.19887461 68.39637672
52.1802739 68.39637672
52.16332424 68.39499101
52.14777267 68.39248871
52.13749543 68.38527044
52.13805084 68.37831799
52.14166488 68.37220777
52.23582532 68.31164357
52.24887811 68.30693166
52.26860003 68.30582589
52.41582381 68.33915538
52.42999173 68.34275822
52.45721807 68.35138721
52.47026818 68.35609677
52.51693213 68.37997315
52.5516566 68.39804208
52.56471362 68.40277232
52.5791625 68.40637734
52.59499385 68.40887501
52.61332253 68.40914908
52.63304912 68.40804224
52.6647112 68.41303833
52.69082605 68.42277014
52.70249601 68.42858559
52.7127651 68.4358062
52.72776906 68.45166512
52.73305234 68.46638484
52.73220256 68.4799804
52.72860294 68.48610121
52.71860086 68.49165455
52.70554757 68.49637099
52.67304839 68.50498835
52.63109888 68.51193489
52.61471377 68.51638657
52.57526594 68.53083163
52.55554987 68.54110018
52.48804436 68.58554091
52.50027686 68.61359833
52.51471982 68.6172056
52.53193773 68.61832396
52.55054732 68.61859921
52.57054428 68.61775049
52.58776533 68.61886451
52.60361092 68.62136784
52.61804614 68.62498407
52.63109905 68.62997617
52.64166067 68.63693157
52.64749566 68.64471213
52.65027171 68.6522086
52.63026562 68.65304268
52.58432288 68.64221321
52.54366246 68.63837267
52.5238295 68.63603983
52.50649462 68.63171669
52.50015603 68.62737881
52.49482505 68.62237751
52.45221624 68.60304253
52.44331653 68.59499049
52.41693939 68.58527569
52.39971897 68.58387756
52.36138394 68.584726
52.32332567 68.58831799
52.30054281 68.59136908
52.28110641 68.59527002
52.27416101 68.60109003
52.27665968 68.60833241
52.28833285 68.61415314
52.30138306 68.61913976
52.3566549 68.63610632
52.38416751 68.64444179
52.39999198 68.64722477
52.51499488 68.67716299
52.58398916 68.69548132
52.7141564 68.7319341
52.90415396 68.77916109
52.96027563 68.78916017
53.0188827 68.80359043
53.11777095 68.8322141
53.17110351 68.8513864
53.19915313 68.85971964
53.28638047 68.88247535
53.34665766 68.89554045
53.37748669 68.90165745
53.439428 68.91361213
53.47027033 68.91943546
53.67027483 68.95139099
53.76749503 68.96581925
53.78361031 68.9680547
53.83472188 68.97276325
53.85222139 68.97415223
54.00889008 68.98610084
54.09665848 68.99219943
54.41832484 69.0088796
54.47610283 69.00749951
54.5166586 69.00526322
54.53805187 69.00277505
54.55749306 68.99887392
54.56081845 68.99248001
54.53721926 68.97970335
54.52499367 68.97387668
54.33832266 68.95526168
54.19915781 68.94470019
53.97276111 68.92804081
53.88387675 68.92303392
53.865274 68.92303392
53.8247147 68.92526347
53.80193373 68.92859168
53.76444269 68.92859168
53.74693339 68.92719832
53.61360627 68.91164887
53.5988754 68.90804582
53.59136949 68.90138146
53.60749828 68.88081227
53.68581897 68.85832782
53.70721402 68.85609471
53.72609812 68.85636995
53.72915807 68.86360191
53.72248627 68.86942682
53.6941475 68.87942453
53.68749092 68.88526963
53.69777061 68.88943315
53.7163785 68.88943315
53.73665636 68.88832124
53.79833371 68.88388244
53.88137336 68.87720529
53.94443582 68.87136562
53.98970811 68.86469923
54.00609577 68.86026642
54.01915794 68.85525403
54.02582635 68.8427593
54.01499504 68.83581456
53.98915063 68.82527005
53.97555192 68.82054881
53.93137918 68.80970644
53.84054393 68.74054277
53.84721746 68.72804301
53.83804103 68.70637348
53.83166318 68.69859396
53.81276977 68.68220482
53.7886051 68.67025715
53.77387694 68.6669284
53.74193517 68.66192461
53.72721348 68.65832575
53.71971578 68.65193327
53.71998284 68.63832047
53.72693544 68.62580924
53.7466516 68.60833241
53.81166215 68.56360696
53.8408259 68.54749525
53.85387669 68.54275355
53.87331693 68.5319348
53.88942925 68.52082851
53.90582716 68.502777
53.92222011 68.47109953
53.94582302 68.40664707
53.94582613 68.39999578
53.9397149 68.39220971
53.81165811 68.34414821
53.79582957 68.34193589
53.78305507 68.34664936
53.72526374 68.3788666
53.68665174 68.39332631
53.67055294 68.39777237
53.63220492 68.40555389
53.61110277 68.40804224
53.59275899 68.40776816
53.57804754 68.40415813
53.5752694 68.39694899
53.58499856 68.39166103
53.6041648 68.38777257
53.6361057 68.3788666
53.69137327 68.33970875
53.68193539 68.33137379
53.66888238 68.32666596
53.63054348 68.33442861
53.59859329 68.3433302
53.57277127 68.35304195
53.55360646 68.35693346
53.53138229 68.3602673
53.49055343 68.36360063
53.45109709 68.36581402
53.43276806 68.36553944
53.41694169 68.36331242
53.32666575 68.3480394
53.31360525 68.3430563
53.2163833 68.2885903
53.20915398 68.28193716
53.20332308 68.27416475
53.20360647 68.26721466
53.20999508 68.26138456
53.21970777 68.25610276
53.24554421 68.24636711
53.32638824 68.23720377
53.3458215 68.23609873
53.36415642 68.23609873
53.38137653 68.23748731
53.42832843 68.24470476
53.52137169 68.25555974
53.69776959 68.2524843
53.71749156 68.25166267
53.81805993 68.24359902
53.84026404 68.24026453
53.85305036 68.23526732
53.85972097 68.22276171
53.86915803 68.21720764
53.96166878 68.2136097
53.99554382 68.21609352
54.04166267 68.22442867
54.0944327 68.24304677
54.10498872 68.2502739
54.17082554 68.25054756
54.19970871 68.20721626
54.23888263 68.204987
54.25194 68.20972779
54.39526608 68.26361934
54.43137976 68.28110539
54.45304661 68.29525811
54.46499158 68.30108513
54.47942941 68.3044265
54.49665665 68.30582589
54.51638839 68.3044265
54.53860194 68.30108513
54.55443211 68.29664314
54.57332549 68.27887024
54.60777845 68.24332537
54.62331659 68.22526432
54.63276799 68.21304275
54.63889082 68.20027057
54.65470472 68.18220759
54.66721446 68.17747237
54.68915451 68.17387578
54.77221777 68.16442609
54.79193283 68.16303847
54.8233235 68.16775324
54.83804275 68.17109535
54.85138243 68.1758111
54.86331973 68.18165504
54.87416031 68.18858528
54.91999019 68.23887591
54.92637718 68.24636711
54.9269369 68.27360243
54.92388212 68.27998564
54.91776555 68.28581181
54.9083252 68.29137382
54.85805034 68.3110953
54.85499193 68.31749069
54.92027618 68.38387991
54.93971279 68.39999578
54.99444116 68.43498314
55.22589582 68.52108922
55.32473219 68.55000123
55.34055209 68.55223158
55.45437636 68.56675359
55.52987983 68.56538365
55.57179785 68.56040951
55.59039973 68.56040951
55.65729867 68.56686227
55.68949653 68.5713113
55.79502188 68.59412333
55.83971512 68.60441235
55.86721441 68.61359833
55.89360732 68.62387061
55.90610124 68.62970152
55.93998544 68.65026887
55.95249708 68.65610621
55.96749402 68.65942591
55.98611116 68.65942591
56.00610172 68.65804108
56.05054259 68.65054419
56.14499278 68.62303117
56.21054829 68.6130342
56.25249489 68.60803359
56.29194309 68.60525599
56.32916309 68.6049814
56.38137777 68.60803359
56.39749537 68.61027076
56.4449928 68.61775049
56.45999653 68.62109259
56.5086009 68.62776282
56.59109981 68.63720624
56.62804517 68.63693157
56.6491676 68.63443782
56.68693823 68.62580924
56.76499822 68.60276795
56.79305164 68.59305678
56.8177658 68.58305272
56.82666159 68.57748027
56.83915885 68.57222113
56.8702726 68.56303379
57.01305056 68.54443488
57.07221812 68.53997767
57.09082468 68.53970325
57.10804528 68.54054141
57.14166414 68.5435967
57.27610322 68.55582309
57.34109997 68.56415655
57.35637847 68.5674926
57.39805121 68.58082607
57.40998484 68.58776829
57.42055255 68.59582474
57.42861038 68.60999119
57.42998992 68.62359535
57.44331692 68.6461061
57.45387887 68.65416205
57.58665147 68.73359482
57.60083205 68.7380366
57.61611055 68.74136387
57.65109799 68.74305335
57.76304933 68.7410883
57.90693495 68.74442934
57.92332282 68.74637082
57.93749262 68.75082247
57.9505441 68.75665109
57.97415278 68.76998926
57.98192814 68.77777033
57.9827637 68.78442623
57.98054825 68.79082677
57.97470018 68.79664329
57.94803984 68.81330612
57.94248803 68.81944261
57.94331484 68.82609617
57.94748612 68.8333304
57.97137859 68.84693982
58.00221966 68.85332487
58.17610313 68.88388244
58.19248765 68.88610618
58.22776726 68.887499
58.24331971 68.88275128
58.24554586 68.87637878
58.24443374 68.86970272
58.22165863 68.85498315
58.20972134 68.84832714
58.19859773 68.84027
58.19748474 68.8333304
58.19999047 68.8272124
58.33610632 68.7302678
58.35471246 68.72997921
58.38999715 68.73136933
58.42165817 68.73665572
58.43471401 68.74220363
58.43915402 68.74941778
58.43804574 68.75665109
58.42915972 68.76220441
58.40165288 68.77192623
58.3863858 68.77693464
58.36554989 68.77970744
58.30943669 68.78083251
58.28499016 68.79110184
58.27942848 68.79694265
58.27470559 68.82971011
58.2722206 68.85581884
58.26971829 68.88220502
58.27082433 68.88889619
58.27526832 68.89610547
58.28943733 68.90026942
58.48943115 68.94303613
58.60110381 68.96193882
58.81193515 68.99332179
58.86277196 68.9980321
58.8983293 68.99971574
58.93498626 69.00000134
59.17665207 68.99775586
59.21443856 68.99664281
59.23305241 68.99248001
59.24166174 68.98665762
59.22943441 68.97998391
59.21166563 68.97943215
59.19165591 68.98109679
59.15415989 68.9819341
59.13638455 68.98109679
59.05304827 68.97137429
59.01971356 68.9674843
58.97305039 68.9580392
58.89860629 68.93888045
58.88860243 68.93359323
58.90943139 68.93082135
58.95138867 68.92526347
59.0099948 68.9213702
59.07054885 68.91526638
59.09275915 68.91137785
59.1080496 68.90638171
59.26416471 68.83888341
59.27610482 68.83360558
59.31081812 68.81721468
59.42138526 68.76443553
59.42720962 68.7452598
59.42055383 68.71166358
59.40832613 68.70498866
59.39499109 68.69942343
59.37720991 68.69859396
59.35860145 68.69914362
59.31944066 68.70248334
59.27776869 68.70832855
59.25916494 68.70860341
59.24166206 68.70803877
59.20889222 68.70416287
59.17777554 68.69775392
59.16471317 68.69219903
59.06582482 68.62359535
59.05777108 68.61608662
59.06027883 68.57667039
59.07137705 68.42776196
59.07332712 68.42136981
59.09054213 68.40998682
59.10554951 68.40525564
59.12720979 68.40109324
59.18776817 68.39387439
59.24499233 68.38998151
59.50999587 68.35387428
59.61527335 68.33554398
59.64860685 68.3341541
59.68110899 68.33804493
59.71276621 68.3430563
59.8361041 68.3666508
59.84915453 68.37220777
59.87359782 68.38554012
59.89638707 68.40138156
59.96775911 68.4608136
59.96915288 68.46775722
59.95166437 68.5052633
59.94665466 68.51138558
59.93636962 68.52331523
59.87193113 68.5819397
59.85833623 68.59360651
59.84665584 68.59887729
59.83599454 68.60243125
59.83166149 68.60387187
59.81333001 68.60833241
59.78415962 68.61692601
59.76721048 68.62803249
59.76220989 68.63415321
59.7602742 68.64054896
59.76166277 68.64722477
59.77776399 68.66219997
59.78694763 68.66859245
59.8116623 68.68193438
59.83832395 68.6930384
59.89415582 68.71249378
59.92332362 68.72082597
59.94276466 68.71914617
59.95804162 68.71443031
59.97304492 68.70942923
59.98137696 68.70387807
59.99332428 68.69859396
60.00833447 68.69358866
60.02999215 68.68942853
60.04943827 68.68775918
60.08665555 68.68664443
60.1230446 68.68691923
60.19690698 68.69116454
60.28385842 68.63949499
60.45399233 68.4923133
60.92385278 68.36002526
61.15277894 68.27192528
61.50726862 68.19856472
61.73429808 68.08129361
61.89303145 67.94951877
61.76679777 67.62809036
61.64675076 67.45317487
61.26832662 67.20586879
60.73121511 66.97363264
60.27357409 66.77083898
59.90361861 66.61177002
59.43197754 66.38081708
58.92510106 66.17913945
58.71171912 66.02094295
58.39357989 65.63362246
58.11504848 65.30477238
57.8957016 64.97702014
57.68955254 64.63739108
57.46771599 64.2986012
57.28379917 63.98877573
57.19404187 63.6796455
57.15683091 63.42723462
57.18557363 63.16129965
57.22247662 63.0355084
57.28852462 62.77032299
57.38688504 62.56132297
57.39466268 62.35263631
57.43908755 62.1442616
57.38810075 61.89462175
57.27903125 61.70076507
57.17079074 61.50717636
57.09639141 61.43810227
56.95499818 61.50717636
56.74914949 61.59011021
56.53268532 61.68692843
56.32850237 61.83920672
56.29930209 62.04712643
56.23685481 62.22757414
56.07344456 62.4221638
56.07344528 62.61702561
55.92558641 62.84005954
55.68908853 63.13333617
55.62385182 63.14731721
55.20345714 63.14731721
54.96584275 63.14731721
54.60518325 63.18926877
54.39747648 63.34319995
54.23381468 63.51132037
54.2035382 63.72175885
53.9944011 63.97470931
53.71152067 64.12951902
53.47354852 64.19994467
53.24890731 64.22812503
52.89775976 64.22812503
52.61894851 64.32680179
52.39051848 64.55261518
52.2002837 64.67979869
52.00658395 64.83540565
51.88240351 64.94868551
51.48811255 64.97702014
51.19773442 64.99118966
51.11882102 65.19062293
51.13998436 65.3333285
51.21287039 65.60498716
51.05340226 65.69091579
50.87350668 65.70524386
50.64499474 65.73390571
50.56730678 66.00657295
50.49785864 66.29433752
50.26476253 66.35198284
50.03141173 66.40965906
50.01200837 66.58287372
50.09885367 66.74189979
50.12800632 67.00263456
50.05458786 67.24946937
49.8424098 67.45317487
49.75288493 67.67186424
49.46603559 67.93324381
