# Senegal-Mauritanian Basin from http://www.whymap.org/
-15.20397819 11.22835068
-15.20416944 11.23194525
-15.20888937 11.23389024
-15.21527869 11.23444467
-15.22666768 11.23111123
-15.23583512 11.21972246
-15.23750161 11.20805673
-15.2355564 11.19555698
-15.23000263 11.18000127
-15.22167093 11.16722404
-15.22000274 11.16194561
-15.21944458 11.14805636
-15.22000255 11.14194496
-15.22361146 11.13194463
-15.22638681 11.12777981
-15.23666844 11.12389088
-15.24305683 11.12305686
-15.27944579 11.12555681
-15.30722107 11.13055618
-15.34916576 11.13916806
-15.35777881 11.14444649
-15.40055646 11.1777788
-15.40722254 11.18500117
-15.41111207 11.19527845
-15.41222415 11.20138879
-15.42639028 11.28277773
-15.42722342 11.28888913
-15.42667095 11.29527854
-15.4152802 11.3247235
-15.38916842 11.3691671
-15.38638976 11.37333457
-15.38166921 11.37555598
-15.37527824 11.3752785
-15.35999967 11.36277876
-15.35583348 11.36028039
-15.35000229 11.35888983
-15.33750201 11.36083482
-15.32861289 11.3661122
-15.31222288 11.37778003
-15.28916752 11.39750215
-15.27833415 11.40750142
-15.26638892 11.42305608
-15.26527976 11.42591316
-15.32555592 11.38000145
-15.36340429 11.37435269
-15.37378479 11.38083969
-15.3923779 11.37911099
-15.40362243 11.36743523
-15.41400061 11.35489223
-15.4922258 11.32750093
-15.49833424 11.32805694
-15.50333539 11.33000246
-15.50694441 11.33305631
-15.50916522 11.33805621
-15.50861048 11.35027795
-15.47527862 11.45778
-15.3258348 11.58528006
-15.28444493 11.61805689
-15.27972448 11.62055525
-15.18777918 11.64083496
-15.11500255 11.61749982
-15.11000115 11.61555694
-15.10694422 11.61166695
-15.09277995 11.59083281
-15.09611143 11.57139081
-15.03722447 11.57638913
-15.02722301 11.59416731
-15.08722414 11.62833522
-15.17277943 11.65638962
-15.24083404 11.66889095
-15.26083279 11.67027887
-15.28722454 11.64916831
-15.32250011 11.63166866
-15.3263899 11.64194488
-15.33903501 11.68146613
-15.34166725 11.68194513
-15.34611257 11.67972477
-15.38416653 11.62499967
-15.37250235 11.60138968
-15.37083646 11.59583587
-15.3719454 11.59055744
-15.39111155 11.57861265
-15.43916806 11.55027919
-15.44417012 11.55083573
-15.448612 11.55333462
-15.4513893 11.55749945
-15.45388942 11.56222345
-15.46722302 11.59527828
-15.46750114 11.60222159
-15.46444449 11.61277951
-15.46028109 11.61555694
-15.44999926 11.61944639
-15.44722422 11.6238908
-15.43222164 11.64861388
-15.42639056 11.66055708
-15.42472106 11.66944433
-15.42305471 11.6827802
-15.42352906 11.68366909
-15.4513899 11.67250029
-15.52833371 11.6741678
-15.5338892 11.6752793
-15.5472243 11.68305504
-15.55138871 11.69722441
-15.55666824 11.7233333
-15.5555566 11.72750181
-15.52999982 11.77749975
-15.45861165 11.86527915
-15.438057 11.88000243
-15.38472373 11.88500022
-15.3791685 11.88500022
-15.3627806 11.88111287
-15.34777887 11.87527948
-15.33277818 11.86972198
-15.32139079 11.86750057
-15.25000144 11.86555663
-15.21555789 11.8650022
-15.20277724 11.86555663
-15.18611098 11.87027958
-15.13083552 11.89333303
-15.08889099 11.85416786
-15.0875027 11.84889153
-15.07083417 11.80888759
-15.06555399 11.80000088
-15.05888892 11.79277798
-14.98277919 11.7544463
-14.98002186 11.75322719
-14.96833428 11.74805742
-14.96277891 11.74694645
-14.94916655 11.74694645
-14.94277942 11.74777731
-14.93194541 11.75083538
-14.92444567 11.75750121
-14.92305478 11.76305554
-14.92411916 11.76321854
-14.92944635 11.76055717
-14.94555828 11.75666824
-14.95750118 11.75805669
-14.97721965 11.770663
-15.05222314 11.8186115
-15.05527803 11.82250042
-15.06444498 11.8413901
-15.06611392 11.84694549
-15.06750205 11.8586128
-15.0272232 11.94833403
-15.01722343 11.95222295
-14.99089078 11.95679292
-14.99111143 11.95805476
-15.00000053 11.96993097
-15.00388909 11.97416754
-15.01166672 11.98000146
-15.01750154 11.98111085
-15.06694554 11.98472494
-15.08027833 11.98499978
-15.08583648 11.98333279
-15.13583377 11.96194422
-15.14000302 11.95916626
-15.14666565 11.951946
-15.15444491 11.93916667
-15.16000095 11.93194535
-15.17055556 11.92194555
-15.18722495 11.91027772
-15.20166672 11.90333335
-15.20805626 11.90250039
-15.22555631 11.90528046
-15.31027811 11.92305547
-15.31694579 11.93055743
-15.32777804 11.94028028
-15.32818385 11.94062211
-15.35055647 11.95944532
-15.36055466 11.96305625
-15.36490429 11.96337118
-15.3797224 11.9644447
-15.40638952 11.96333478
-15.43083379 11.95888984
-15.4919462 11.93833423
-15.49694567 11.93611176
-15.50111233 11.93305527
-15.53904475 11.89688117
-15.5861122 11.85083441
-15.60027969 11.8372237
-15.64361216 11.81000068
-15.65222436 11.80472435
-15.66833502 11.79916686
-15.68167334 11.79786492
-15.72805476 11.79333505
-15.84888972 11.77138835
-15.87444437 11.76416704
-15.95750129 11.73305667
-15.96333531 11.73416712
-15.96472316 11.73944449
-15.9655569 11.77055697
-15.96500218 11.77666889
-15.93333335 11.86694508
-15.92972464 11.87694435
-15.92111268 11.89027759
-15.86805825 11.96166779
-15.8577793 11.97250214
-15.84638848 11.98194434
-15.83666805 11.98638823
-15.80083527 12.00111308
-15.79444629 12.00194499
-15.78805625 12.00166751
-15.78139064 12.00000317
-15.77528003 11.99528022
-15.77249943 11.98361238
-15.76944501 11.97972345
-15.76083227 11.97444608
-15.72666755 11.96500018
-15.72250125 11.96778025
-15.7197209 11.97222361
-15.70592704 12.00000317
-15.7044451 12.00444653
-15.70581002 12.00990696
-15.72861259 11.99444567
-15.73277828 11.99166561
-15.75805742 11.9911117
-15.76305596 11.99305722
-15.76666863 11.99638908
-15.7668472 12.00000317
-15.76638861 12.00805639
-15.77000027 12.01139089
-15.77944615 12.0158353
-15.79222207 12.01666827
-15.85277963 12.01666827
-15.89805674 12.00000317
-15.91916978 11.98888976
-15.92861067 11.98027789
-15.93889045 11.95639042
-15.94028079 11.95083556
-15.94527967 11.94250327
-15.95222338 11.93444636
-15.96666739 11.92139165
-15.97500112 11.91555562
-15.98000184 11.91333368
-16.11528122 11.88250185
-16.12166814 11.88138877
-16.1280543 11.88194425
-16.20277685 11.90555635
-16.27994623 11.9661101
-16.30632309 11.98081227
-16.33028145 11.99277869
-16.33389247 11.99666656
-16.33566066 12
-16.33805863 12.00694489
-16.3436127 12.03138996
-16.3497235 12.10583507
-16.3361142 12.14638869
-16.33444789 12.15111164
-16.33166933 12.15555605
-16.32833454 12.15916802
-16.26000113 12.22222225
-16.22194502 12.24805682
-16.19778268 12.25944507
-16.14416855 12.28166713
-16.13611303 12.287778
-16.08916907 12.33805658
-16.1200014 12.33583517
-16.21722462 12.28944499
-16.2297242 12.28083417
-16.28139084 12.2411114
-16.34639047 12.19611231
-16.35472222 12.19166684
-16.45250446 12.17194578
-16.45805646 12.17166724
-16.49305565 12.18333455
-16.49750259 12.18583503
-16.50666782 12.21083558
-16.50750458 12.21722393
-16.54388998 12.25750218
-16.55528098 12.26722345
-16.56361163 12.27250135
-16.57250321 12.27749967
-16.67639133 12.3355561
-16.68194776 12.33666813
-16.68750181 12.33638907
-16.69250282 12.33416554
-16.71776935 12.32242755
-16.7308353 12.33444619
-16.78972212 12.41583513
-16.79666881 12.43000028
-16.80083484 12.44000166
-16.80277967 12.45222235
-16.80083531 12.48361336
-16.79944666 12.48916822
-16.78666595 12.51111227
-16.76639049 12.53277727
-16.75833597 12.53861172
-16.58694532 12.63277789
-16.58055702 12.63250147
-16.50166635 12.59611214
-16.42167006 12.55888827
-16.38055859 12.54500007
-16.37416898 12.54444564
-16.36222347 12.54722359
-16.34528106 12.55833489
-16.34166741 12.56194634
-16.2922248 12.58889083
-16.2336123 12.59083371
-16.19639228 12.58027684
-16.11583765 12.60583446
-16.03472643 12.63000204
-16.02861455 12.63111196
-16.01500474 12.63083395
-16.00444804 12.62805494
-15.99111123 12.62028025
-15.96470714 12.59614907
-15.93639055 12.57777742
-15.83166761 12.55055545
-15.81777904 12.55111252
-15.81027849 12.55499934
-15.79750065 12.57000167
-15.77833408 12.5861134
-15.77333508 12.58833534
-15.76722367 12.58916936
-15.73250009 12.5872249
-15.72694649 12.5861134
-15.69611099 12.57861249
-15.69166884 12.57583454
-15.68861358 12.57194455
-15.68777884 12.56583527
-15.68278021 12.54944659
-15.68055762 12.5447247
-15.6775027 12.54083472
-15.66722092 12.53694579
-15.63889068 12.53138935
-15.63305679 12.53027996
-15.62694314 12.53111293
-15.57722094 12.55944692
-15.57333473 12.56249972
-15.51389069 12.62694503
-15.50777989 12.63472394
-15.50722221 12.64083428
-15.5083344 12.64583418
-15.52889258 12.69722373
-15.5413905 12.71277838
-15.54277794 12.7188882
-15.53194587 12.78055555
-15.52777804 12.78361204
-15.43111314 12.80416607
-15.41083402 12.79666728
-15.39972374 12.79444481
-15.39472332 12.79666728
-15.3922252 12.80083368
-15.39000104 12.83194563
-15.39361053 12.83388851
-15.4458339 12.83194563
-15.52055835 12.81000104
-15.52611152 12.80833406
-15.54028041 12.7947244
-15.55222385 12.77916658
-15.55555662 12.76861287
-15.56472343 12.73722398
-15.56444261 12.73166806
-15.55972219 12.72222322
-15.55000217 12.7108355
-15.53944534 12.65888941
-15.53944502 12.65277801
-15.54083551 12.64722368
-15.54611166 12.63861286
-15.55611377 12.62777957
-15.61861329 12.57139118
-15.63805586 12.55833489
-15.6500037 12.55555693
-15.65639056 12.55611242
-15.66805511 12.56528084
-15.66889083 12.57000167
-15.66639081 12.57416703
-15.6630571 12.58472284
-15.66500047 12.59722364
-15.66916872 12.60722396
-15.69555709 12.61389032
-15.70111264 12.61472434
-15.76444692 12.61972266
-15.77083283 12.61889075
-15.84583528 12.60805746
-15.8966673 12.59388914
-15.90305651 12.59305512
-15.90944566 12.59361272
-15.91444516 12.59527759
-15.94361089 12.61472434
-15.94722435 12.61805778
-15.98243181 12.65343162
-16.01527556 12.70138908
-16.02137578 12.72494157
-16.04472456 12.66000091
-16.04750102 12.6558345
-16.06944475 12.63611239
-16.07361192 12.63305695
-16.1511133 12.60972444
-16.16222538 12.606391
-16.16861379 12.60555592
-16.20555719 12.61222281
-16.29417096 12.60138952
-16.34972329 12.58222341
-16.359724 12.56583527
-16.3638892 12.56305678
-16.37000087 12.56333479
-16.37611382 12.56444471
-16.41944642 12.57555548
-16.51305743 12.62444613
-16.57111368 12.67139021
-16.59944595 12.7308351
-16.59694663 12.73500045
-16.59305481 12.74500025
-16.59166894 12.77666821
-16.59444936 12.78833394
-16.59805843 12.79166738
-16.64805606 12.72361167
-16.65000333 12.7188882
-16.64972482 12.68583495
-16.64889068 12.6719457
-16.64805557 12.66583483
-16.64611501 12.66027786
-16.64472499 12.64722368
-16.645002 12.63416634
-16.64833465 12.63055647
-16.7180556 12.58111297
-16.74972526 12.56444471
-16.75611166 12.56499966
-16.76694336 12.56777973
-16.77416896 12.57444609
-16.77889325 12.58388882
-16.78000087 12.59000021
-16.79361465 12.71222395
-16.80028211 12.80083368
-16.8000041 12.81388944
-16.7977803 12.82500021
-16.79583303 12.83000064
-16.7830594 12.85138921
-16.77611274 12.85861369
-16.76833401 12.87138881
-16.75916635 12.88972248
-16.75583525 12.90638863
-16.74916862 13.00055691
-16.74833668 13.02611084
-16.74916801 13.04666697
-16.75087427 13.05997806
-16.76222243 13.07638942
-16.77361382 13.10889034
-16.78444553 13.14083315
-16.81861279 13.27250067
-16.82139314 13.28416851
-16.82166423 13.32333368
-16.81916895 13.36888878
-16.81506178 13.37240897
-16.80194361 13.38027914
-16.7872252 13.38694655
-16.78166976 13.38861143
-16.77361351 13.3944464
-16.74639273 13.41666794
-16.74305536 13.42028097
-16.73167155 13.44972277
-16.7147261 13.46777843
-16.70722651 13.47416678
-16.70305788 13.47722274
-16.68666771 13.488889
-16.68194717 13.49000102
-16.62083478 13.47555734
-16.60973387 13.47200445
-16.60000247 13.4688894
-16.59111466 13.46389108
-16.58750229 13.46055659
-16.58194723 13.45166776
-16.58111102 13.44555742
-16.58416841 13.43500108
-16.58805997 13.43222207
-16.59527985 13.4319467
-16.61138885 13.44083394
-16.61972555 13.43472254
-16.62222104 13.43055719
-16.62250196 13.42583424
-16.61055565 13.42694469
-16.60667007 13.40222215
-16.59972382 13.38055662
-16.57666979 13.32444676
-16.56277963 13.30305713
-16.55833451 13.29750016
-16.55111389 13.29111181
-16.54667023 13.28861239
-16.53528002 13.28639098
-16.41472354 13.26361184
-16.26028064 13.31861179
-16.2538903 13.31972381
-16.24750152 13.3194437
-16.23666811 13.31639037
-16.22916911 13.30972296
-16.22389109 13.30111214
-16.22166858 13.29639025
-16.22028006 13.28333396
-16.22556023 13.26166896
-16.22472494 13.25555756
-16.22166835 13.25139116
-16.20083712 13.25166758
-16.18861213 13.25361152
-16.17805956 13.2575015
-16.16472192 13.26583378
-16.15472317 13.27666866
-16.15500175 13.28194656
-16.15659896 13.28173714
-16.18750114 13.26472281
-16.19250249 13.26250034
-16.19806097 13.26083389
-16.20361459 13.26194697
-16.2072259 13.26527672
-16.22361377 13.32305725
-16.22472546 13.32916865
-16.22444616 13.34250031
-16.22277777 13.35361161
-16.21472608 13.37250181
-16.20444308 13.3833351
-16.16222504 13.42527876
-16.15528024 13.42555624
-16.14388996 13.42333482
-16.12944734 13.41694542
-16.11805723 13.41472189
-16.08944749 13.40916862
-16.08361528 13.40805712
-16.05222405 13.40527969
-16.04528236 13.40555559
-15.77333461 13.43305661
-15.63666789 13.45277768
-15.56027648 13.50222382
-15.55138837 13.50750067
-15.54416758 13.5077792
-15.53861162 13.50666823
-15.49000232 13.48500007
-15.40694626 13.44916834
-15.39666693 13.44555742
-15.36805792 13.4397235
-15.34972553 13.43777956
-15.32833433 13.43861253
-15.31722211 13.44194597
-15.30749982 13.44639038
-15.30138881 13.45416929
-15.29694705 13.46361097
-15.29333415 13.48027923
-15.29583369 13.49166748
-15.29717665 13.49105766
-15.30028012 13.47861225
-15.30305867 13.47416678
-15.30916722 13.46638998
-15.32083614 13.45694619
-15.33666898 13.45138975
-15.35583406 13.4500013
-15.36222321 13.45055626
-15.39749984 13.46361097
-15.48438533 13.50139085
-15.54139086 13.52722279
-15.54944545 13.5302798
-15.55666764 13.5300018
-15.65833436 13.50416986
-15.72277818 13.47611177
-15.811945 13.45638965
-16.09111365 13.43111162
-16.10333807 13.43250113
-16.11194661 13.43777956
-16.11944707 13.44444434
-16.13194396 13.45277768
-16.13666987 13.45444466
-16.14389009 13.45416929
-16.14944631 13.45277768
-16.19250238 13.43139016
-16.22694786 13.40916862
-16.22944532 13.4050001
-16.23278101 13.3944464
-16.23500156 13.39027788
-16.26444571 13.3633334
-16.27278244 13.35750053
-16.33194794 13.33833496
-16.39472715 13.3305571
-16.40694794 13.33222356
-16.41777989 13.33500046
-16.47944443 13.35583513
-16.51333529 13.36861236
-16.50638976 13.38222308
-16.50278096 13.39194487
-16.50027836 13.40305722
-16.50166714 13.4161114
-16.55194276 13.56083415
-16.55583466 13.57083448
-16.56567103 13.59000217
-16.60634281 13.64115591
-16.62000101 13.65833377
-16.63916779 13.68861222
-16.64528038 13.70194652
-16.64500156 13.70833328
-16.63861449 13.75277953
-16.62972424 13.77111108
-16.62083591 13.78305746
-16.60166948 13.80555753
-16.59805859 13.80916739
-16.57305989 13.8330575
-16.54083737 13.84277982
-16.52111503 13.83194653
-16.49722136 13.86750184
-16.49083687 13.95805761
-16.56027925 13.86250088
-16.69222366 13.77083413
-16.69694489 13.76861166
-16.70250269 13.76833313
-16.70778049 13.77000117
-16.71139146 13.77333355
-16.73555591 13.81638924
-16.73944409 13.84111178
-16.74888988 13.93999984
-16.74722249 13.95194621
-16.74528022 13.95666811
-16.74000361 13.96527893
-16.72500367 13.97833627
-16.71277964 13.98722299
-16.69666528 13.9927789
-16.69027928 13.99388987
-16.68389237 13.99333491
-16.67861198 13.99166687
-16.65750169 13.97805774
-16.63888871 13.96166906
-16.57833593 14.00166825
-16.57361295 14.01722344
-16.57111316 14.02694681
-16.55944837 14.05361118
-16.5058371 14.10499967
-16.41194522 14.14583447
-16.3651968 14.16228961
-16.36305637 14.16611207
-16.36861484 14.16722304
-16.37499997 14.16611207
-16.38428792 14.16401515
-16.45305722 14.17444541
-16.5133353 14.14333399
-16.54417043 14.09139054
-16.5613912 14.06722295
-16.6311114 14.00472316
-16.67181005 14.00138075
-16.70813333 13.99619305
-16.76972689 13.96305857
-16.7758348 14.01250102
-16.79805726 14.09027851
-16.81333459 14.12277891
-16.85778155 14.15694577
-16.872502 14.170001
-16.87555624 14.17416846
-16.87805592 14.17889035
-16.88055743 14.19055608
-16.90055864 14.26333315
-16.94778139 14.37555709
-16.96722541 14.39944456
-16.97694664 14.41083333
-16.99222588 14.42388962
-17.00279162 14.4298032
-17.01527577 14.4352784
-17.03639266 14.44166991
-17.05694658 14.44916871
-17.06500324 14.45500052
-17.07111304 14.46277943
-17.08944751 14.48666795
-17.12166826 14.54666832
-17.14830527 14.61392324
-17.16333126 14.63833349
-17.17555556 14.65444626
-17.19472559 14.67000092
-17.22583244 14.68861207
-17.33778007 14.73333368
-17.37833437 14.74111259
-17.38416535 14.74222198
-17.39716962 14.73927785
-17.40383574 14.73727905
-17.41350152 14.73394508
-17.42833735 14.72833483
-17.43694578 14.71611309
-17.43611144 14.71138962
-17.43222454 14.7080567
-17.4277809 14.70555728
-17.42250004 14.70388977
-17.42305496 14.69888987
-17.42778046 14.67472281
-17.43805726 14.65611272
-17.44277971 14.65388972
-17.44806009 14.65555565
-17.45611123 14.6613901
-17.51444788 14.73722366
-17.46750187 14.77138999
-17.45472349 14.77333392
-17.42361436 14.78300032
-17.38333612 14.79666854
-17.23361123 14.86944614
-17.1808335 14.89555661
-17.16694509 14.90305646
-17.14611592 14.91805774
-17.12916861 14.93111297
-16.97333519 15.110279
-16.88444586 15.21722451
-16.87833463 15.22500131
-16.87028076 15.23777854
-16.8297237 15.31222154
-16.79277906 15.38500177
-16.77694831 15.41055728
-16.74222623 15.45972331
-16.73064487 15.4743147
-16.72305631 15.48250086
-16.70778075 15.50194655
-16.67028049 15.55527898
-16.54639132 15.75666761
-16.53722448 15.7758353
-16.53611303 15.78139015
-16.53559222 15.78712384
-16.53555817 15.7875005
-16.53777854 15.80000025
-16.53967007 15.80555774
-16.54611229 15.81250105
-16.54861488 15.81722241
-16.54833638 15.82361234
-16.53250175 16.01388651
-16.52767995 16.06025137
-16.52916844 16.09583252
-16.53722462 16.30166873
-16.53028257 16.32194317
-16.52305603 16.33527905
-16.50694355 16.37388768
-16.49555326 16.4033337
-16.47694737 16.46611255
-16.47277845 16.48222216
-16.46889108 16.50527772
-16.46722585 16.53000132
-16.46889156 16.55000197
-16.46944877 16.60305798
-16.46583528 16.61972255
-16.44444641 16.67972345
-16.41111245 16.76333486
-16.40333443 16.78277845
-16.34027966 16.93722352
-16.30111338 17.00166514
-16.28333769 17.02583536
-16.27472356 17.0377791
-16.26388944 17.05472273
-16.25916624 17.06389115
-16.20083727 17.19805651
-16.18472128 17.2366662
-16.13694824 17.35221883
-16.13305652 17.36194326
-16.0958372 17.48749991
-16.08972678 17.50833406
-16.06944407 17.58972353
-16.06416591 17.61138642
-16.03944741 17.72805899
-16.03944749 17.74110684
-16.03722442 17.92611101
-16.02861446 18.08055714
-16.03527864 18.16138955
-16.03722379 18.17361234
-16.04166902 18.19055228
-16.04333528 18.19611083
-16.04666966 18.19999659
-16.05139101 18.23555454
-16.06305662 18.36305355
-16.06333415 18.36972254
-16.0625009 18.38222334
-16.05778187 18.40444383
-16.05555692 18.42249843
-16.05778229 18.43472175
-16.06480023 18.46375577
-16.07194595 18.49194681
-16.08055653 18.51888813
-16.08639133 18.53444595
-16.1058353 18.57889061
-16.14444776 18.69000094
-16.15056033 18.75555722
-16.17139203 18.8708329
-16.17916904 18.91305615
-16.1880584 18.93944251
-16.2192432 19.00272304
-16.23222293 19.04333206
-16.25777822 19.09444624
-16.26944819 19.1111145
-16.28139114 19.12777855
-16.34750433 19.20250166
-16.35111343 19.20555604
-16.36833361 19.21639091
-16.46306372 19.25540469
-16.49916947 19.33638955
-16.44277957 19.3716679
-16.38277866 19.39222245
-16.37861296 19.39527683
-16.34944526 19.42249985
-16.33555758 19.43749797
-16.30945003 19.46750264
-16.28416811 19.52972231
-16.28444549 19.53639078
-16.28611167 19.54194564
-16.29000143 19.54527802
-16.3518906 19.53222385
-16.36072306 19.52805638
-16.36322486 19.52638782
-16.42028128 19.48583472
-16.43055495 19.47527838
-16.43389115 19.4647231
-16.43250107 19.45305368
-16.43139411 19.44694228
-16.42778006 19.44388737
-16.42805863 19.43749797
-16.44055622 19.4088865
-16.44555801 19.40666667
-16.46444695 19.40722215
-16.46833492 19.41055454
-16.4686128 19.41583508
-16.46889131 19.44277851
-16.46889195 19.45444424
-16.42722277 19.53639078
-16.40538937 19.55966632
-16.38522475 19.57383305
-16.38105648 19.57799893
-16.33722352 19.62944651
-16.33166881 19.63805574
-16.23361188 19.79111131
-16.23250221 19.79666986
-16.24333367 19.88722142
-16.2166674 20.00083276
-16.19639184 20.223055
-16.19722498 20.22916693
-16.23278094 20.28583333
-16.23611587 20.28972067
-16.24555406 20.29277716
-16.2661145 20.29333476
-16.27000035 20.29666926
-16.30028194 20.33555589
-16.33722329 20.43277856
-16.38805753 20.55861322
-16.42833715 20.63333211
-16.49305639 20.72500097
-16.49833784 20.72694491
-16.52555918 20.7366667
-16.52916812 20.7330563
-16.53139248 20.72805746
-16.53444613 20.7047202
-16.53277919 20.6275003
-16.53000193 20.57555527
-16.53972312 20.56416543
-16.54333518 20.56055715
-16.54722527 20.56388954
-16.5775041 20.59
-16.59972396 20.61083415
-16.64833462 20.66139021
-16.88916888 21.11361097
-16.90055904 21.13777697
-16.90583425 21.14722339
-16.91583628 21.15833153
-16.919725 21.16166602
-16.92611375 21.16055505
-16.93305531 21.15333268
-16.98778276 21.06555381
-17.00139339 21.01750086
-16.99694598 21.01592514
-16.99389364 21.0124978
-16.9955543 20.97472213
-17.02528123 20.84472001
-17.04472498 20.7830574
-17.05233162 20.76409651
-17.055467 20.76534833
-17.05861335 20.76944405
-17.0983365 20.82916852
-17.10416876 20.84333367
-17.10527825 20.84805451
-17.09694698 20.92639118
-17.09500179 20.94416673
-17.09389173 20.94972053
-17.09166596 20.95472148
-17.06361247 21.09750188
-17.02944798 21.28500126
-17.02111478 21.36527976
-17.01055963 21.44111174
-17.00583722 21.46305633
-16.98194649 21.55360841
-16.97622063 21.58504109
-16.96889212 21.6252782
-16.95999984 21.70749695
-16.96416887 21.77499927
-16.95944535 21.82222136
-16.95694873 21.83333371
-16.91722213 21.94305771
-16.91528037 21.94778013
-16.85333687 22.07139126
-16.85055876 22.07555661
-16.71944979 22.26083035
-16.67333627 22.2936114
-16.66889017 22.29638882
-16.66222491 22.29611082
-16.65249993 22.29166535
-16.6447263 22.28527647
-16.64222403 22.28055563
-16.63861421 22.27722272
-16.63416645 22.27472172
-16.62805495 22.27361074
-16.60389053 22.27944255
-16.59333525 22.28333254
-16.53472749 22.30583472
-16.5228602 22.31105987
-16.43353892 22.19529306
-16.61307441 21.96219374
-16.64903375 21.7828858
-16.56172568 21.63943966
-16.33102858 21.54978542
-16.19979303 21.3166861
-16.19453604 21.13737816
-16.14790703 20.95807022
-16.1442799 20.83255524
-16.09569684 20.58152476
-15.88478087 20.43807809
-15.63116013 20.24084004
-15.52243773 20.04360146
-15.34963186 19.77464034
-15.26109639 19.5594706
-15.13236764 19.38016319
-14.90338749 19.30844012
-14.69051687 19.05740911
-14.68823687 18.9677554
-14.43844588 18.87810117
-14.27211294 18.82430926
-13.98079454 18.71672439
-13.82974618 18.42983211
-13.70320958 18.30431713
-13.7799283 18.05328612
-13.79529595 17.82018627
-13.80954265 17.53329399
-13.84678528 17.35398657
-13.78043524 17.13881683
-13.61175508 16.94157826
-13.36209035 16.79813211
-13.19441787 16.63675534
-13.27307898 16.4574474
-13.14494133 16.20641691
-13.05972576 16.04504013
-12.99312301 15.77607901
-12.90775544 15.59677107
-12.76092 15.41746313
-12.83919505 15.20229392
-12.87771328 15.05884778
-12.68859756 14.78988666
-12.66452262 14.57471692
-12.55943334 14.41334014
-12.43365006 14.2340322
-12.43056184 14.03679415
-12.67489868 13.94714045
-12.79353251 13.6781788
-12.81095427 13.48094022
-13.0529315 13.24784037
-13.27631778 13.1402555
-13.47754208 12.92508682
-13.79974876 12.60233274
-14.0041955 12.60233274
-14.3108653 12.60233274
-14.53402345 12.49474787
-14.77874697 12.45888712
-14.7862699 12.37330803
-14.849524 12.27142889
-14.91932161 12.15157058
-14.95464524 12.01073728
-14.9532774 11.9238399
-14.90085425 11.84593211
-14.87229571 11.76502849
-14.87733532 11.64816653
-14.93735856 11.55527698
-15.09130256 11.35451452
-15.17206609 11.27960308
-15.20397819 11.22835068
