# Song-Liao Plain from http://www.whymap.org/
127.8972721 49.80311523
128.2356906 49.7189634
128.4840593 49.59277096
128.4513152 49.37203604
128.4565482 49.22495134
128.6899169 49.20394393
128.9149405 49.20394393
129.1019449 49.09892447
129.3830226 49.05692489
129.6086981 49.08842413
129.8649341 49.24595992
130.0962722 49.2984865
130.2552134 49.2984865
130.2354307 49.1094251
130.3057343 48.96244294
130.5303944 48.96244294
130.9004227 48.96244294
131.1320462 48.90996322
131.1684708 48.81551813
131.2030949 48.65816222
131.0174978 48.45893899
130.8463278 48.25982093
130.5492522 48.05033642
130.2238377 47.91423379
130.0349693 47.79910833
129.9002471 47.93516947
130.0248634 48.14459007
129.9875394 48.30173179
129.9453286 48.40652931
129.7910736 48.36460681
129.544439 48.29125364
129.407352 48.17601318
129.2620924 48.08175169
129.0033021 47.94563774
128.8895247 47.87236593
129.051408 47.76771656
129.2000539 47.72586492
129.3529998 47.70494085
129.3232325 47.46439715
129.1636672 47.25535303
129.0892016 46.97332653
129.1917715 46.82717323
129.3902706 46.67064296
129.4443443 46.57675582
129.1704135 46.43075538
129.0217073 46.32650375
128.8147948 46.29523385
128.638632 46.25354466
128.4211868 46.15976072
128.2925651 46.12850456
128.2620215 46.02433594
128.1143948 45.83690443
128.3190307 45.70159473
128.6085476 45.69118829
128.687572 45.65997067
128.806782 45.59754313
128.6409638 45.36872984
128.4731839 45.20240661
128.3409904 45.18162132
128.046589 45.06732252
127.3079785 44.44568997
127.1499179 44.3732269
127.04318 44.43533758
127.0531863 44.54922355
126.8910277 44.5388694
126.5957226 44.40428145
126.2316837 44.22832653
126.0028293 44.14554174
125.8076206 43.96966126
125.3818105 43.66974656
124.992698 43.38031317
124.6255892 43.15299719
124.6046638 42.9980574
124.6807311 42.78120751
124.5544778 42.56443434
124.4470528 42.40964328
124.2180238 42.31678741
124.0936599 42.17237287
124.0150056 42.03830411
123.9033793 41.87333661
123.5847899 41.60535896
123.2535707 41.27570083
122.8963256 40.99768933
122.6196275 40.80212699
122.3527772 40.69922442
122.211482 40.64264911
122.1919797 40.63035844
122.0642809 40.74392674
122.0595682 40.81057576
122.0237606 40.85892429
122.0659325 40.98229097
121.9454244 40.99876811
121.7941895 40.99876811
121.6784684 41.00700685
121.6294287 41.05644159
121.7008599 41.2459783
121.8029756 41.41908465
122.012549 41.60048651
122.1703168 41.73244881
122.3924478 41.82318935
122.5993514 41.9056924
122.7495885 42.05422584
122.8929575 42.16152237
123.1461005 42.31011778
123.3582229 42.36791462
123.5681989 42.39268635
123.7030375 42.50004212
123.77285 42.61567706
123.7789297 42.75612024
123.7403565 42.90485989
123.7022584 43.05363566
123.5959212 43.06190204
123.4113159 42.92965334
123.2730791 42.92138875
123.0981646 42.96271284
122.9480107 42.99577412
122.7574291 42.97097799
122.6024873 42.88006744
122.3379679 42.74785799
122.2269487 42.69002532
122.0154928 42.64871962
121.7713393 42.64871962
121.5170126 42.64871962
121.2932051 42.64871962
121.1304361 42.64871962
120.9936209 42.65698054
120.8181735 42.6982868
120.6426853 42.73959585
120.6128881 42.83048555
120.6398537 42.92965334
120.7249145 43.05363566
120.6151015 43.08670185
120.3680577 42.97924326
120.241153 43.06190204
120.2345493 43.18591113
120.3010243 43.32648514
120.4005889 43.42573329
120.5667164 43.45881958
120.7431558 43.49190767
120.8987938 43.69874872
120.9501043 43.81461026
121.1347015 43.87254927
121.2812657 43.90565973
121.5045163 43.98844374
121.7084458 44.12920227
121.8147534 44.26171051
122.0594646 44.38596307
122.1351241 44.41910135
122.2888924 44.46052674
122.4379068 44.63454402
122.5405775 44.75887243
122.6292617 44.85006269
122.7700486 44.98272738
122.8498851 45.09076577
122.9895465 45.22383042
123.2041899 45.33197973
123.4089848 45.44015981
123.5623108 45.50674747
123.7264921 45.6149773
123.8685799 45.74822558
124.0014618 45.92318491
124.1224201 46.08155094
124.1527853 46.14825114
124.2732378 46.33173719
124.3689557 46.41516928
124.512917 46.57374086
124.6472069 46.7323788
124.7258128 46.83260542
124.8008543 46.94121419
124.7585524 47.03313825
124.7609575 47.14180456
124.767399 47.24213963
124.7711733 47.32577251
124.7846588 47.43452291
124.8516095 47.51819834
124.9456824 47.63537507
125.0648706 47.74421457
125.1820126 47.8112083
125.3555436 47.86983757
125.4583458 47.97036606
125.68314 48.12959091
125.7726768 48.23857294
126.0164916 48.40629909
126.2052015 48.55731641
126.3384048 48.71678922
126.5499552 48.89312719
126.8120706 49.07795077
127.0153267 49.25445794
127.1449503 49.40581572
127.2501511 49.5404071
127.3228183 49.62455118
127.4807437 49.7087141
127.6063692 49.76763935
127.7559819 49.79289586
127.8972721 49.80311523
