# Taoudeni-Tanezrouft Basin from http://www.whymap.org/
0.814051548 17.11887737
0.342831436 17.35368588
0.073411522 17.51511647
0.073451221 17.85265291
-0.095095241 17.94070557
-0.415524159 18.19018934
-0.651443469 18.04343403
-1.089765987 18.04343403
-1.325945101 18.11681195
-1.561992441 18.11681195
-1.781094219 18.08746089
-2.13443433 17.88200397
-2.454023143 17.72057338
-2.840437562 17.47108961
-3.142813895 17.30965955
-3.629895382 17.08952684
-4.117123559 16.94277205
-4.469438269 16.78134094
-4.769153883 16.34107604
-4.935078329 16.03289067
-5.167561316 15.6513279
-5.266621134 15.41651992
-5.701943804 15.25508933
-6.019358955 15.06430768
-6.454591608 14.93222816
-6.656091457 14.94690343
-6.910272834 15.211063
-6.794540563 15.40184412
-6.47815447 15.69535423
-6.412561059 15.87146008
-6.504232089 16.09159279
-6.818559611 16.15029492
-6.956029507 16.4438045
-6.980283196 16.61991088
-6.891381227 16.69818003
-6.961361411 16.95255556
-7.145207668 17.34390237
-7.327776651 17.59827737
-7.463949507 17.71568163
-7.71326836 17.89178748
-7.962496497 18.04832578
-8.146004895 18.32226887
-8.194745856 18.59621142
-8.444758308 18.7723178
-8.769375136 19.39847206
-9.048957091 19.96592473
-9.143246112 20.22030026
-9.058918933 20.59207952
-8.928428984 20.90515665
-8.752946667 21.23780133
-8.608160723 21.37477261
-8.338407031 21.47750106
-8.034199017 21.55087899
-7.798190344 21.65360745
-7.528975008 21.81503803
-7.258032459 21.85906436
-6.936690615 21.94711702
-6.615246951 22.03517021
-6.276377871 22.09387234
-5.987723948 22.09387234
-5.783968632 22.09387234
-5.359478036 22.09387234
-5.13916463 22.13789867
-5.038245636 22.24062713
-4.768865509 22.5047867
-4.600985686 22.73959468
-4.431355239 22.78362101
-4.227097939 22.75426995
-4.057203987 22.76894522
-3.939299112 22.91570001
-3.649890075 22.87167368
-3.461966961 22.73959468
-3.257327908 22.6368657
-3.188896569 22.5634883
-2.985127974 22.59283937
-2.730270421 22.60751516
-2.493159863 22.78362101
-2.306335219 22.82764735
-2.290815069 23.16518378
-2.275160314 23.47336916
-2.140814017 23.91363406
-2.040246696 24.32454842
-1.87143194 24.77948911
-1.71898921 25.10234975
-1.566118993 25.33715773
-1.293581675 25.63066837
-0.969339518 25.92417794
-0.695898285 26.14431013
-0.542129763 26.3937939
-0.250843642 26.36444284
-0.096629826 26.26171438
0.057472026 25.92417794
0.142928458 25.60131677
0.21117623 25.2931314
0.484209992 24.95559496
0.842326781 24.69143592
1.01274251 24.57403219
1.029378448 24.36857475
1.028986102 24.1777931
1.18221073 24.08974044
1.403591281 24.01636304
1.573788 23.94298512
1.573332357 23.79623033
1.589361251 23.47336916
1.622670167 23.23856118
1.740900237 22.97440214
1.893386783 22.81297208
1.909909535 22.68089203
1.994291343 22.51946197
2.147230067 22.51946197
2.487162947 22.53413724
2.742372692 22.59283937
2.878336757 22.59283937
2.877937233 22.51946197
2.74100685 22.32868032
2.655268074 22.16724974
2.467053844 21.85906436
2.296337999 21.62425638
2.092085541 21.44815053
1.904668656 21.19866675
1.65008625 21.09593829
1.395379373 20.90515665
1.174600366 20.6556734
0.784763049 20.42086542
0.598368031 20.24475904
0.479634114 19.92189839
0.49640195 19.76046834
0.648321717 19.5403351
0.715300939 19.0413686
0.765270543 18.51304999
0.764582736 17.97005663
0.8991998 17.80862605
1.067745988 17.82330184
1.219073644 17.64719599
0.814051548 17.11887737
