# Tarim Basin from http://www.whymap.org/
75.26682182 39.54644426
75.76446852 39.75948157
76.12829527 39.82432485
76.48315986 39.95401959
76.83417049 39.95401959
77.26444158 39.95401959
77.47183506 39.96328392
77.75851664 39.9725483
77.98047763 40.01891722
78.34262104 40.04678016
78.62879488 40.13966577
78.82093171 40.22327481
79.02834685 40.34406347
79.24761047 40.40911335
79.45202654 40.52064343
79.70231793 40.63219375
79.92627895 40.70657187
79.96106494 40.79025801
79.93857176 40.81815592
79.79096141 40.8460551
79.62420587 40.85535511
79.47675991 40.91115811
79.46638673 41.02277932
79.50924744 41.12511657
79.65529369 41.25538864
79.82716756 41.31122799
80.24216472 41.34845704
80.45942984 41.37638031
80.87071418 41.40430485
81.17207279 41.44153955
81.5037491 41.46946705
81.81188239 41.46946705
82.0231301 41.53463616
82.33960382 41.55325718
82.58035025 41.58118977
82.79937771 41.63705875
83.02166345 41.67430756
83.37513478 41.74881197
83.51771577 41.78606757
83.69891361 41.83264025
83.93024481 41.88853212
84.1031821 41.91647997
84.28334293 41.93511258
84.49357684 41.94442909
84.70963379 41.99101379
85.03163655 42.01896631
85.20333165 42.01896631
85.52928887 41.98169657
85.77776869 41.9257962
86.07189767 41.86990093
86.44426368 41.78606757
86.74854286 41.77675346
86.97543374 41.74881197
87.18299657 41.65568287
87.47562156 41.64637074
87.67687018 41.51601571
87.8279141 41.49739582
88.18612338 41.38568835
88.41514524 41.33914957
88.75371664 41.28330768
89.11754339 41.20885973
89.40143519 41.1344208
89.63186103 41.11581248
89.93908324 40.99487211
90.27692437 40.93906151
90.50681372 40.79955717
90.66679737 40.63219375
90.71453076 40.41840675
90.68915221 40.16753419
90.59695748 39.99107723
90.40745656 39.79653454
90.16238713 39.60201637
89.81132387 39.47235122
89.59727181 39.3704791
89.13714587 39.194534
88.77971185 39.01860896
88.48748438 38.86121934
88.17782463 38.7408734
87.94074345 38.68533229
87.5949029 38.61128057
87.31666782 38.50946527
87.00183968 38.50946527
86.56312252 38.42616683
86.34205842 38.35212754
85.88898891 38.31510923
85.44047884 38.17629847
85.14290906 37.99123685
84.73426695 37.80619741
84.40411847 37.67668299
84.11523681 37.56567927
83.64647795 37.36219316
83.30551447 37.16798142
82.77486583 37.00153363
82.49881725 36.91831646
82.0401769 36.7611407
81.74143154 36.70567072
81.46263014 36.70567072
81.11561872 36.73340546
80.82497925 36.8258582
80.65171382 36.87208664
80.3565787 37.14023888
80.03870616 37.25121203
79.71529645 37.31595006
79.43776318 37.35294443
79.12200666 37.40843765
78.61724631 37.43618501
78.08859548 37.49168122
77.80881708 37.49168122
77.58160681 37.70443517
77.40731584 37.90796636
77.31638771 38.093018
77.13256444 38.26883759
76.99480243 38.50946527
76.79782032 38.64830599
76.5141366 38.79641652
76.30805103 38.87973494
76.06358016 38.98157467
75.7885938 39.0000917
75.5428357 39.03712644
75.15259477 39.11119859
75.01822722 39.17601463
74.97736743 39.34269696
75.07793472 39.46308984
75.26682182 39.54644426
