# Tunguss Basin from http://www.whymap.org/
91.43303768 67.57074049
91.84390591 67.9013781
92.17317245 68.19614643
92.88255705 68.73251982
93.55542667 69.17849262
94.26042006 69.53290592
94.83864487 69.94478874
95.37855632 70.11443409
96.13660332 70.36054999
96.88599851 70.53136659
97.71879393 70.66446805
98.49779298 70.8740617
99.22082436 70.91222692
99.96301657 71.04594462
100.7104602 71.1415905
101.8300214 71.46762262
102.3835923 71.544525
102.7868243 71.62149978
102.640425 71.31403425
102.3470218 71.04594462
102.6596189 70.75967192
102.8270162 70.41744974
102.9219859 70.09553225
103.0799459 69.75736734
103.0625212 69.29028289
103.3175238 69.21574278
103.3437707 68.82527473
103.4030354 68.3992774
103.2538821 67.9381793
103.0205 67.58908227
102.7450957 66.83964604
102.4753842 66.38523652
102.694588 66.24023054
103.1695403 66.24023054
103.8480138 66.29458489
104.4160406 66.4396642
105.1507311 66.45781289
105.6476353 66.47596465
106.0014397 66.3489667
106.4913141 66.25834561
107.0041505 66.16780075
107.5398837 66.07733193
108.1641736 66.02308705
108.9722062 66.00501148
109.4891337 65.86051583
110.00945 65.86051583
110.5930103 65.73424048
110.9935482 65.55410241
111.3625714 65.24855313
111.7851287 65.06921898
112.0755183 65.08641603
112.3773809 64.72262464
112.6057624 64.34079083
112.8189099 64.07413726
112.9253994 63.69409703
112.8270097 63.22051288
112.6574034 62.76739029
112.5709831 62.42851547
111.7241256 61.99670454
110.6911042 61.36080821
110.0265225 60.98809344
109.6954837 60.85787621
109.3256736 60.50503459
109.1444232 60.28264068
109.1187413 60.28264068
108.5951431 60.26412363
107.8211952 60.02362218
106.6887156 59.54529287
105.7616188 59.06832658
104.6832226 58.51955754
103.7956235 58.08174869
103.0032416 57.73590491
102.1406565 57.22744763
100.7702882 56.63002625
99.7224233 56.30498885
98.59684413 56.07060114
97.8149919 55.85451123
97.06253148 56.08862023
96.56439684 56.2689095
95.838065 56.28694828
95.00406034 56.28694828
94.59383947 56.27927613
94.69995455 56.40919363
94.62621084 56.5678535
94.46289232 56.73501407
94.24582074 56.9023291
94.06413627 57.08655454
93.84247611 57.28774216
93.55525489 57.51434658
93.42274888 57.61515113
93.30025447 57.56025226
93.11669696 57.75409065
92.42959516 58.3370074
91.14192826 59.47183041
90.34796679 60.19007967
89.83790683 61.08117955
90.05163167 61.60360435
89.78118261 61.99720409
90.06442872 62.05250119
89.74887939 63.05067776
89.80211386 63.61421887
89.64976881 64.12692123
89.68412236 64.71267443
89.65772398 65.23060639
89.96126429 65.7703041
90.17574232 66.04116564
90.553206 66.54860236
90.98112183 67.00370634
91.43303768 67.57074049
