# Umm Ruwaba Aquifer (Sudd Basin) from http://www.whymap.org/
24.20847076 11.06871309
24.62574488 11.36482405
24.79914768 11.5428886
25.08890912 11.63934023
25.32784585 11.7283725
25.53894138 11.72095315
25.71958354 11.83966285
25.72743051 12.12901774
25.73360767 12.35159843
25.73927213 12.55192105
25.74568281 12.77450173
25.83618879 12.97482435
25.83928451 13.07869534
25.99568222 13.21224375
26.16750034 13.29385667
26.55811108 13.33095345
26.80411367 13.34579217
27.10045059 13.34579217
27.37138719 13.34579217
27.75891248 13.28643732
28.0019909 13.21224375
28.09679713 13.00450178
28.22457091 12.76708238
28.22716798 12.58159847
28.19283712 12.29224358
28.19433754 12.06224353
28.18687308 11.80998542
28.35008013 11.6096628
28.35427415 11.46127568
28.4495787 11.24611435
28.52807499 11.03095301
28.64305745 10.91224331
28.8089161 10.80095297
29.10101684 10.67482391
29.41118108 10.593211
29.54444398 10.52643679
29.83428841 10.31869481
30.00070861 10.22966254
30.20853169 10.11095284
30.46590324 9.947727001
30.71449726 9.762243095
30.89991275 9.754823739
31.07962691 9.858694726
31.21813711 9.999662495
31.45044244 10.16288833
31.7151812 10.27417868
31.778286 10.41514645
31.73695993 10.73417876
31.74095266 10.86772718
31.75571729 11.07546915
31.76427022 11.34998533
31.76946448 11.51321117
31.90053848 11.64675958
32.12148243 11.68385636
32.33498477 11.75063057
32.48544296 11.95095319
32.50668384 12.07708225
32.50157584 12.17353388
32.59875811 12.29224358
32.76022553 12.31450165
32.93649538 12.27740487
33.08685757 12.22546937
33.18657305 11.93611448
33.27594981 11.83224349
33.28851403 11.70611443
33.33467493 11.57256602
33.3227279 11.46869503
33.22510721 11.32772726
33.16256986 11.22385628
33.19563437 11.20159821
33.37351019 11.21643692
33.51686992 11.20901756
33.5132319 11.09772722
33.54293793 10.97159816
33.70803164 10.85288846
33.81709579 10.8306304
33.91464416 10.7119207
34.00238059 10.54869486
34.08926391 10.3557916
34.08385336 10.17772705
34.06085825 9.96998507
34.01424371 9.806759232
33.95083319 9.643533395
33.92986675 9.487726914
33.92544763 9.31708172
33.92072313 9.131597813
33.91737234 8.998049401
33.9221295 8.849662276
33.91940836 8.738371932
33.91493871 8.552888026
33.9841441 8.270952488
33.98088925 8.129984719
34.08404064 7.848049182
34.26331004 7.573533
34.33526796 7.39546845
34.42350439 7.187726475
34.52024121 6.9799845
34.48235393 6.772242525
34.37709086 6.557081194
34.28949871 6.379016644
34.26946646 6.20837145
34.3077438 6.000629475
34.37990356 5.800306856
34.43557168 5.614822949
34.42513248 5.496113249
34.32072085 5.288371274
34.25872536 5.095468012
34.10508158 4.961919599
33.87560222 4.835790543
33.71457383 4.769016337
33.5040511 4.754177624
33.18540568 4.806113118
33.05992422 4.843209899
32.93457857 4.887726037
32.78413805 4.93966153
32.59109527 4.961919599
32.39764146 4.961919599
32.25478906 4.969338955
32.05401135 5.036113162
31.85444674 5.191919643
31.66399937 5.392242262
31.49031371 5.585145524
31.21605867 5.800306856
30.95782855 5.963532693
30.68339015 6.163855312
30.44177627 6.312242437
30.25017375 6.430952137
29.9752784 6.601597331
29.74133739 6.705468319
29.55752257 6.787081237
29.3660536 6.913210294
29.14026158 7.002242569
28.89049639 7.165468406
28.66547465 7.299016819
28.53309655 7.432565231
28.40086544 7.573533
28.33658396 7.744178194
28.4661184 7.914823388
28.53590729 8.040952444
28.67459606 8.241275063
28.57507268 8.322887982
28.28927016 8.359984763
28.03788862 8.434178326
27.72807121 8.538049313
27.36125416 8.745791288
27.12813033 8.894178413
26.71334148 9.235468801
26.43019373 9.413533351
26.17278498 9.61385597
25.89082112 9.85127537
25.70795599 9.984823782
25.36593108 10.16288833
25.05401648 10.17772705
24.72521581 10.19256576
24.55707715 10.22224318
24.41457332 10.26675932
24.31329613 10.26675932
24.1902249 10.25701612
24.20847076 11.06871309
