# Upper Kalahari-Cuvelai-Zambezi Basin from http://www.whymap.org/
14.09004058 -15.96740989
14.08522001 -15.7270937
14.18664982 -15.4136378
14.11187777 -15.25690985
14.13217324 -15.06883631
14.29646199 -14.91210836
14.47325878 -14.786726
14.69940527 -14.74493188
14.91440566 -14.74493188
15.14260436 -14.80762306
15.20359628 -14.87031424
15.34909439 -14.97479954
15.52744783 -14.93300542
15.58849349 -14.9956966
15.65221219 -15.18377014
15.71556345 -15.35094662
15.75714077 -15.61215987
15.84364599 -15.73754223
15.90180958 -15.66440252
16.02845398 -15.44498339
16.02430625 -15.25690985
16.05291151 -14.92255689
16.11063224 -14.82852012
16.4809516 -14.82852012
16.74144822 -14.72403482
16.89463852 -14.62999805
17.2035078 -14.55685834
17.39292308 -14.48371863
17.57179172 -14.4732701
17.782662 -14.29564509
17.80276647 -14.12846861
17.87040731 -13.9508436
17.86649308 -13.77321859
17.85160904 -13.6373877
17.72987327 -13.52245387
17.57176524 -13.37617445
17.45187671 -13.34482886
17.39118552 -13.29258621
17.25686597 -13.13585826
17.26544987 -12.96868178
17.3576937 -12.81195383
17.49617493 -12.58208617
17.5141802 -12.2790788
17.4747305 -12.08055673
17.37264393 -11.70440964
17.286018 -11.5163361
17.12792028 -11.31781403
17.18458252 -11.15063755
17.32348683 -10.92076989
17.24655762 -10.5759684
17.24343785 -10.37744633
17.38348045 -10.21026985
17.52400596 -10.07443896
17.64478622 -10.19982132
17.85033553 -10.41924045
17.97195249 -10.58641693
18.16535537 -10.77449047
18.38193937 -10.92076989
18.64357932 -10.92076989
18.72534238 -10.83718165
18.63827569 -10.61776252
18.62177328 -10.34610074
18.60677203 -10.1580272
18.4890911 -9.99368184
20.50484096 -8.715119586
20.68896309 -8.831063888
20.78362647 -8.810166828
20.89269614 -8.956446248
20.98864829 -9.019137429
21.13243986 -9.102725669
21.22892451 -9.196762439
21.25518818 -9.353490389
21.42559206 -9.60425511
21.64386114 -9.865468361
21.81165788 -9.949056601
21.93602908 -10.24161544
22.06198036 -10.59686546
22.09313084 -10.95211548
22.20172699 -11.02525519
22.53227613 -10.91032136
22.92268884 -10.81628459
23.19459977 -10.74314488
23.40817528 -10.72224782
23.57929526 -10.93121842
23.71321089 -11.06704931
23.71903358 -11.31781403
23.54624504 -11.55813022
23.20460412 -11.70440964
22.84951559 -11.78799788
22.78408172 -12.03876261
22.76484316 -12.22683615
22.78218845 -12.44625528
22.93070191 -12.66567441
23.03955074 -12.72836559
23.27757891 -12.71791706
23.49094626 -12.67612294
23.81319252 -12.69702
23.91274268 -12.85374795
24.07168852 -13.00002737
24.23340099 -13.24034356
24.23758726 -13.38662298
24.43541536 -13.62693917
24.56786414 -13.66873329
24.82056785 -13.741873
24.88661922 -13.9508436
25.15142119 -14.02398331
25.37584488 -13.9508436
25.67884348 -14.09712302
25.87286173 -14.19115979
25.9005147 -14.30609362
25.97947205 -14.52551275
25.8302268 -14.70313776
25.67991856 -14.84941718
25.55206964 -14.95390248
25.45970119 -15.04793925
25.46728579 -15.26735838
25.40177912 -15.44498339
25.40844062 -15.63305693
25.41068075 -15.69574811
25.80726286 -15.74799076
25.88907921 -15.69574811
26.12635825 -15.64350546
26.47317165 -15.64350546
26.85546839 -15.63305693
26.97505747 -15.63305693
26.87217519 -15.75843929
26.63849674 -15.90471871
26.43230552 -16.1450349
26.23849109 -16.39579962
26.09423425 -16.68835847
26.04508818 -16.96002025
26.13865479 -17.20033644
25.90441472 -17.33616733
25.61312965 -17.54513793
25.31667004 -17.62872617
25.05174216 -17.90038795
24.85154488 -17.99442472
24.60455903 -18.11980708
24.40132481 -18.14070414
24.09419321 -18.2660865
23.893807 -18.36012327
23.69379317 -18.46460857
23.42954731 -18.46460857
22.82699075 -18.41236592
22.67046305 -18.40191739
22.30899773 -18.3705718
21.97273773 -18.3705718
21.55807541 -18.52729975
21.35461577 -18.54819681
21.09033276 -18.54819681
20.92399825 -18.60043946
20.75414087 -18.8929983
20.6887469 -19.08107184
20.58880933 -19.3109395
20.59489795 -19.47811598
20.70395712 -19.49901304
21.02766759 -19.46766745
21.39907303 -19.42587333
21.4499825 -19.49901304
21.40624194 -19.61394687
21.2537717 -19.71843217
21.22690218 -19.95874836
21.016702 -20.13637337
20.93658056 -20.2513072
20.94697301 -20.53341751
20.93374118 -20.82597635
20.89607086 -21.10808667
20.8303572 -21.28571168
20.80245152 -21.50513081
20.7991431 -21.73499847
20.61420461 -21.9544176
20.43847441 -22.10069702
20.20023678 -22.19473379
19.95841128 -22.19473379
19.56615188 -22.04845437
19.22209722 -21.89172642
19.16968881 -21.77679259
19.11109977 -21.48423375
18.90473634 -21.45288816
18.75627117 -21.34840286
18.61572558 -21.1185352
18.48741586 -20.88866754
18.37542435 -20.78418223
18.1563139 -20.72149105
17.97442966 -20.69014546
17.94069964 -20.38713809
18.12688747 -20.17816749
18.17666017 -19.85426306
18.1787888 -19.55125569
18.15968783 -19.33183656
18.00972723 -19.15421155
17.87517126 -19.08107184
17.63309598 -19.02882919
17.2955207 -18.9974836
17.18701139 -18.98703507
16.9225303 -18.98703507
16.66046223 -19.07062331
16.54565893 -19.25869685
16.36554579 -19.26914538
16.19448892 -19.17510861
15.97309135 -18.9974836
15.81452287 -18.91389536
15.57411585 -18.91389536
15.34572918 -18.91389536
15.11843158 -18.95568948
14.88628576 -18.80941006
14.70653909 -18.83030712
14.50196291 -18.81985859
14.36643134 -18.6840277
14.44569493 -18.48550563
14.45041444 -18.18249826
14.43101136 -17.86904236
14.36666211 -17.68096882
14.2546669 -17.50334381
14.19073326 -17.3257188
14.28338594 -17.17943938
14.29076481 -16.97046878
14.20236918 -16.76149818
14.1630931 -16.60477023
14.14737646 -16.42714521
14.27687492 -16.32265991
14.201364 -16.1450349
14.09004058 -15.96740989
