# West Siberian Artesian Basin from http://www.whymap.org/
60.65002621 64.4454967
60.84274116 64.63972115
61.05570419 64.73693662
61.36244049 64.81652788
61.5888338 64.84306859
61.84437859 64.8784642
62.11150667 65.05583789
62.3685452 65.23404672
62.56884947 65.44828386
62.88196107 65.65399234
63.09582521 65.79732475
63.42077765 65.87803282
63.88869234 65.9947177
64.21590062 66.0935497
64.53992687 66.23746731
64.90793103 66.40861973
65.23875062 66.62520257
65.6595689 66.91466173
65.90967502 67.09597208
66.18905906 67.25032823
66.56013569 67.41400802
67.00126471 67.60528634
67.41570825 67.80604303
67.80160024 67.99802943
67.97480019 68.09873277
68.1503942 68.41363423
68.15942346 68.41137769
68.25749668 68.34109373
68.26054398 68.33472542
68.25693924 68.32804582
68.25000065 68.3213809
68.23970016 68.31415387
68.21110601 68.30192634
68.20082032 68.29470993
68.19720129 68.28804216
68.18553187 68.24247967
68.185258 68.23609873
68.19658284 68.22919818
68.2649962 68.18748508
68.28332444 68.18498336
68.29887266 68.18858528
68.30397802 68.18994106
68.31058108 68.19169166
68.43636852 68.22499072
68.48248164 68.25110542
68.52859906 68.27720738
68.58055033 68.31275932
68.58137633 68.33221525
68.57165603 68.33777041
68.55886836 68.34972197
68.55581689 68.35609677
68.56303521 68.36943142
68.57026317 68.37608574
68.65748737 68.43970573
68.67581196 68.45248334
68.73230148 68.48221485
68.74497823 68.48887567
68.78719902 68.51721088
68.87970095 68.59360651
68.89776231 68.60747881
68.90470638 68.61442775
68.92303455 68.63472242
69.09525894 68.8333304
69.11137667 68.86638136
69.10832089 68.87248234
69.08888253 68.87637878
69.07054376 68.8777615
69.0188725 68.87469649
68.98331979 68.87498175
68.96304179 68.8799714
68.94999564 68.88554557
68.94331016 68.89166136
68.94386207 68.89804041
68.95443921 68.90498429
68.9711005 68.90721345
69.00555426 68.90942397
69.07554403 68.91137785
69.10942201 68.91470499
69.12553686 68.91832261
69.21470701 68.95443829
69.22025854 68.95721641
69.18359185 68.95999834
69.02165328 68.96415922
68.90582482 68.94664039
68.88998459 68.94303613
68.8474913 68.92109416
68.81999378 68.91192426
68.78498848 68.91081212
68.73027079 68.91361213
68.67498417 68.91775248
68.65525755 68.92164561
68.55775227 68.9460888
68.47331317 68.9724877
68.45971704 68.9780431
68.44970959 68.98359878
68.4366475 68.99553911
68.4333163 69.00193757
68.40415876 69.03831598
68.35775669 69.07971054
68.31721216 69.10276681
68.27665585 69.1191412
68.24609636 69.13638355
68.09470753 69.23997419
68.07777209 69.25166249
68.05747792 69.26943745
68.0474887 69.28138164
68.02109897 69.33082349
68.02137708 69.34360552
68.02527175 69.35026867
68.03581526 69.3572088
68.04998675 69.36470005
68.09942633 69.40109019
68.10497796 69.5405401
68.10164887 69.54664226
68.08499022 69.55053566
68.06580868 69.5519223
68.05026073 69.54693875
68.03610146 69.5396983
68.02527397 69.53249722
68.0072222 69.51860226
68.0072171 69.51220472
68.01054251 69.50610458
68.02777471 69.50082748
68.04165578 69.49553999
68.03804265 69.48887698
68.02164444 69.4852634
68.00471785 69.48275941
67.9866488 69.48275941
67.96748143 69.48414577
67.9480296 69.4866592
67.82720778 69.50804581
67.80693267 69.51166017
67.78610051 69.51666146
67.69664531 69.54637459
67.68275602 69.55165462
67.64804432 69.58137835
67.63414932 69.58666016
67.61304298 69.59166441
67.4955335 69.61804923
67.47526163 69.62191644
67.43858596 69.62191644
67.38554747 69.61832711
67.37081641 69.61859495
67.35108689 69.62109343
67.32999248 69.62581265
67.17191999 69.66470185
67.13304626 69.67470869
67.11526412 69.67997639
67.10108726 69.68525315
67.07971195 69.69026277
67.05914138 69.69386399
67.01971588 69.69859593
67.00054946 69.69970707
66.98220783 69.69970707
66.97082548 69.69386399
66.91720674 69.62886587
66.95027057 69.54165959
66.95387561 69.5355383
66.95027139 69.52887273
66.93636754 69.52137533
66.91609036 69.52526717
66.87359442 69.54137251
66.79914695 69.57415495
66.79193675 69.58027788
66.78470987 69.59247779
66.76748983 69.75111049
66.76721347 69.75722498
66.86970645 69.99443656
66.87330828 70.00111007
66.89943327 70.02582042
66.92082537 70.03998138
66.95082572 70.052202
66.96775783 70.05470616
66.98304853 70.05470616
66.99386936 70.04887613
67.00471387 70.02415831
67.00138596 70.01775974
66.9849876 70.01389437
66.96998866 70.00777714
66.96305118 69.99443656
66.96665788 69.98830874
66.98470972 69.96415289
66.99193568 69.95833333
67.01138254 69.95720999
67.02916123 69.95833333
67.17553296 69.98776044
67.20860147 69.99498426
67.2236038 70.00111007
67.23776595 70.00860866
67.24859235 70.01554677
67.27721055 70.04304587
67.3097118 70.07693766
67.32777793 70.09749124
67.29165869 70.15860383
67.2810951 70.17053161
67.26666635 70.18220915
67.2558277 70.18803838
67.24413873 70.18858102
67.24414017 70.18192801
67.25138884 70.16970862
67.25804497 70.16527401
67.26500243 70.15304692
67.26499686 70.14664859
67.25804263 70.13970906
67.23830545 70.14110262
67.11192373 70.19582486
67.09887634 70.20525937
67.09166581 70.21110989
67.08804814 70.21721288
67.09888079 70.23692988
67.20694111 70.39694898
67.25942867 70.46138154
67.21971465 70.50833383
67.21249413 70.51416691
67.20887881 70.52026357
67.20887964 70.52666146
67.25109723 70.61137058
67.27693093 70.6574928
67.28442693 70.67053504
67.33610477 70.71832738
67.33971174 70.72499422
67.33970484 70.75027268
67.33610886 70.76277357
67.33249079 70.76887837
67.32138235 70.78082595
67.30664424 70.79248245
67.28442278 70.80385799
67.25860943 70.81470815
67.2288643 70.8255495
67.2066454 70.83027289
67.18580378 70.83276166
67.10720579 70.83527033
67.08998456 70.83137623
67.07527792 70.82416355
67.05971125 70.8180649
67.04192495 70.81248275
67.00804054 70.80497951
66.70748632 70.76193445
66.68886884 70.76053999
66.68136455 70.76639153
66.61276074 70.86193012
66.60886765 70.87441851
66.61581183 70.88749444
66.62664824 70.89471202
66.65776464 70.90694161
66.67387208 70.91192385
66.69108233 70.91553875
66.72276139 70.9266476
66.75305225 70.93997648
66.76415604 70.9472089
66.8338752 71.00248697
66.89166434 71.07748595
66.88415314 71.08305593
66.82138089 71.10193267
66.81248938 71.09748756
66.75416501 71.06053195
66.7430401 71.05331008
66.73942066 71.04693984
66.74331577 71.04082403
66.77388063 71.01748142
66.76639207 71.01054602
66.75471548 71.00471686
66.71887901 70.9997194
66.69941756 70.9997194
66.67915713 71.00110766
66.66192353 71.00360159
66.6430566 71.00860955
66.62025163 71.01971172
66.61638086 71.02581571
66.61609351 71.03859316
66.62303069 71.05164645
66.6341552 71.06498596
66.64137249 71.07193558
66.68192538 71.09360093
66.69693471 71.10109073
66.74220275 71.12164625
66.77276912 71.13527126
66.78387288 71.14220691
66.81137293 71.16389016
66.82609247 71.17747272
66.82970991 71.18386336
66.83693224 71.2033319
66.83665666 71.20972455
66.90331823 71.28692419
66.91554499 71.29275411
66.93441982 71.29387332
66.99332021 71.29414798
67.01220589 71.29525627
67.08581895 71.30386517
67.33222001 71.35138895
67.36692671 71.35859846
67.41720598 71.37302905
67.62498943 71.44026472
67.79471338 71.48720815
67.96886781 71.54053834
68.09969744 71.60108453
68.12717487 71.61526219
68.31330751 71.71609613
68.46554039 71.81889142
68.49192277 71.8705408
68.50027349 71.88361927
68.5644289 71.96722777
68.65304045 72.07249159
68.73914867 72.23969833
68.91804204 72.56833175
68.9588788 72.62665654
68.96832331 72.64582454
68.97137428 72.68331575
68.97192348 72.68942594
68.9766585 72.69582651
68.98526529 72.7024874
69.01054944 72.71638949
69.04414152 72.73054408
69.11554073 72.75166535
69.15220655 72.76081895
69.16970706 72.76666517
69.20331807 72.78082859
69.22498893 72.79443429
69.23387178 72.80108303
69.29637947 72.85999624
69.31053207 72.87942974
69.3124783 72.89803802
69.30554148 72.91026199
69.30247625 72.92249766
69.3119208 72.93525634
69.32083112 72.94192658
69.33388264 72.9488685
69.36942733 72.96053883
69.38916761 72.96277382
69.50999428 72.97360431
69.53053954 72.97469637
69.55192283 72.97442582
69.74470992 72.96999661
69.7666664 72.96860388
69.78803623 72.96415595
69.79552605 72.95832491
69.79803398 72.94609363
69.79747935 72.93970333
69.78360127 72.93414513
69.7013855 72.93027864
69.56218628 72.91469775
69.55331564 72.90832962
69.54860468 72.90166217
69.54803578 72.89553519
69.55138252 72.88944017
69.56303746 72.88388413
69.58221129 72.87970063
69.60470805 72.87720887
69.64832784 72.8744168
69.71110697 72.87498675
69.77277045 72.87803923
69.81110157 72.88472506
69.83082158 72.88692711
69.87191642 72.88888914
69.8924872 72.88970978
70.2449742 72.89999048
70.30775514 72.90054093
70.43498325 72.89887909
70.52221714 72.89276282
70.58693076 72.88944017
70.62997482 72.88776873
70.75749959 72.88472506
70.7985998 72.8863866
70.87858485 72.89498478
70.9172069 72.90166217
70.97720464 72.90776928
71.12553057 72.90555615
71.14665361 72.90498599
71.16859477 72.90359438
71.33333206 72.90166217
71.49692935 72.91081251
71.517484 72.91165371
71.53858978 72.91137287
71.56053391 72.90971147
71.58332422 72.90582648
71.67637262 72.88610585
71.74246955 72.86998326
71.76528124 72.86609035
71.80970707 72.86053658
71.85359576 72.85609397
71.91859923 72.85109166
71.93969466 72.85081169
71.98441855 72.84387824
72.00360327 72.83831682
72.00638105 72.83221499
71.99219917 72.82693362
71.97304222 72.82222282
71.95359939 72.81915279
71.91360477 72.81526234
71.87164607 72.81582269
71.84999697 72.81749264
71.82998155 72.81553236
71.81581351 72.80998208
71.88026225 72.79664371
71.90193402 72.79498402
71.92248797 72.79583384
71.96165814 72.80081306
71.98109596 72.80415303
72.03915136 72.81498249
72.05802603 72.81944249
72.07221686 72.82499342
72.27971032 72.79943308
72.54470477 72.76361691
72.61219678 72.75138507
72.76971681 72.72249238
72.81442562 72.71416199
72.83333266 72.70860822
72.81109231 72.64971663
72.80137578 72.64332954
72.78332388 72.63638449
72.74636892 72.62525927
72.73248213 72.6185956
72.72692068 72.61220116
72.72360654 72.59972297
72.79192556 72.46998999
72.79332052 72.41442514
72.79414014 72.4019279
72.79887351 72.38998022
72.83638142 72.33554395
72.86220618 72.31164909
72.87248268 72.30582594
72.87886515 72.29999214
72.88360142 72.28776128
72.88192747 72.28138318
72.862757 72.26831929
72.80970653 72.24803007
72.77276566 72.22804261
72.76331754 72.22137125
72.73664753 72.19582292
72.56805893 72.00972289
72.56540295 71.99661441
72.56193482 71.98480542
72.5519416 71.9595188
72.53639372 71.92786049
72.53083805 71.92146134
72.51889363 71.91119535
72.50973579 71.90452079
72.48305682 71.89089535
72.4463803 71.88200734
72.38889559 71.87615532
72.37084031 71.87171718
72.35694927 71.8661522
72.3438877 71.85948133
72.33444075 71.85282979
72.31834682 71.83366059
72.31388766 71.81474317
72.31889918 71.80252558
72.32362297 71.79586898
72.33250133 71.78392082
72.34526641 71.77198412
72.35415828 71.75976324
72.36638179 71.72918864
72.36192212 71.71029545
72.19247717 71.6002665
72.04693492 71.57054928
71.95138678 71.56303583
71.86720088 71.53831319
71.85054263 71.53138328
71.82470853 71.5177613
71.81553476 71.51110853
71.80525752 71.49832627
71.80108793 71.48499476
71.80247837 71.47249184
71.80998146 71.45415931
71.8294378 71.43609571
71.84610297 71.42443584
72.05636172 71.30219645
72.0983324 71.28526611
72.12997526 71.27416658
72.21887556 71.24637321
72.34275604 71.20776346
72.48887729 71.16998559
72.50942878 71.16692787
72.52943456 71.16527156
72.54887091 71.1647032
72.56999389 71.16081275
72.59109069 71.1552574
72.61109691 71.14359823
72.65109402 71.12026494
72.66692931 71.10832706
72.67303758 71.10220668
72.67747073 71.08997756
72.66693113 71.07721137
72.65247925 71.06415402
72.63443286 71.05081464
72.61859354 71.0313822
72.61553627 71.01886999
72.6216409 71.01276588
72.71026296 70.95999338
72.81442176 70.89525932
72.83832363 70.87137175
72.84053949 70.86525937
72.83443186 70.83998468
72.77331425 70.72470165
72.68248167 70.62109558
72.68081532 70.61469995
72.68165713 70.6022023
72.69941131 70.58414936
72.72858902 70.56637325
72.74192966 70.56080871
72.76110848 70.54887377
72.77303832 70.53692079
72.77747844 70.52443489
72.779434 70.42415709
72.77804856 70.41804905
72.7608207 70.4136107
72.72387153 70.41192109
72.70609968 70.40998905
72.6883133 70.40693963
72.63859194 70.38970666
72.58943181 70.37026437
72.54054839 70.35054493
72.52443074 70.34360742
72.49971229 70.32998589
72.46609365 70.30970398
72.43248487 70.28942702
72.42747317 70.28304741
72.42470375 70.27026996
72.42692068 70.26416307
72.43887493 70.25221232
72.45804095 70.24026329
72.48442496 70.2288773
72.5183218 70.21775508
72.5388803 70.21220437
72.58943066 70.19552463
72.60859321 70.1838649
72.61442447 70.17776436
72.6202599 70.16165303
72.62220507 70.15555411
72.62082108 70.14916511
72.56805042 70.09026547
72.53610537 70.07639575
72.50776762 70.06276027
72.49553637 70.05582773
72.48553632 70.04275633
72.52832398 69.97554308
72.55664307 69.95776694
72.56972166 69.95193831
72.59220535 69.94026251
72.63943549 69.91081048
72.65442976 69.8991588
72.6777665 69.87469792
72.68637481 69.84972603
72.68719916 69.83720744
72.67858644 69.79915487
72.67082264 69.77998082
72.65803821 69.75416801
72.65304666 69.74775662
72.63581428 69.73441697
72.57331987 69.69970707
72.50166139 69.64610719
72.5074908 69.63998039
72.51666554 69.63415949
72.52971273 69.62832008
72.5388763 69.62248164
72.55415392 69.61053664
72.55970591 69.60443012
72.5927631 69.56165062
72.61442996 69.53111021
72.62220443 69.51860226
72.62442644 69.51250174
72.63081413 69.49386715
72.6338761 69.47498782
72.635548 69.43858634
72.62247777 69.34193449
72.58027864 69.25665072
72.54942476 69.24274926
72.51360732 69.22221298
72.50526515 69.21554861
72.49887454 69.20833108
72.47943333 69.1822063
72.47276132 69.1502709
72.48136603 69.12526064
72.55386164 68.97666342
72.5694484 68.95193761
72.57720619 68.9397031
72.58276542 68.93359323
72.61192549 68.90942397
72.64137246 68.88554557
72.6702601 68.86720344
72.72026045 68.84388007
72.79275967 68.81553832
72.82443176 68.8041506
72.89137475 68.78166326
72.96388063 68.76331996
73.00166069 68.7547144
73.05693203 68.74553973
73.09526046 68.73442084
73.12692443 68.72303693
73.15498599 68.71166358
73.22304285 68.68276434
73.2599994 68.66526811
73.30692816 68.64803955
73.38859684 68.61970392
73.4077615 68.61415314
73.42637606 68.60999119
73.46304185 68.60387187
73.48193579 68.5983269
73.51332389 68.58693907
73.58638133 68.55053646
73.62969735 68.52053986
73.65082005 68.49582176
73.65277229 68.48969977
73.65276839 68.47692695
73.64803782 68.45776071
73.64137319 68.44470332
73.63638002 68.43830952
73.62469592 68.43165624
73.60859643 68.42719945
73.59694366 68.43165624
73.591933 68.4377606
73.58804552 68.45027371
73.58970607 68.45664839
73.59637646 68.46971221
73.60470816 68.47638713
73.6063704 68.48275904
73.59414514 68.48858711
73.57721145 68.48803792
73.56080718 68.48471928
73.52720541 68.47526469
73.46943711 68.44886806
73.44941282 68.43525728
73.4297043 68.40914908
73.42303501 68.39610268
73.41693458 68.37053848
73.40860481 68.36388017
73.37830681 68.34998721
73.26361231 68.29832551
73.10970939 68.2238759
73.09804125 68.21693406
73.09332501 68.21054043
73.07083105 68.09526878
73.07277264 68.08888249
73.08332851 68.07666678
73.09220989 68.07054555
73.11609216 68.05887026
73.12469378 68.05303804
73.15248354 68.02887148
73.16638086 68.01666331
73.19275203 67.98610148
73.1997053 67.97360182
73.20555066 67.95471124
73.20721682 67.85942051
73.20554862 67.85303917
73.19747598 67.84637511
73.18247906 67.84054533
73.16665475 67.83720439
73.1146964 67.83553858
73.09887939 67.83248951
73.08332772 67.82804802
73.075273 67.82110373
73.07054213 67.81470558
73.06776706 67.80192463
73.04081381 67.72415241
73.02469901 67.72221545
72.89137539 67.68580867
72.88360907 67.67915141
72.88943293 67.66026084
72.89471348 67.65415868
72.88998604 67.64749847
72.87553758 67.64054689
72.85998264 67.63581734
72.84415043 67.6327506
72.82805106 67.63081223
72.69774545 67.61970533
72.68109457 67.61886951
72.66415129 67.61943329
72.64693901 67.62109078
72.6133138 67.62220728
72.59721523 67.61998722
72.58166866 67.61554046
72.55608655 67.60166101
72.54054439 67.58804179
72.53915252 67.58166751
72.54525549 67.56276044
72.54998502 67.53749124
72.54748363 67.52470117
72.54275274 67.51804907
72.53166142 67.51111086
72.50221331 67.49942196
72.45665066 67.4858109
72.40884008 67.47600497
72.39498857 67.47026984
72.39387701 67.46388357
72.39776299 67.45109312
72.40304464 67.44497529
72.42025597 67.43304481
72.43941991 67.41499035
72.45027582 67.40248217
72.45220894 67.39637634
72.45109354 67.38998406
72.43609437 67.36359784
72.41804705 67.33720526
72.41053381 67.33055013
72.39942645 67.32360572
72.38471792 67.31776648
72.36886821 67.31553741
72.28859028 67.30803675
72.27221931 67.30720338
72.25555804 67.30776551
72.24081196 67.31191835
72.23220666 67.31806168
72.22026219 67.32388191
72.20248677 67.3280495
72.18609718 67.32721167
72.05553734 67.30165038
72.04054229 67.29694568
72.03942836 67.29054157
72.03887925 67.26220535
72.04998805 67.25915365
72.17249088 67.23831179
72.18997136 67.23553245
72.20193459 67.22970294
72.21249312 67.21720729
72.23136548 67.17997675
72.23359336 67.17359742
72.23109501 67.16053902
72.22026121 67.15359586
72.2052589 67.14916363
72.18887127 67.1483315
72.16831741 67.16582666
72.12052945 67.17581004
72.04999039 67.15026723
72.0063748 67.13275072
72.00888226 67.11637831
72.01415499 67.11026496
72.01331861 67.07304413
72.0122035 67.06666262
72.00471057 67.0597072
71.87469487 66.98776349
71.77443385 66.94552664
71.68027226 66.93414599
71.56109602 66.92886001
71.41026213 66.96693233
71.40471212 66.92692401
71.51582196 66.75971892
71.56805811 66.73054462
71.58638103 66.72498976
71.59804053 66.71943885
71.5994244 66.68748293
71.57249093 66.65247952
71.55859191 66.64526186
71.54332286 66.64332671
71.39887753 66.63916621
71.27026249 66.63720799
71.2371939 66.63916621
71.06666483 66.62693143
71.05304239 66.61970574
71.04165537 66.60609533
71.04387174 66.59998788
71.05720453 66.59499269
71.07499759 66.59082127
71.09221092 66.58804467
71.04859918 66.56498497
70.98248418 66.53414852
70.74275431 66.50972012
70.71110191 66.50777766
70.69498026 66.50804689
70.67831576 66.50972012
70.50471559 66.54165543
70.46971012 66.54859618
70.3274829 66.58110137
70.31248511 66.58666402
70.30053689 66.59221172
70.29498315 66.59832726
70.29247856 66.60470409
70.29081609 66.61747777
70.29136251 66.62386914
70.29609171 66.63720799
70.30304004 66.6438756
70.31694347 66.64999409
70.44386386 66.67443126
70.50776733 66.67692641
70.56971972 66.68470871
70.6005365 66.68887891
70.67915422 66.71304178
70.74108798 66.73831251
70.74192755 66.74498641
70.73969964 66.75139088
70.73081882 66.75722246
70.71360533 66.75999305
70.69720589 66.76026841
70.61692555 66.75694284
70.58526711 66.75498674
70.5697222 66.75277854
70.54026397 66.74443212
70.53580762 66.73915123
70.52581608 66.72303852
70.5111027 66.69386078
70.35470502 66.67803857
70.33888501 66.67692641
70.32249849 66.67720094
70.28858931 66.68027268
70.23719823 66.68748293
70.1835947 66.69970753
70.1499936 66.71054152
70.06303496 66.75637933
69.98803384 66.79664519
69.97915718 66.80276324
69.96775807 66.8147078
69.89193671 66.83193828
69.86331445 66.82222033
69.80165005 66.81330896
69.61886443 66.78858849
69.60248156 66.78888712
69.51500156 66.80247434
69.46110527 66.81415254
69.42499158 66.82222033
69.40664889 66.82609775
69.38970551 66.8274821
69.37330416 66.82777595
69.16249554 66.83055388
69.11469483 66.82720718
69.03581195 66.8205471
69.0052668 66.8158165
68.9755399 66.80859273
68.96775482 66.80415218
68.98553286 66.78610051
68.99414019 66.78166089
69.01110851 66.78028141
69.04387101 66.77970861
69.0608073 66.77832
69.07860068 66.77581821
69.09387077 66.7702604
69.11219658 66.75860591
69.11747828 66.746095
69.11553634 66.71387969
69.11053132 66.68748293
69.10331327 66.67415674
69.0994243 66.66110303
69.09832636 66.64803994
69.09748684 66.63499368
69.10303966 66.62248316
69.11165105 66.61026735
69.11747519 66.6041554
69.15416106 66.58720287
69.23081584 66.5602565
69.36775352 66.51277245
69.38610791 66.50749869
69.42082112 66.50221057
69.50664903 66.49443174
69.55775964 66.49193109
69.59026904 66.49165338
69.63998343 66.48831237
69.65664723 66.4869324
69.67360171 66.48526926
69.74274761 66.47442572
69.76054458 66.47054211
69.80914716 66.45416346
69.99525305 66.40054314
70.02916077 66.39610058
70.09776206 66.38526603
70.23609727 66.36026805
70.32443366 66.33998047
70.37580731 66.33166607
70.4246948 66.32943433
70.45665047 66.33027898
70.56860101 66.33499735
70.63136563 66.33888457
70.67692498 66.34553916
70.88026608 66.36026805
70.97387571 66.36692761
71.00637749 66.36638013
71.24832179 66.36220358
71.31303544 66.36081063
71.42886097 66.35054101
71.4619289 66.34721412
71.66360147 66.31972468
71.68054067 66.31666749
71.71581878 66.30720461
71.74497959 66.29583189
71.75359957 66.28997912
71.77442869 66.26527189
71.79331903 66.24693081
71.80165222 66.24108981
71.81303113 66.23526797
71.83055138 66.2310959
71.84693682 66.22943186
71.86219971 66.2313699
71.8919383 66.23831313
71.90636907 66.24274978
71.92109582 66.24609593
71.936368 66.24832169
71.95332825 66.24526227
71.97638018 66.233599
72.00000016 66.21943903
72.01054713 66.22638695
72.05247386 66.23942501
72.21331886 66.28055567
72.29136581 66.28610217
72.32193219 66.28997912
72.33637984 66.2947097
72.35026556 66.3016479
72.37498591 66.33499735
72.38804848 66.3549823
72.39027442 66.36805055
72.39553875 66.41304122
72.39359633 66.41943566
72.36276551 66.45637405
72.36081107 66.46277045
72.34971705 66.50833073
72.35470736 66.53276795
72.47414683 66.6041554
72.5036006 66.61330974
72.5347154 66.61747777
72.61276333 66.62638141
72.69220221 66.63026639
72.74081743 66.62997795
72.78858787 66.63220192
72.80386561 66.63415578
72.91249191 66.64943602
72.94303898 66.65610438
72.95387523 66.66303912
72.99552351 66.69693727
72.99358869 66.70332972
72.98858767 66.70942414
72.98498713 66.7219259
72.99247549 66.72887344
73.0036007 66.73553698
73.15887403 66.76971025
73.20499024 66.77943382
73.37469205 66.80970687
73.50027129 66.82554365
73.51554905 66.8286056
73.52998545 66.83581667
73.61080876 66.90248052
73.61554285 66.90887547
73.71138557 66.93970804
73.74220585 66.94609115
73.77276536 66.95387897
73.81776672 66.96832767
73.83276191 66.97415211
73.84720874 66.98109341
73.85832226 66.98803882
73.86637933 66.99470506
73.87109553 67.00110981
73.91859301 67.06944186
73.95165813 67.21748321
73.95138815 67.22442501
73.94802829 67.2372036
73.93331769 67.25555981
73.92498979 67.26165757
73.9022071 67.28499005
73.90054722 67.29137481
73.90887288 67.29803179
74.04109187 67.39750093
74.06080676 67.41110499
74.08388126 67.42470588
74.0986035 67.4316575
74.1583237 67.456649
74.24886869 67.49192678
74.27138738 67.50000354
74.37137194 67.53471392
74.41693395 67.55165326
74.53831993 67.59942661
74.64444324 67.64387734
74.67442435 67.65749386
74.7047117 67.67137076
74.73997521 67.69164967
74.75526148 67.71110515
74.77443081 67.74359967
74.78304862 67.76304557
74.79386898 67.7885904
74.80303954 67.82083055
74.82053995 67.92360188
74.82083 67.93636912
74.81191937 67.97387477
74.73165663 68.14305142
74.72665123 68.14943664
74.71360694 68.16165086
74.69192761 68.179706
74.63220238 68.22859834
74.60720949 68.24664139
74.53665325 68.28221091
74.49109279 68.29971553
74.42164536 68.32888292
74.37164198 68.34998721
74.34776228 68.36165752
74.33943029 68.36775287
74.33442819 68.37387213
74.33276827 68.38026636
74.33638036 68.39305166
74.34664991 68.40610265
74.38109055 68.43248919
74.39305139 68.43943157
74.42747345 68.4658215
74.448027 68.48610121
74.45332382 68.492748
74.46026612 68.50556121
74.46554413 68.52470263
74.4674836 68.53804062
74.46582184 68.54443488
74.45386922 68.56303379
74.42831551 68.58110059
74.41832245 68.59333196
74.41229328 68.61212029
74.44359118 68.68276434
74.45749166 68.69582267
74.4836001 68.71582023
74.49581867 68.72249087
74.52693475 68.7361015
74.55887226 68.74748558
74.64054808 68.76914928
74.69053759 68.77832103
74.72414913 68.78332477
74.82526805 68.7980343
75.02720663 68.82971011
75.07720785 68.83998048
75.14415417 68.852204
75.46638587 68.89860607
75.50055112 68.90193281
75.5177643 68.9024798
75.53554568 68.90165745
75.72443003 68.91970588
75.79165963 68.93414475
75.82527422 68.9399742
76.09942468 68.9724877
76.22026268 68.98305636
76.32527095 68.98581092
76.50166458 68.98109679
76.51944144 68.98026883
76.55525354 68.97608798
76.57331996 68.97276325
76.59166523 68.96833086
76.60693428 68.96220499
76.61499037 68.9560988
76.70027077 68.86998735
76.70248405 68.85721126
76.69999631 68.85108751
76.6941375 68.8444361
76.68136853 68.83804226
76.64887536 68.82470479
76.63611266 68.81806003
76.62664542 68.81136901
76.62082426 68.80497655
76.61608552 68.79220339
76.62082029 68.78610272
76.64137679 68.767763
76.67580789 68.74971638
76.76804754 68.72026562
76.80414833 68.71081473
76.88832219 68.68636901
77.19859263 68.58442724
77.27331142 68.54803544
77.28442338 68.54192903
77.31666825 68.52304024
77.32442949 68.5169359
77.32554328 68.51054269
77.30609641 68.38527044
77.30358697 68.3788666
77.29775911 68.37248175
77.25804087 68.33998326
77.24859054 68.33360076
77.23220508 68.32943561
77.21554243 68.32666596
77.19859258 68.32499677
77.18220573 68.32083258
77.17303658 68.31443265
77.16720723 68.30776363
77.16220372 68.29498433
77.16303924 68.28888823
77.16692579 68.27554392
77.18914935 68.26332149
77.20694016 68.25888109
77.25972249 68.24859662
77.32916223 68.23969806
77.3466532 68.23637731
77.36110106 68.23165885
77.35860288 68.22526432
77.31330916 68.16110337
77.30748107 68.15470816
77.24275486 68.06470342
77.18996697 67.98776039
77.19164848 67.97526486
77.19609449 67.96888087
77.20721959 67.9627708
77.24664211 67.94609048
77.2941452 67.92164709
77.30164711 67.91553975
77.30359035 67.90277009
77.30109282 67.89638121
77.24220653 67.83831946
77.21748835 67.82499916
77.20110159 67.82222418
77.18415011 67.82193682
77.16692639 67.82527235
77.15277077 67.83137449
77.14414516 67.84388144
77.14665067 67.85026223
77.13026534 67.84721273
77.11415123 67.84305804
77.09833031 67.83638104
77.08581664 67.82998629
77.0766631 67.82331875
77.07083486 67.8169402
77.07026911 67.80998245
77.0722192 67.79722118
77.07666524 67.79109695
77.09193876 67.77859622
77.11387115 67.76638849
77.13135939 67.76054399
77.28888377 67.7130419
77.3410932 67.69775338
77.39305143 67.68609566
77.4272065 67.67915141
77.4958153 67.66526857
77.51304837 67.66053792
77.67276062 67.61165701
77.68691731 67.60554409
77.69442463 67.59942661
77.69859231 67.59332793
77.78553475 67.56191645
77.83442996 67.56915388
77.86747962 67.57082905
77.95109348 67.56609337
77.96804511 67.56388309
77.97609338 67.55137647
77.98359088 67.54498041
78.0355349 67.54026925
78.05193306 67.54054601
78.1169337 67.55415423
78.14943139 67.56109524
78.21388942 67.57748506
78.23027095 67.58027765
78.24664106 67.58166751
78.2633196 67.58055021
78.28055234 67.57582333
78.29776047 67.56972601
78.30831882 67.56360627
78.32222411 67.55748627
78.33943642 67.55276472
78.35609785 67.55026379
78.37303401 67.54942852
78.47248729 67.55081305
78.4888815 67.55108984
78.50526386 67.5524744
78.5216485 67.55664172
78.53414597 67.56303356
78.55026195 67.56972601
78.56637802 67.57499647
78.58249082 67.5788792
78.61554375 67.58194007
78.71442638 67.59082112
78.73081967 67.59109309
78.78110032 67.58666169
78.81498684 67.58082707
78.84888137 67.5711065
78.88275335 67.56388309
78.93304684 67.55693267
78.94970712 67.55582485
78.96638821 67.55610165
78.98275391 67.55748627
79.0448448 67.56715454
79.0374881 67.57970978
79.01666421 67.59193361
79.00277875 67.59832757
78.86581484 67.64610282
78.84887954 67.64832959
78.78193688 67.6524822
78.74886843 67.65220453
78.71581947 67.64803839
78.70304686 67.64275938
78.69026349 67.6361085
78.68749081 67.62970303
78.68137098 67.62330718
78.66859873 67.61693017
78.65276499 67.61026737
78.62025615 67.60220562
78.60358844 67.60081118
78.58720018 67.60053919
78.57026503 67.60276438
78.5027781 67.61331438
78.46832662 67.62414734
78.46443699 67.63053893
78.47415215 67.63443662
78.49053642 67.63471855
78.50748954 67.63360561
78.54136735 67.62775857
78.57470411 67.62580983
78.59109703 67.62859015
78.6072065 67.6338783
78.6166557 67.64027479
78.61943077 67.64665258
78.61137253 67.65914764
78.59776194 67.66526857
78.45915764 67.68498219
78.30026072 67.67249394
78.1666481 67.66081006
78.13720507 67.65525828
78.10359372 67.65721187
78.08638273 67.66220098
77.98915803 67.69470394
77.88164969 67.72943115
77.76250133 67.74526342
77.74999909 67.73858825
77.73415399 67.73333247
77.71776069 67.72915821
77.66859076 67.72303853
77.65193712 67.72276068
77.6013807 67.72581647
77.5674812 67.72887172
77.53332637 67.73442304
77.49859627 67.74414008
77.48109073 67.74999784
77.47026225 67.75610552
77.46249034 67.76220369
77.45415961 67.77470249
77.45332962 67.78110316
77.47165698 67.98915066
77.50304694 68.09136772
77.520826 68.11080705
77.54331855 68.13081151
77.55859316 68.14387282
77.57720469 68.15664747
77.61553294 68.17637723
77.64414873 68.18970406
77.69274662 68.20942576
77.70888066 68.21470522
77.72554354 68.21887947
77.74219792 68.22164691
77.80941856 68.22804122
77.86053235 68.22887257
77.91137833 68.23081819
78.01416485 68.23831378
78.03109514 68.23997665
78.14888514 68.25194129
78.16527201 68.25860678
78.17470388 68.264999
78.17414269 68.27110301
78.16998256 68.27748112
78.0963815 68.35193073
78.08888684 68.35832859
78.0711102 68.36303412
78.00165871 68.37191891
77.97303798 68.38274978
77.96192315 68.38889284
77.95027692 68.40138156
77.93525827 68.4391568
77.93498395 68.46943736
77.94774123 68.47581443
77.95305396 68.48858711
77.95248169 68.49470408
77.94386329 68.50722333
77.93636829 68.51361635
77.92164628 68.51943619
77.90387268 68.52443757
77.88639093 68.52665868
77.85276414 68.52082851
77.83610619 68.5169359
77.81944951 68.51138558
77.80247572 68.50999339
77.78472123 68.51332276
77.77360152 68.51943619
77.71554116 68.60747881
77.71277433 68.61442775
77.714714 68.62693267
77.71721103 68.63333295
77.72943425 68.6461061
77.74081584 68.66388818
77.74887593 68.68304411
77.74386939 68.72082597
77.69219993 68.8710947
77.68358844 68.88333119
77.66804188 68.89583012
77.65332215 68.90165745
77.63499768 68.90776982
77.61664675 68.91249
77.59887031 68.91470499
77.56693728 68.91775248
77.53165679 68.91970588
77.51443529 68.91943546
77.49693047 68.91775248
77.44413653 68.92053336
77.40832204 68.92637577
77.39027462 68.92969903
77.35358946 68.940264
77.32721543 68.95248424
77.30443318 68.96443101
77.2863788 68.96914875
77.2138818 68.98275709
77.14248375 68.99136203
77.03610416 68.99693276
76.94692832 69.00499195
76.92915176 69.00722387
76.91110748 69.0105447
76.89136699 69.02277314
76.85554629 69.04722118
76.84748656 69.05331334
76.83471723 69.06553304
76.83387862 69.07193576
76.81998977 69.09027128
76.8119231 69.09637593
76.80026194 69.10248093
76.78525482 69.10859565
76.73609198 69.12638006
76.71747924 69.13220085
76.6266422 69.14637801
76.60859406 69.14860295
76.59525559 69.14332949
76.58581723 69.13666016
76.57304227 69.13026222
76.55582112 69.12720355
76.53831153 69.12692822
76.52053718 69.12776171
76.50248672 69.1297003
76.4099909 69.14193827
76.3735969 69.14749765
76.23304943 69.17915111
76.10859158 69.21775565
76.08970473 69.22360089
76.05581723 69.23275997
76.03719615 69.23720357
76.00139232 69.23887731
75.96609758 69.23803793
75.93136504 69.23441927
75.87886202 69.23054762
75.84386909 69.22832532
75.82609047 69.2280441
75.77249098 69.23027077
75.7541641 69.23220688
75.71748357 69.23748981
75.60664346 69.2572227
75.58859867 69.25915431
75.57053648 69.25999385
75.53526418 69.25888238
75.48332276 69.25359837
75.44970935 69.24526251
75.35276568 69.21860423
75.20942907 69.17886565
75.17665095 69.16775759
75.14387164 69.15664571
75.1544396 69.11303897
75.14860748 69.10775732
75.1313637 69.10609567
74.83665924 69.08305302
74.74941988 69.07887744
74.73165566 69.07943908
74.7130403 69.08276282
74.69442548 69.08720505
74.67858942 69.09305675
74.6408237 69.1030427
74.58442501 69.11498728
74.49192787 69.13081477
74.43719296 69.13666016
74.33665394 69.14193827
74.1910888 69.13638355
74.17469728 69.13192988
74.15859541 69.12638006
74.11053162 69.10832911
74.09387563 69.103876
73.9783141 69.07554508
73.96110692 69.07361186
73.94358821 69.07304525
73.92553477 69.07361186
73.89621099 69.08522419
73.79914492 69.13220085
73.7813757 69.14414875
73.763612 69.15610738
73.7494227 69.16804302
73.74748418 69.17443328
73.75416352 69.19999821
73.79582335 69.25193877
73.83915712 69.29776836
73.86693343 69.33666505
73.87915357 69.35582036
73.88804018 69.37498418
73.89637697 69.40693567
73.89637488 69.41943025
73.89443664 69.42581209
73.87997806 69.45054987
73.87275808 69.46277283
73.84582073 69.49332207
73.77025671 69.55358667
73.7385865 69.5749964
73.71693633 69.58693733
73.69165004 69.59832459
73.67553271 69.6041529
73.66276073 69.60999095
73.650276 69.61581929
73.64109686 69.6216398
73.63220283 69.62776489
73.60859757 69.64582986
73.59387627 69.65776886
73.5444339 69.69999395
73.51693874 69.73026802
73.51500404 69.73665949
73.514711 69.74914589
73.51638548 69.75555736
73.53915095 69.77526404
73.55165192 69.78193595
73.64999488 69.87637752
73.76304345 70.06748855
73.76832982 70.08666739
73.75887907 70.10497949
73.74609043 70.11080395
73.72581212 70.11637706
73.70637689 70.11943422
73.68997082 70.12525968
73.68441926 70.13136589
73.68609592 70.13750235
73.6913621 70.14415118
73.71859686 70.16388956
73.90609907 70.26443432
73.9224823 70.27137475
73.93942434 70.27693005
73.97388155 70.28553883
74.00694318 70.29943396
74.03803904 70.31915079
74.04914928 70.33221742
74.05831793 70.3638779
74.06387065 70.37026437
74.08387525 70.38415398
74.09694139 70.39083276
74.16331975 70.41804905
74.19304275 70.4313636
74.2061066 70.43803664
74.27469951 70.48414958
74.29332459 70.49721294
74.30998202 70.51110473
74.32693383 70.53027866
74.34026836 70.57442935
74.32054846 70.6552627
74.31498835 70.67360313
74.30386566 70.68580957
74.29471213 70.69192847
74.28526562 70.69775535
74.26304938 70.70942951
74.24999628 70.71526721
74.23664454 70.7210951
74.19386185 70.73858316
74.08692526 70.77859188
74.05303359 70.78997509
73.99275552 70.81303845
73.95304388 70.83054665
73.93414466 70.84221018
73.91887266 70.85415815
73.91137945 70.87887143
73.91499418 70.89166515
73.9166551 70.91026307
73.91638547 70.92276903
73.9124917 70.93525704
73.90555211 70.95193927
73.89776383 70.9641575
73.89193932 70.96999404
73.88247074 70.97608473
73.8691399 70.98193172
73.82554167 70.99886825
73.79109713 71.01027231
73.77776768 71.01610186
73.75471651 71.02777246
73.72608896 71.04553093
73.68525137 71.0877646
73.67747534 71.09999404
73.67137201 71.11832652
73.66138033 71.13693658
73.64194144 71.16110688
73.62220559 71.18525537
73.58693032 71.22137255
73.56553835 71.23942875
73.52666418 71.26305054
73.50333145 71.27470676
73.47221589 71.2861003
73.44108788 71.29749477
73.39248164 71.31442763
73.33998364 71.33109887
73.23304704 71.35859846
73.16886954 71.37469921
73.14776622 71.3791497
73.10664892 71.38499584
73.04359059 71.39777007
73.02581808 71.40332319
73.01582571 71.40915109
73.01360585 71.41526478
73.0152694 71.42164435
73.02083107 71.42804374
73.06442015 71.44831789
73.1080322 71.46860674
73.19358211 71.50277381
73.32916259 71.56360696
73.36913627 71.5835991
73.48412834 71.64971738
73.50330411 71.66275982
73.52024652 71.68192831
73.52579609 71.70081558
73.52525383 71.71331405
73.51719094 71.72526157
73.49913064 71.74332001
73.48302596 71.75526222
73.47301676 71.76110557
73.46691468 71.76720618
73.4688532 71.77331695
73.48025619 71.7861035
73.5188542 71.81248141
73.5321883 71.81914843
73.56831007 71.82998617
73.60496117 71.83887757
73.66025319 71.85193087
73.6971852 71.86052866
73.73412904 71.86913707
73.95971977 71.90998989
74.15168683 71.93332013
74.39813111 71.97679771
74.45513226 71.98707198
74.49293598 71.99430801
74.81388227 72.06582326
74.92553462 72.09609717
74.94358728 72.10276929
74.95803689 72.10942052
74.97443263 72.12220997
75.01361302 72.15416252
75.04275301 72.17969772
75.06136894 72.19859164
75.08276086 72.22387278
75.09109623 72.23637251
75.09359415 72.24274706
75.11080929 72.35415493
75.11026466 72.3849963
75.10859719 72.39776932
75.09610166 72.4485939
75.06164439 72.58332757
75.05970837 72.58943085
75.05053697 72.60748263
75.04109232 72.6258085
75.02748412 72.64387824
75.0158319 72.6558341
75.00776969 72.66249169
74.95582881 72.69803322
74.94581247 72.70387554
74.85914154 72.75138507
74.81469282 72.77470098
74.80054097 72.78055869
74.81025492 72.82998428
74.98553115 72.8783193
75.00582121 72.87997087
75.04803137 72.87859019
75.06944381 72.87665793
75.09136464 72.87220459
75.10970622 72.8666504
75.25109371 72.82470305
75.36026184 72.80525262
75.50555535 72.75971931
75.523602 72.7538736
75.52943072 72.74802765
75.53110003 72.74193331
75.52860095 72.7355389
75.45443991 72.70443512
75.433592 72.70498358
75.42775855 72.71110524
75.37746766 72.68275631
75.47776545 72.64832943
75.60915347 72.60360304
75.64915488 72.59221306
75.69053186 72.57470312
75.71026148 72.56275927
75.71582407 72.5566384
75.71331973 72.5505376
75.69858916 72.54413875
75.67887014 72.54109889
75.65803747 72.54193625
75.61387524 72.54637137
75.59386875 72.54470703
75.57471153 72.53943466
75.56581223 72.52692722
75.55108488 72.48942958
75.55414848 72.47719942
75.66858567 72.31999735
75.67804657 72.31388506
75.69941523 72.30941317
75.74108503 72.3055472
75.76277499 72.29999214
75.75776697 72.28749302
75.74636343 72.26859855
75.73332364 72.25610362
75.72275912 72.24971826
75.70417117 72.24305487
75.68498116 72.23887451
75.64610392 72.23305593
75.62692766 72.22887609
75.59803811 72.21582195
75.58749489 72.20942935
75.5177667 72.1522085
75.51138939 72.14583131
75.4188743 72.03166744
75.41638679 72.02554698
75.41803916 72.01943671
75.43594348 71.99998038
75.44027058 71.99526819
75.43969564 71.98277634
75.43332146 71.97666928
75.41914615 71.96999908
75.40054838 71.9647244
75.38136186 71.96166663
75.30442457 71.9511187
75.28414619 71.95167245
75.22359715 71.8444504
75.22109911 71.8380578
75.21304243 71.79473318
75.21470558 71.78832506
75.26331492 71.74026019
75.27275997 71.7341422
75.28609544 71.72832018
75.36886947 71.69971083
75.38610567 71.69386154
75.4072054 71.6880327
75.42997423 71.68441267
75.45081921 71.67997591
75.47192868 71.67443434
75.4852629 71.66859655
75.49471065 71.66249362
75.5002714 71.65638145
75.50166634 71.65026909
75.49859652 71.52388246
75.4410892 71.45776851
75.43054898 71.45248753
75.4116552 71.45082545
75.37552967 71.45471035
75.33471647 71.46110201
75.31498916 71.46193798
75.27638301 71.46081712
75.25748406 71.45803405
75.23970351 71.4513958
75.23359589 71.44497461
75.22970951 71.40138645
75.22886611 71.38889693
75.24192853 71.37608416
75.26081648 71.36414829
75.27388595 71.35833389
75.30803155 71.34693932
75.38749907 71.32415752
75.44970758 71.30832211
75.7916634 71.25610467
76.11637941 71.22026526
76.1227589 71.22665923
76.14194273 71.2272081
76.20083108 71.22221637
76.22052988 71.22026526
76.26027127 71.21609778
76.29942526 71.21194015
76.37803592 71.20498896
76.41693199 71.20360625
76.47470564 71.2033319
76.49386565 71.20388061
76.57054333 71.20664607
76.6083154 71.20999893
76.62747208 71.2102733
76.64694838 71.20943025
76.6666558 71.20748909
76.8435942 71.18857781
76.88053882 71.15583533
76.9163771 71.08831319
76.91581957 71.06972247
76.92692484 71.07221912
76.93719869 71.0786112
76.95664791 71.09776156
76.96193263 71.11026589
76.93220172 71.14694851
76.92997498 71.15914694
76.94413971 71.1658303
76.97665349 71.17747272
76.99498384 71.18165815
77.01416396 71.18332377
77.03332614 71.18358907
77.05277129 71.18276556
77.13108648 71.17416036
77.15053863 71.17330805
77.38247652 71.16637876
77.57526809 71.16331153
77.66998079 71.15803985
77.68970626 71.15583533
77.76859365 71.14220691
77.78831104 71.13749448
77.80831802 71.13165632
77.82470925 71.1255342
77.86192759 71.10775909
77.87885967 71.09553877
77.88832132 71.08332989
77.89276169 71.05219479
77.88970934 71.045824
77.88777285 71.03360325
77.89027565 71.01499669
77.90886974 70.99026241
77.91747078 70.9841412
77.92970164 70.97832352
77.9458179 70.97221344
77.96582083 70.96638636
78.0049969 70.95694409
78.02443835 70.95361114
78.04387412 70.95139224
78.11997996 70.95248631
78.27415167 70.93719115
78.30581634 70.92637416
78.31805438 70.9202577
78.34610398 70.90832895
78.37775919 70.89609915
78.39749451 70.89027809
78.41692734 70.8866547
78.43608897 70.88581496
78.5502657 70.91693584
78.56915246 70.91720924
78.62637251 70.91553875
78.7027788 70.91137708
78.75972045 70.91192385
78.87359905 70.91442532
78.95636609 70.92137185
79.03110338 70.93470948
79.04971393 70.939703
79.0605329 70.94609441
79.11275789 71.00248697
79.11220294 71.00860955
79.0963767 71.01471271
79.0769312 71.01943734
79.05775845 71.01915398
78.88360628 71.00526425
78.88220576 70.98165811
78.89804204 70.97553753
78.8908181 70.9691432
78.83553749 70.95139224
78.79859715 70.94081741
78.76110492 70.93441616
78.74247647 70.93276454
78.72331635 70.93249108
78.7041629 70.93498294
78.68470944 70.939703
78.62553558 70.95749116
78.60609449 70.96110806
78.58692813 70.9622029
78.56832764 70.95942643
78.54971419 70.95555593
78.51693496 70.94275229
78.47416024 70.91720924
78.45942256 70.91219788
78.44080983 70.91053709
78.43247943 70.91665283
78.42719548 70.92914952
78.43942661 70.95415819
78.4877648 70.9983209
78.54832451 71.03610779
78.55525418 71.04247783
78.55443262 71.04860338
78.52387999 71.09860347
78.51555016 71.10470368
78.49582822 71.11053993
78.47638725 71.11165666
78.45748798 71.11137234
78.41943366 71.10721038
78.36302937 71.09915148
78.34832141 71.09387428
78.34526317 71.0877646
78.35748128 71.08166565
78.43691846 71.05776306
78.47581558 71.05192094
78.49553227 71.0472233
78.49999984 71.04109785
78.46220326 71.0358154
78.44331956 71.03554032
78.42414929 71.03665603
78.40470542 71.0388862
78.38499695 71.04470881
78.36886436 71.05081464
78.24831763 71.09748756
78.23136843 71.10971716
78.23054567 71.11581884
78.23359228 71.12220404
78.24053763 71.12859039
78.27275888 71.14749749
78.29330935 71.16637876
78.31497885 71.20999893
78.31192278 71.23499547
78.30248199 71.24720699
78.29027011 71.25305338
78.27026375 71.25915543
78.25054954 71.26138266
78.09498696 71.27026194
77.98387304 71.26389415
77.97720491 71.25749727
77.96638348 71.2513857
77.9472103 71.25111118
77.93109265 71.25556461
77.90471052 71.30497424
77.90387443 71.3111001
77.9069408 71.31721612
77.9174763 71.32360736
77.93636736 71.32888004
77.99274968 71.34082108
78.00333266 71.3472148
78.0094296 71.35971793
78.00860861 71.36581827
77.99220149 71.37191842
77.97249303 71.37387378
77.74386471 71.31971967
77.48221456 71.31192489
77.52276907 71.30026274
77.51165438 71.29749477
77.4716491 71.30442485
77.35220237 71.32581703
77.31192449 71.33387827
77.19802972 71.36526783
77.18136497 71.37109366
77.17275932 71.37720451
77.16774793 71.38332547
77.16665612 71.38943723
77.15693567 71.40054143
77.12276052 71.41832147
77.10998536 71.42443584
77.08971107 71.42776863
77.07026074 71.42858493
77.0319378 71.42553688
77.01304371 71.42276467
76.99358432 71.42221449
76.8944384 71.43276258
76.73137391 71.4600005
76.67025893 71.47360319
76.62497933 71.50359989
76.61220046 71.50971999
76.59525422 71.51554709
76.55386531 71.52693418
76.492475 71.54053834
76.45193422 71.54722254
76.39249458 71.5508165
76.3324934 71.5569311
76.31220091 71.56025896
76.27053124 71.57165228
76.25749344 71.57777812
76.24831156 71.5835991
76.24693862 71.58970647
76.25444309 71.60860147
76.26361084 71.62109552
76.26998778 71.62747179
76.27249125 71.63360117
76.27110486 71.6399881
76.26081518 71.65193523
76.04802745 71.88415313
76.09749284 71.928593
76.29971289 71.98611189
76.36420519 72.00020747
76.39526607 72.00556426
76.41499591 72.0072273
76.43497585 72.00749528
76.55276017 72.01720884
76.61110629 72.02470521
76.7277692 72.04166107
76.78636979 72.04776262
76.81776282 72.05081454
76.89775753 72.05108137
76.9183176 72.0488721
76.95998794 72.04109631
77.21027269 71.96166663
77.24414277 71.95000082
77.41915001 71.8813653
77.45221222 71.86248539
77.46499792 71.85664448
77.49858909 71.84499371
77.56025042 71.83220828
77.62081855 71.8247102
77.66080417 71.82276409
77.70054113 71.82193412
77.72026439 71.82249736
77.75915914 71.8255499
77.83692629 71.83639756
78.01167718 71.86114139
78.03112313 71.86393823
78.10473296 71.8761456
78.12390262 71.88004042
78.14307879 71.88532905
78.17307049 71.89810339
78.1822333 71.9047677
78.20362655 71.92366715
78.22391685 71.9486651
78.2302983 71.96087481
78.22946266 71.96726733
78.21502796 71.98531983
78.19381246 71.99998038
78.17109553 72.01554494
78.11415575 72.05192341
78.07083243 72.0760984
78.05802524 72.0819356
78.01582855 72.09999345
77.99442801 72.10582198
77.97360695 72.11027356
77.95305705 72.11388204
77.91248992 72.11832367
77.85220846 72.11720285
77.81248124 72.11553755
77.77276328 72.11248385
77.65471078 72.09832851
77.63554121 72.09305524
77.61638173 72.08666256
77.60555273 72.08028013
77.56721105 72.06999472
77.54776444 72.06582326
77.52832536 72.06303895
77.48831048 72.06248443
77.4474803 72.06666546
77.40609829 72.07471125
77.38915948 72.0805477
77.37608364 72.08666256
77.37109467 72.09275775
77.36997863 72.09887353
77.37581587 72.1113735
77.44914087 72.21027304
77.46442534 72.21554417
77.48387015 72.21943513
77.50387939 72.22110321
77.52443196 72.21887955
77.54526385 72.21443241
77.56248318 72.20832808
77.57138298 72.20248178
77.58443214 72.19636859
77.62248279 72.18609773
77.64276256 72.18386528
77.66248994 72.18664334
77.67803822 72.19053356
77.73941819 72.20999528
77.75471548 72.21638793
77.7608171 72.22859826
77.78194276 72.2474834
77.90582672 72.31080369
77.92526139 72.31581302
78.08998727 72.35387732
78.21887507 72.36027156
78.25942701 72.36080856
78.27915195 72.36469673
78.29859557 72.36998704
78.31415141 72.37638255
78.3172166 72.38247935
78.32887091 72.38637899
78.42970604 72.39248697
78.45027065 72.39138256
78.50016015 72.37733749
78.49443256 72.39554081
78.49775246 72.4019279
78.5177579 72.40332067
78.53804038 72.40358996
78.57916072 72.40026653
78.76415432 72.37997291
78.82582137 72.37442317
78.84610316 72.37359733
78.92969784 72.37109116
79.01054844 72.37191698
79.13192654 72.3766511
79.23526206 72.38054003
79.29609204 72.38108695
79.37747153 72.37692944
79.47970303 72.36774952
79.50027282 72.36414992
79.54165952 72.35220716
79.6083239 72.32804877
79.67052723 72.30385785
79.72887499 72.27971322
79.74525116 72.27360462
79.78249046 72.26165568
79.80304967 72.25556731
79.84386767 72.24470326
79.8849952 72.23499237
80.10887923 72.18692167
80.16970847 72.17608631
80.24248669 72.16527255
80.34304447 72.1558286
80.42387564 72.14749722
80.46416108 72.14276672
80.56498381 72.12442058
80.68553489 72.10387952
80.78580759 72.09165806
80.80581584 72.090548
80.82610023 72.0869399
80.84610163 72.08082567
80.85415756 72.06832975
80.85054494 72.05610389
80.84665393 72.04386949
80.83859487 72.0313799
80.82026765 72.03338034
80.81309901 72.0303797
80.76510295 72.04071981
80.76026653 72.04438493
80.76242753 72.04805021
80.77026859 72.05970932
80.79026881 72.06219679
80.80637193 72.06832975
80.80998215 72.07443395
80.79026217 72.07693096
80.74999918 72.07693096
80.710275 72.07304683
80.67025839 72.06806221
80.65027212 72.06191953
80.63443221 72.05582666
80.6266486 72.04971412
80.63500194 72.03720351
80.65109302 72.03110275
80.93218251 71.94773465
81.14726024 71.88412332
81.24494723 71.85434204
81.25646957 71.84824462
81.26463048 71.84212823
81.26869163 71.83535055
81.25647335 71.81633305
81.2564691 71.80480649
81.26191583 71.79802221
81.28362032 71.77972453
81.29922235 71.77362299
81.33855894 71.76413576
81.41747236 71.74986236
81.65303579 71.70803593
81.78470276 71.69937534
82.03984926 71.69833008
82.1382203 71.70038118
82.21763489 71.7089533
82.25735624 71.71475454
82.77346448 71.77575556
82.79344668 71.77802667
82.81316733 71.77917195
82.8526388 71.77900371
82.87235693 71.77766044
82.9112718 71.77141153
82.92654372 71.76507382
82.93794913 71.75874631
82.94515972 71.75265669
82.94878302 71.74628033
82.95601369 71.74019164
82.96739589 71.7341325
82.98657569 71.72893191
83.02575665 71.72628778
83.04547869 71.72609055
83.14440977 71.73199131
83.20357885 71.73268196
83.22329594 71.73132911
83.24245613 71.72745238
83.26164712 71.72108834
83.32081972 71.68330879
83.32414593 71.67719506
83.31497147 71.66497803
83.28969582 71.64664169
83.18135466 71.57962029
83.16912981 71.57348463
83.14885928 71.56759532
83.12911344 71.56393222
83.10938679 71.56166771
83.06994636 71.55935293
83.05048442 71.55954975
83.03049766 71.55478422
83.01383176 71.54254612
83.00883133 71.53004472
82.98355413 71.46240077
82.98328121 71.4563029
82.98661557 71.44995028
82.85772687 71.39308286
82.72023025 71.37064105
82.70053157 71.36703633
82.58275399 71.34321722
82.38693616 71.30248143
82.32832927 71.28804332
82.2891497 71.27804311
82.2733202 71.27193001
82.25748387 71.25971481
82.2569431 71.25360307
82.2802681 71.17914918
82.2835957 71.17276854
82.28719698 71.16665363
82.29470883 71.16053854
82.32803954 71.14165797
82.33553936 71.13527126
82.34247646 71.12302759
82.34943163 71.11053993
82.35636388 71.09803556
82.35525117 71.07943367
82.33943572 71.06721755
82.31580237 71.05497375
82.27692989 71.04275165
82.25776759 71.03776149
82.21110068 71.01943734
82.19914739 71.01332421
82.19524976 71.00722052
82.19470089 71.00110766
82.20194579 70.98859044
82.22693155 70.95749116
82.24887153 70.93858924
82.27859151 70.92608152
82.30080664 70.91361411
82.40748166 70.78359577
82.41442716 70.77110259
82.41026576 70.76499763
82.40220993 70.75888226
82.36747387 70.74025965
82.34027431 70.72804516
82.32499787 70.72192359
82.29053738 70.70972139
82.23304825 70.69137294
82.20998667 70.6791561
82.19414277 70.66665828
82.0811015 70.56776444
82.08082887 70.56137293
82.16887537 70.43664762
82.19886692 70.3616557
82.20887222 70.33666031
82.23192899 70.28055543
82.23914516 70.27415743
82.32470234 70.21138097
82.34609976 70.19859486
82.3499929 70.20248914
82.35053949 70.2149946
82.34721249 70.22109788
82.26137501 70.35247558
82.15582728 70.56499228
82.1561 70.57111181
82.16026817 70.57748431
82.21693646 70.58694257
82.25444128 70.59166191
82.42388115 70.60833351
82.44275492 70.60942368
82.48388103 70.70167253
82.49414135 70.78055236
82.48692867 70.78693208
82.48026864 70.7994283
82.48470981 70.81164377
82.48888089 70.8180649
82.57778065 70.90804598
82.58581945 70.91416154
82.66387787 70.9472089
82.68331351 70.95332737
82.73720056 70.96276987
82.75638301 70.96249567
82.89582881 70.94413959
83.10054034 70.8938722
83.11886739 70.88749444
83.12970294 70.88108774
83.13998479 70.86859834
83.14332291 70.86248616
83.14610352 70.84998998
83.14860545 70.8374957
83.13192722 70.77553907
83.11025898 70.74470534
83.05497859 70.66943385
82.99386788 70.56526388
83.02082355 70.52776967
83.02776304 70.52137169
83.04914544 70.50887858
83.05581652 70.49748496
83.02026097 70.42943111
83.01609407 70.42303054
83.00027164 70.41081443
82.81581436 70.32888032
82.65914707 70.25526495
82.65138971 70.24914964
82.64332503 70.23665809
82.64275795 70.23054414
82.63915924 70.17443346
82.6499898 70.168043
82.82666208 70.12053764
82.98166249 70.08166674
83.07165875 70.06331161
83.10693189 70.06860079
83.15721265 70.07748845
83.17979027 70.08563225
83.19358627 70.12330513
83.17831577 70.14526444
83.13638557 70.20109391
83.1305382 70.2080392
83.11164936 70.21416101
83.04498091 70.25387899
82.95166572 70.32054801
82.97666061 70.32971442
82.99470291 70.33248889
83.01581987 70.33276037
83.03692193 70.33137312
83.05554916 70.32888032
83.06887716 70.32470929
83.12220724 70.31637677
83.20665477 70.31025695
83.33499772 70.31080993
83.35831692 70.31191526
83.37637323 70.31470884
83.53166116 70.33915398
83.65498522 70.4030472
83.77110609 70.46914532
83.77082779 70.47442156
83.76304512 70.54220136
83.67719187 70.62497977
83.59664306 70.70332911
83.54693086 70.78553719
83.51804782 70.84414275
83.51471583 70.85193297
83.49247925 70.88943831
83.47720549 70.91137708
83.39526431 71.01332421
83.3633128 71.03831936
83.25887934 71.11109829
83.15193675 71.22832577
83.14833615 71.23610297
83.15026661 71.24386226
83.17082233 71.25471145
83.20777059 71.26915334
83.22083149 71.27360775
83.23692631 71.27720901
83.27637181 71.29082062
83.28692964 71.29610085
83.2972179 71.30165673
83.3685916 71.35664346
83.37829262 71.37051357
83.3802467 71.37857019
83.37942542 71.38720652
83.37581265 71.39498914
83.37330677 71.42136926
83.37469718 71.43803263
83.37776617 71.46249874
83.3911045 71.46693467
83.40721116 71.47054444
83.45109596 71.47442962
83.50804433 71.48305673
83.52442899 71.48665754
83.53776723 71.49108446
83.5588724 71.50166142
83.57721088 71.51332262
83.63081661 71.56526101
83.63193379 71.61609005
83.62859462 71.62387446
83.62248095 71.63081221
83.53386602 71.69109056
83.51610933 71.70305486
83.42163991 71.78776206
83.4211007 71.7966495
83.41748034 71.80443108
83.41109976 71.81137514
83.40220156 71.81748923
83.37885821 71.82748637
83.36442237 71.83194152
83.26970093 71.85441134
83.20635765 71.86933529
83.14662601 71.87639242
83.03887616 71.88619919
82.90101314 71.89407875
82.80449663 71.89839953
82.78165743 71.89807358
82.75977221 71.89577969
82.73307765 71.88698057
82.63007169 71.92274735
82.6197366 71.93771301
82.61296056 71.94464834
82.57609779 71.96855407
82.49497592 72.00499002
82.47081969 72.01526785
82.34359566 72.05442947
82.3141525 72.06276169
82.26471724 72.10999549
82.27804767 72.11442716
82.28859064 72.11970182
82.29914285 72.12525429
82.30693361 72.13136212
82.30997146 72.18718895
82.30859873 72.19582292
82.30054023 72.21138474
82.28997035 72.22608682
82.28054922 72.23193417
82.20498818 72.27777701
82.19247087 72.28305188
82.16944005 72.28442307
82.14999133 72.28138318
82.13638183 72.27693262
82.13181507 72.2698699
82.06525781 72.27499517
81.98358799 72.28414505
81.93054279 72.29387159
81.86219283 72.30748537
81.84721834 72.31164909
81.83749786 72.31749285
81.81972015 72.32083242
81.74331778 72.33166695
81.72303507 72.33415235
81.47303473 72.35053639
81.35498129 72.35304191
81.21388017 72.35470297
81.11192368 72.3752588
80.90610694 72.44970888
80.86766167 72.45988338
80.82943248 72.46998999
80.73137482 72.51999283
80.72137141 72.52609133
80.70387137 72.53858753
80.70915521 72.55358762
80.72275838 72.55803383
80.74525806 72.56025703
80.76193253 72.5641548
80.77554104 72.56887994
80.8244345 72.609717
80.83166618 72.61581182
80.82443192 72.6227551
80.81414693 72.62859197
80.79887307 72.63275264
80.78054212 72.63581557
80.73888077 72.63998642
80.70999228 72.63943775
80.69164199 72.64276057
80.6788674 72.64750078
80.66886407 72.65331916
80.62803346 72.70304632
80.62609012 72.71166487
80.62832293 72.72720716
80.64304047 72.73969527
80.66997527 72.74886716
80.68663866 72.75277405
80.74972071 72.78526704
80.76138203 72.79517232
80.89832831 72.78244449
81.33892056 72.84356526
81.4929999 72.84356526
81.85251837 72.84356526
82.3404363 72.84356526
82.64859499 72.84356526
82.9053939 72.84356526
83.26912154 72.82402246
83.29033264 72.72637956
83.26566752 72.49251795
83.36448752 72.39527511
83.47993728 72.33698547
83.68519048 72.22053188
83.96979335 72.2011392
84.3263079 72.2011392
84.60217208 72.22053188
84.79313588 72.16236776
84.86578103 71.94945508
85.00225092 71.79495881
84.98015661 71.5637619
85.08127253 71.35240436
85.00749343 71.1415905
85.11591437 70.91222692
85.30058203 70.77872587
85.40039888 70.58838385
85.50608003 70.37951224
85.47423885 70.13334022
85.58956833 69.8322954
85.72220642 69.4955426
85.81322331 69.21574278
85.82629502 68.8067172
85.98000165 68.63984666
86.16364703 68.52874644
86.26388082 68.23305029
86.286199 67.95658469
86.51420768 67.71756343
86.58187071 67.38749642
86.67510646 67.05844909
86.90640473 66.74860997
87.15912496 66.51227736
87.53309097 66.20400956
87.8931384 65.93273948
87.92564836 65.71621317
87.97910064 65.44616319
87.78618985 65.08713909
87.48782434 64.71267443
87.40042562 64.23323623
87.23632449 63.89685333
86.98961208 63.49074798
87.12447253 63.22653808
87.27681733 63.13858003
87.7343145 62.98039603
87.98524517 62.87504013
88.27350207 62.7346898
88.54440603 62.47191414
89.01270803 62.22710337
89.37484769 62.06995159
89.70703987 61.9827214
89.78118261 61.99720409
90.05163167 61.60360435
89.83790683 61.08117955
90.34796679 60.19007967
91.14192826 59.47183041
92.42959516 58.3370074
93.11669696 57.75409065
93.30025447 57.56025226
93.19793704 57.51434658
92.9749838 57.27096796
92.84421725 57.11169074
92.66272109 56.9023291
92.40366263 56.7684647
92.09348064 56.5427927
91.84601293 56.43423596
91.41952245 56.34243097
91.10697906 56.36746409
90.77467809 56.36746409
90.4695119 56.29237509
90.12627157 56.20897929
89.83080463 56.20064182
89.46686893 56.20064182
89.1457492 56.20064182
88.72628381 56.18396802
88.41055463 56.09228947
88.13822241 56.00065714
87.78113934 55.80921136
87.51140457 55.93404445
87.35099386 56.03397264
87.12806822 56.2506724
86.83271604 56.44258417
86.54336332 56.64305667
86.21743038 56.60962918
85.94194284 56.5427927
85.56954408 56.57620786
85.3564205 56.59291775
85.0906348 56.50938371
84.66336669 56.29237509
84.31473651 56.09228947
84.03457247 55.92571958
83.74067087 55.61796675
83.58252971 55.39371803
83.40855487 55.14487567
83.29337485 54.9792396
83.08931904 54.74824769
82.89530939 54.57514668
82.64270874 54.36100044
82.65693236 54.19639973
82.80463849 54.07302162
82.99068412 53.99080397
83.17600181 53.89217912
83.21737679 53.8757455
83.67153497 53.9414866
84.10525447 54.0072453
84.3914058 53.94970547
84.44251606 53.81002198
84.47644535 53.62937286
84.56883606 53.45705876
84.71324272 53.2684721
84.83878967 53.1291747
84.98322192 52.92446851
85.05482726 52.70357646
84.86163904 52.44203414
84.66651198 52.25422143
84.33857323 52.11549495
83.99645999 52.03392745
83.64471363 52.0502388
83.30842779 52.00946244
82.91019092 52.00130798
82.33220963 51.87087304
81.8795988 51.74050674
81.54395331 51.51253057
81.13085275 51.20346904
80.94461024 50.95974447
80.64507194 50.65947949
80.49284334 50.43249248
80.18706267 50.23809665
79.79546888 50.21380782
79.40895945 50.27048543
78.92916794 50.34337557
78.32405827 50.44869898
77.7375809 50.64325927
77.13879469 50.78116486
76.74549571 50.97598534
76.43973051 51.16283167
76.15417605 51.20346904
75.65942089 51.21972585
75.31430031 51.22785465
75.05091135 51.30915732
74.84416122 51.45556926
74.77119672 51.74865262
74.60393712 52.00130798
74.34965592 52.24605889
73.92473375 52.48288188
73.70162142 52.72811026
73.18970302 53.0145183
72.8109267 53.24388448
72.20531866 53.49807498
71.71377911 53.75252831
71.22425281 53.95792462
70.8075075 54.16349283
70.37957841 54.36923337
70.13325358 54.52571171
69.86841873 54.63283343
69.48614726 54.66580338
69.100225 54.92972297
68.68142099 54.93797505
68.19867527 54.87196624
67.8763986 54.78948026
67.38177834 54.75649365
66.78349433 54.57514668
66.35790338 54.4927606
65.89069082 54.46805017
65.38636075 54.39393384
64.95894699 54.24576835
64.51625267 54.10591638
64.03908545 53.95792462
63.66209398 53.81823646
63.35761183 53.73610402
62.9340931 53.68683773
62.76398607 53.78538019
62.80162991 53.9414866
62.85688514 54.17171914
62.86477521 54.4104022
62.80782566 54.62459163
62.77942216 54.87196624
62.84644956 55.12001008
62.72611881 55.33562446
62.69298575 55.5348795
62.72854059 55.84249181
62.61302693 56.12562177
62.54036694 56.46763111
62.5167633 56.76010147
62.52187583 57.10331162
62.44990444 57.48075759
62.27732242 57.65716967
61.99709139 57.69919801
61.7399765 57.78328414
61.62088163 57.95999296
61.67641273 58.19587514
61.64505909 58.37299028
61.42822648 58.5502804
61.280193 58.75311263
61.00889061 58.85461495
60.84610771 59.03238269
60.64480451 59.14251802
60.62553155 59.37996346
60.69167324 59.59223565
60.65570922 59.70271716
60.56943688 59.82177395
60.46958984 59.97496408
60.45872878 60.18863612
60.55692988 60.51417076
60.55734835 60.7459284
60.6209903 61.04692312
60.59627754 61.34856312
60.51929508 61.69409003
60.51617182 62.04914203
60.48138408 62.38771387
60.54910774 62.87531185
60.50536733 63.23339157
60.50813547 63.60993582
60.57966481 64.05786972
60.56254692 64.25154661
60.65002621 64.4454967
