# Yakut Basin from http://www.whymap.org/
112.0755183 65.08641603
112.0877294 65.08713909
112.5206179 65.39223385
112.8872276 65.48213099
113.3199719 65.62612168
113.8376415 65.89662162
114.2383348 65.91467904
114.5667387 65.95080295
115.0098617 66.04116564
115.5680495 66.20400956
116.2297435 66.25834561
116.7294284 66.24023054
117.068764 66.09541962
117.2938777 65.86051583
117.8185578 65.7703041
117.757136 65.59010606
117.5532301 65.08713909
117.421191 64.67710298
116.9258927 64.23323623
116.7559351 63.86149234
116.7626896 63.59657342
117.3918032 63.98529552
118.2948434 64.55267554
118.8609122 64.80164347
119.2890543 65.08713909
119.811874 65.50011937
120.1630769 65.57210274
120.029574 65.33833129
119.7573688 65.10506216
119.3085503 64.74825511
118.8444821 64.37511755
118.3657363 63.98529552
117.9849873 63.61421887
117.8786441 63.31455202
118.0824263 63.13858003
118.3361423 62.92770809
118.8198333 62.91014988
119.354833 62.83993926
120.0618635 62.87504013
120.6451329 63.01553245
121.6647356 63.19134816
122.0097587 63.19134816
122.6986649 63.20894201
123.2277946 63.20894201
123.6879074 63.20894201
124.127694 63.15616718
124.5432501 63.12099512
124.8461099 63.03310399
125.1281636 62.8925939
125.5914902 62.78730457
125.9366091 62.75222585
126.3037048 62.7346898
126.8303121 62.7346898
127.2882314 62.7346898
127.8148387 62.7346898
128.3646831 62.71715598
128.9140898 62.71715598
129.7150198 62.7697641
130.5401853 62.8925939
130.7926057 62.91014988
131.7355434 63.03310399
132.1958036 63.06825376
132.9368668 63.22653808
133.612734 63.40262195
134.3622607 63.59657342
134.8984544 63.66716877
135.7002828 63.86149234
136.3304745 63.91453723
136.6978227 63.87917171
137.1789562 63.82614042
137.5866449 63.73780023
138.2055093 63.68482325
138.6238892 63.49074798
138.7865992 63.27933973
138.9336856 63.13858003
139.3403841 63.06825376
139.7466422 62.99796313
139.8861144 62.78730457
139.7821382 62.40192432
139.4758941 61.9827214
138.9640557 61.39099377
138.5386328 60.9228636
138.0344185 60.52530998
137.3819052 60.1460857
137.2246873 59.85424155
137.0246318 59.56340242
136.9821041 59.3583896
136.8997151 59.01722394
136.6857659 58.77879481
136.3190746 58.57467942
135.5817134 58.37079621
134.963693 58.08235757
134.4960924 57.89596722
134.115438 57.74360952
133.5418956 57.57447424
133.1051106 57.37172118
132.6806003 57.47306922
132.1011604 57.59138063
131.6631597 57.6082886
131.3643149 57.74360952
131.0471703 57.84516699
130.9890343 58.18410656
130.2619497 58.21803569
129.6041073 58.21803569
128.4942623 58.15018382
127.7688371 58.16714439
127.1528031 58.18410656
126.6047701 58.18410656
126.1857921 58.20107032
125.8005288 58.28591321
125.2081047 58.28591321
124.5934688 58.15018382
124.0074459 58.1162675
123.3182506 58.04845404
122.5987932 57.91290381
122.0618223 57.8620988
121.4060949 57.8620988
120.7285101 57.8620988
120.1312828 57.89596722
119.4534912 57.89596722
118.6919958 57.87903221
117.9603623 57.82823676
117.4577912 57.82823676
117.0921526 57.89596722
117.3797313 58.16714439
117.586468 58.62568647
117.7903166 59.13655782
117.831775 59.49503862
117.9529119 59.80288247
117.7857841 59.99127162
117.2407994 59.80288247
116.5687933 59.59759416
116.1045517 59.47795177
115.7274028 59.47795177
115.1320402 59.3583896
114.6856818 59.27303707
114.1635611 59.13655782
113.6951335 59.15361203
113.5785525 59.27303707
113.2705743 59.3583896
113.0489713 59.3583896
112.8199319 59.28396279
112.5924308 59.60040959
112.1301108 59.83944594
111.8252564 60.11607441
110.9822941 60.22709681
109.9355933 60.28264068
109.1444232 60.28264068
109.3256736 60.50503459
109.6954837 60.85787621
110.0265225 60.98809344
110.6911042 61.36080821
111.7241256 61.99670454
112.5709831 62.42851547
112.6574034 62.76739029
112.8270097 63.22051288
112.9253994 63.69409703
112.8189099 64.07413726
112.6057624 64.34079083
112.3773809 64.72262464
112.0755183 65.08641603
