# Netherlands
# from http://www.rjruss.info/2010/12/free-countries-of-world-in-polygon-kml.html
# without the Caribbean islands
# with mask inland NL 50km, 30km from Waddensea
4.22613 51.38647614
4.26 51.43
4.76 51.77
5.03 51.98
5.25 52.29
5.36 52.58
5.81 52.99
5.99 53.01
6.26 53.05
6.67 53.11
7.16 53.24
7.19731815 53.28227774
7.18894657 53.1871931
7.18992842 52.9995043
7.17954146 52.96622468
7.11706465 52.88700471
7.05086714 52.74479116
7.03298709 52.65136018
7.01314334 52.63353181
6.74845666 52.63410025
6.71073286 52.61787385
6.70541019 52.59766836
6.71879439 52.57358714
6.71243819 52.54966096
6.69161258 52.53017894
6.7029814 52.49922476
6.74881839 52.46403311
6.83248254 52.44227733
6.92203779 52.44026195
6.96813317 52.44411184
7.00182621 52.41897126
7.0351575 52.38021393
7.03262536 52.33148306
7.0196029 52.26603486
6.9772799 52.20549592
6.85506514 52.13578441
6.8003398 52.11121227
6.7490251 52.09868073
6.72447879 52.08023225
6.71295495 52.05690034
6.71564212 52.03620393
6.80240685 51.98018667
6.8003398 51.96739676
6.77522505 51.93827709
6.74184208 51.91088858
6.51756636 51.85394115
6.42496219 51.85838532
6.37214888 51.83001496
6.35571577 51.82466645
6.2971147 51.85073721
6.16652835 51.88076122
6.11722904 51.87040009
6.08984053 51.85394115
6.00757165 51.83399405
5.94876387 51.80267813
5.94850549 51.76239635
6.05273685 51.6582425
6.08937544 51.63777863
6.09113244 51.59891796
6.14156864 51.55008373
6.19324507 51.48889883
6.1988778 51.44998648
6.19283166 51.41060904
6.1662183 51.35485017
6.07583622 51.22410879
6.07475101 51.19904572
6.0824508 51.17997712
6.11335331 51.17470612
6.13691776 51.16483592
6.12999312 51.14742097
5.96106286 51.05667715
5.93920373 51.04081249
5.86840702 51.04530834
5.85750329 51.03011546
5.86716678 51.00567251
5.89471032 50.98422679
5.95512007 50.97293549
6.00684818 50.94996532
6.04844771 50.90490347
5.99392907 50.75044261
5.7974036 50.75452505
5.74707075 50.75958934
5.69363732 50.77467886
5.69358748 50.77474234
5.66909102 50.8059431
5.63948042 50.84361522
5.64754195 50.86666291
5.73663211 50.93213695
5.74996463 50.9502237
5.74081791 50.95991303
5.74975793 50.98874848
5.81828088 51.08641694
5.82711755 51.12563935
5.79647342 51.1530537
5.75239343 51.1694868
5.60878462 51.19845144
5.5404167 51.23930166
5.50873905 51.27501008
5.47685469 51.28503531
5.42977746 51.2729947
5.31086999 51.25971385
5.21418338 51.27896332
5.09987512 51.34647858
5.07341678 51.40681082
5.05946415 51.45313874
5.03093875 51.46910676
4.99259484 51.44536144
4.94391564 51.40776683
4.84805586 51.40327098
4.82066735 51.41205598
4.81606815 51.4328299
4.81059045 51.45272533
4.78418379 51.47737499
4.7556584 51.49109508
4.6339604 51.42171947
4.5887952 51.42192617
4.53169274 51.44859121
4.50342573 51.47468781
4.44089725 51.459805
4.38477665 51.42761058
4.40400028 51.36709748
4.37371789 51.35598705
4.30447147 51.36151643
4.22613 51.38647614


