# Netherlands
# from http://www.rjruss.info/2010/12/free-countries-of-world-in-polygon-kml.html
# without the Caribbean islands
# with mask coast NL 50km, 30km from Waddensea
7.19731815 53.28227774
7.16 53.24
6.67 53.11
6.26 53.05
5.99 53.01
5.81 52.99
5.36 52.58
5.25 52.29
5.03 51.98
4.76 51.77
4.26 51.43
4.22613 51.38647614
4.21145389 51.34875235
4.17259321 51.30710114
4.03999149 51.24707897
3.90206709 51.20767569
3.83075361 51.21258495
3.78191939 51.23320384
3.75566776 51.25485627
3.68182214 51.27568187
3.58027795 51.28617219
3.51712935 51.26364126
3.47196415 51.24224722
3.43248335 51.24576122
3.40282108 51.26364126
3.38008345 51.29113312
3.35011112 51.37769115
3.42576542 51.39350414
3.58947635 51.39939525
3.71649702 51.36916454
3.8834119 51.35448843
4.01105269 51.39593293
4.11151167 51.36063793
4.22613 51.38647614

3.94914432 51.73947785
4.04681278 51.68490754
4.0675867 51.66749258
4.07513146 51.64875987
3.95100467 51.62702993
3.81902306 51.69400259
3.73179325 51.67824128
3.69903039 51.70989309
3.69851362 51.72971101
3.78905073 51.74645417
3.94914432 51.73947785

4.88614139 53.07071442
4.78712935 52.99981436
4.72677127 53.01960643
4.70920129 53.03603954
4.73979374 53.09133332
4.88645145 53.18331737
4.88614139 53.07071442

5.10855676 53.3080126
4.92376183 53.23458039
4.90794885 53.24625926
5.02701135 53.31018301
5.10855676 53.3080126

4.22613 51.38647614
4.13890018 51.40151398
4.00650516 51.44321686
3.82191695 51.40939464
3.69355269 51.44988312
3.58689253 51.45391389
3.52053999 51.48615998
3.44891646 51.54075613
3.49955936 51.57664541
3.54865197 51.58909943
3.74398889 51.59602407
3.88599572 51.57421662
4.1412773 51.4557484
4.20576948 51.45670441
4.27408573 51.4716389
4.23935917 51.503885
4.17548709 51.51928457
4.08050581 51.55111726
4.00474816 51.59586905
4.18261844 51.61028677
4.15802046 51.63343781
4.13455936 51.67291861
3.94687056 51.81053295
3.97890995 51.84779165
4.02603885 51.92773509
4.08484663 51.99408763
4.13176883 52.011916
4.20876672 52.05899323
4.37630171 52.19684011
4.48285851 52.30918468
4.56213016 52.44258739
4.67829878 52.80977428
4.71271528 52.87212189
4.76873254 52.94131664
4.83911584 52.92826834
4.88800174 52.90834707
5.06122114 52.96064362
5.35836063 53.09650096
5.44600386 53.21406485
5.53199344 53.26868684
5.87357466 53.37519196
6.06219364 53.40710216
6.3532353 53.41529287
6.56355838 53.43428396
6.81625614 53.44118277
6.9123743 53.37537283
6.96818485 53.32728791
7.05799849 53.30057119
7.19731815 53.28227774

5.32580448 53.38573395
5.23258019 53.37780162
5.19020552 53.3917801
5.41510135 53.4314676
5.55741825 53.44355988
5.58263635 53.43808218
5.32580448 53.38573395

5.92928185 53.45885611
5.73198124 53.44262971
5.66531864 53.45487702
5.65425988 53.46650422
5.70810672 53.47337718
5.87626183 53.47508251
5.92824833 53.4650056
5.92928185 53.45885611

6.33339155 53.51073924
6.19324507 53.47678783
6.15924198 53.48391918
6.16771691 53.4937377
6.29091353 53.51497671
6.33339155 53.51073924

6.73471073 53.58251781
6.64210656 53.57921052
6.66856489 53.60566885
6.75455448 53.6255126
6.80085656 53.6255126
6.73471073 53.58251781

