# Meuse (Maas) catchment north of Eijsden
5.500 47.942 
5.492 47.942 
5.492 47.950 
5.483 47.950 
5.483 47.958 
5.475 47.958 
5.475 47.975 
5.483 47.975 
5.483 48.008 
5.475 48.008 
5.475 48.017 
5.467 48.017 
5.467 48.042 
5.458 48.042 
5.458 48.075 
5.475 48.075 
5.475 48.092 
5.483 48.092 
5.483 48.100 
5.492 48.100 
5.492 48.125 
5.500 48.125 
5.500 48.142 
5.492 48.142 
5.492 48.167 
5.517 48.167 
5.517 48.183 
5.508 48.183 
5.508 48.200 
5.517 48.200 
5.517 48.217 
5.525 48.217 
5.525 48.242 
5.517 48.242 
5.517 48.250 
5.483 48.250 
5.483 48.267 
5.475 48.267 
5.475 48.275 
5.467 48.275 
5.467 48.292 
5.458 48.292 
5.458 48.300 
5.450 48.300 
5.450 48.308 
5.467 48.308 
5.467 48.317 
5.475 48.317 
5.475 48.308 
5.508 48.308 
5.508 48.317 
5.525 48.317 
5.525 48.325 
5.533 48.325 
5.533 48.333 
5.542 48.333 
5.542 48.350 
5.550 48.350 
5.550 48.375 
5.542 48.375 
5.542 48.383 
5.550 48.383 
5.550 48.400 
5.558 48.400 
5.558 48.408 
5.567 48.408 
5.567 48.417 
5.575 48.417 
5.575 48.425 
5.567 48.425 
5.567 48.450 
5.575 48.450 
5.575 48.458 
5.583 48.458 
5.583 48.492 
5.592 48.492 
5.592 48.542 
5.583 48.542 
5.583 48.550 
5.575 48.550 
5.575 48.558 
5.533 48.558 
5.533 48.575 
5.525 48.575 
5.525 48.592 
5.517 48.592 
5.517 48.608 
5.525 48.608 
5.525 48.625 
5.533 48.625 
5.533 48.658 
5.517 48.658 
5.517 48.667 
5.500 48.667 
5.500 48.675 
5.508 48.675 
5.508 48.683 
5.500 48.683 
5.500 48.692 
5.467 48.692 
5.467 48.700 
5.458 48.700 
5.458 48.708 
5.450 48.708 
5.450 48.742 
5.442 48.742 
5.442 48.758 
5.425 48.758 
5.425 48.817 
5.433 48.817 
5.433 48.825 
5.417 48.825 
5.417 48.850 
5.408 48.850 
5.408 48.858 
5.400 48.858 
5.400 48.867 
5.383 48.867 
5.383 48.883 
5.375 48.883 
5.375 48.900 
5.383 48.900 
5.383 48.917 
5.392 48.917 
5.392 48.933 
5.367 48.933 
5.367 48.942 
5.358 48.942 
5.358 48.958 
5.333 48.958 
5.333 48.975 
5.317 48.975 
5.317 48.983 
5.292 48.983 
5.292 48.992 
5.275 48.992 
5.275 49.008 
5.300 49.008 
5.300 49.017 
5.317 49.017 
5.317 49.042 
5.292 49.042 
5.292 49.058 
5.283 49.058 
5.283 49.092 
5.275 49.092 
5.275 49.100 
5.267 49.100 
5.267 49.108 
5.258 49.108 
5.258 49.125 
5.242 49.125 
5.242 49.150 
5.233 49.150 
5.233 49.158 
5.225 49.158 
5.225 49.167 
5.217 49.167 
5.217 49.175 
5.208 49.175 
5.208 49.167 
5.200 49.167 
5.200 49.175 
5.192 49.175 
5.192 49.208 
5.183 49.208 
5.183 49.217 
5.167 49.217 
5.167 49.225 
5.158 49.225 
5.158 49.267 
5.150 49.267 
5.150 49.275 
5.083 49.275 
5.083 49.283 
5.075 49.283 
5.075 49.325 
5.067 49.325 
5.067 49.367 
5.075 49.367 
5.075 49.400 
5.050 49.400 
5.050 49.408 
5.042 49.408 
5.042 49.417 
5.025 49.417 
5.025 49.425 
5.008 49.425 
5.008 49.417 
4.992 49.417 
4.992 49.408 
4.967 49.408 
4.967 49.400 
4.958 49.400 
4.958 49.408 
4.917 49.408 
4.917 49.417 
4.892 49.417 
4.892 49.425 
4.875 49.425 
4.875 49.417 
4.867 49.417 
4.867 49.408 
4.858 49.408 
4.858 49.400 
4.817 49.400 
4.817 49.408 
4.800 49.408 
4.800 49.425 
4.808 49.425 
4.808 49.433 
4.817 49.433 
4.817 49.442 
4.808 49.442 
4.808 49.475 
4.783 49.475 
4.783 49.467 
4.775 49.467 
4.775 49.475 
4.750 49.475 
4.750 49.483 
4.758 49.483 
4.758 49.492 
4.767 49.492 
4.767 49.517 
4.758 49.517 
4.758 49.525 
4.750 49.525 
4.750 49.533 
4.742 49.533 
4.742 49.542 
4.725 49.542 
4.725 49.558 
4.708 49.558 
4.708 49.567 
4.692 49.567 
4.692 49.575 
4.683 49.575 
4.683 49.583 
4.675 49.583 
4.675 49.575 
4.667 49.575 
4.667 49.592 
4.658 49.592 
4.658 49.617 
4.642 49.617 
4.642 49.625 
4.583 49.625 
4.583 49.633 
4.525 49.633 
4.525 49.642 
4.508 49.642 
4.508 49.650 
4.492 49.650 
4.492 49.667 
4.483 49.667 
4.483 49.675 
4.458 49.675 
4.458 49.700 
4.450 49.700 
4.450 49.708 
4.442 49.708 
4.442 49.742 
4.425 49.742 
4.425 49.750 
4.367 49.750 
4.367 49.767 
4.358 49.767 
4.358 49.783 
4.367 49.783 
4.367 49.792 
4.383 49.792 
4.383 49.800 
4.392 49.800 
4.392 49.808 
4.400 49.808 
4.400 49.817 
4.417 49.817 
4.417 49.833 
4.383 49.833 
4.383 49.842 
4.367 49.842 
4.367 49.858 
4.358 49.858 
4.358 49.875 
4.350 49.875 
4.350 49.883 
4.342 49.883 
4.342 49.917 
4.375 49.917 
4.375 49.908 
4.383 49.908 
4.383 49.917 
4.417 49.917 
4.417 49.908 
4.458 49.908 
4.458 49.917 
4.433 49.917 
4.433 49.925 
4.417 49.925 
4.417 49.933 
4.375 49.933 
4.375 49.942 
4.333 49.942 
4.333 49.950 
4.342 49.950 
4.342 49.958 
4.358 49.958 
4.358 49.967 
4.367 49.967 
4.367 49.983 
4.358 49.983 
4.358 50.008 
4.350 50.008 
4.350 50.000 
4.333 50.000 
4.333 50.008 
4.225 50.008 
4.225 50.017 
4.217 50.017 
4.217 50.025 
4.208 50.025 
4.208 50.033 
4.133 50.033 
4.133 50.025 
4.125 50.025 
4.125 50.017 
4.108 50.017 
4.108 50.008 
4.083 50.008 
4.083 49.992 
4.033 49.992 
4.033 49.983 
4.025 49.983 
4.025 49.975 
3.950 49.975 
3.950 49.983 
3.925 49.983 
3.925 49.992 
3.892 49.992 
3.892 50.000 
3.858 50.000 
3.858 50.008 
3.825 50.008 
3.825 50.000 
3.725 50.000 
3.725 49.992 
3.708 49.992 
3.708 50.000 
3.667 50.000 
3.667 50.008 
3.633 50.008 
3.633 50.017 
3.625 50.017 
3.625 50.008 
3.617 50.008 
3.608 50.008 
3.608 50.017 
3.600 50.017 
3.600 50.025 
3.592 50.025 
3.592 50.033 
3.583 50.033 
3.583 50.042 
3.575 50.042 
3.575 50.050 
3.592 50.050 
3.592 50.058 
3.617 50.058 
3.617 50.075 
3.608 50.075 
3.608 50.117 
3.617 50.117 
3.617 50.125 
3.625 50.125 
3.625 50.133 
3.650 50.133 
3.650 50.142 
3.675 50.142 
3.675 50.150 
3.683 50.150 
3.683 50.158 
3.692 50.158 
3.692 50.183 
3.708 50.183 
3.708 50.192 
3.733 50.192 
3.733 50.200 
3.742 50.200 
3.742 50.208 
3.750 50.208 
3.750 50.250 
3.817 50.250 
3.817 50.258 
3.825 50.258 
3.825 50.267 
3.833 50.267 
3.833 50.275 
3.875 50.275 
3.875 50.292 
3.883 50.292 
3.883 50.308 
3.892 50.308 
3.892 50.317 
3.925 50.317 
3.925 50.308 
3.975 50.308 
3.975 50.300 
3.983 50.300 
3.983 50.292 
4.000 50.292 
4.000 50.300 
4.033 50.300 
4.033 50.308 
4.050 50.308 
4.050 50.300 
4.058 50.300 
4.058 50.308 
4.083 50.308 
4.083 50.317 
4.100 50.317 
4.100 50.325 
4.108 50.325 
4.108 50.333 
4.125 50.333 
4.125 50.342 
4.142 50.342 
4.142 50.350 
4.150 50.350 
4.150 50.358 
4.158 50.358 
4.158 50.367 
4.192 50.367 
4.192 50.375 
4.233 50.375 
4.233 50.383 
4.267 50.383 
4.267 50.392 
4.292 50.392 
4.292 50.425 
4.283 50.425 
4.283 50.467 
4.275 50.467 
4.275 50.475 
4.283 50.475 
4.283 50.483 
4.275 50.483 
4.275 50.492 
4.283 50.492 
4.283 50.508 
4.308 50.508 
4.308 50.517 
4.317 50.517 
4.317 50.525 
4.325 50.525 
4.325 50.533 
4.342 50.533 
4.342 50.558 
4.350 50.558 
4.350 50.567 
4.400 50.567 
4.400 50.558 
4.433 50.558 
4.433 50.567 
4.442 50.567 
4.442 50.558 
4.450 50.558 
4.450 50.542 
4.458 50.542 
4.458 50.533 
4.508 50.533 
4.508 50.542 
4.525 50.542 
4.525 50.533 
4.575 50.533 
4.575 50.542 
4.583 50.542 
4.583 50.550 
4.600 50.550 
4.600 50.542 
4.650 50.542 
4.650 50.558 
4.667 50.558 
4.667 50.575 
4.683 50.575 
4.683 50.583 
4.692 50.583 
4.692 50.592 
4.708 50.592 
4.708 50.608 
4.767 50.608 
4.767 50.600 
4.792 50.600 
4.792 50.583 
4.800 50.583 
4.800 50.592 
4.808 50.592 
4.808 50.600 
4.833 50.600 
4.833 50.608 
4.850 50.608 
4.850 50.617 
4.883 50.617 
4.883 50.625 
4.908 50.625 
4.908 50.633 
4.950 50.633 
4.950 50.642 
5.008 50.642 
5.008 50.633 
5.017 50.633 
5.017 50.642 
5.050 50.642 
5.050 50.650 
5.058 50.650 
5.058 50.642 
5.083 50.642 
5.083 50.650 
5.117 50.650 
5.117 50.658 
5.125 50.658 
5.125 50.675 
5.133 50.675 
5.133 50.683 
5.150 50.683 
5.150 50.692 
5.158 50.692 
5.158 50.700 
5.167 50.700 
5.167 50.717 
5.175 50.717 
5.175 50.725 
5.225 50.725 
5.225 50.717 
5.250 50.717 
5.250 50.725 
5.292 50.725 
5.292 50.733 
5.342 50.733 
5.342 50.742 
5.367 50.742 
5.367 50.750 
5.408 50.750 
5.408 50.758 
5.417 50.758 
5.417 50.767 
5.433 50.767 
5.433 50.775 
5.442 50.775 
5.442 50.783 
5.458 50.783 
5.458 50.792 
5.550 50.792 
5.550 50.783 
5.558 50.783
5.558 50.800
6.575 50.800
6.583 50.800 
6.583 50.775 
6.592 50.775 
6.592 50.742 
6.583 50.742 
6.583 50.708 
6.542 50.708 
6.542 50.700 
6.525 50.700 
6.525 50.692 
6.508 50.692 
6.508 50.675 
6.517 50.675 
6.517 50.650 
6.525 50.650 
6.525 50.617 
6.517 50.617 
6.517 50.592 
6.525 50.592 
6.525 50.583 
6.542 50.583 
6.542 50.575 
6.550 50.575 
6.550 50.567 
6.558 50.567 
6.558 50.558 
6.567 50.558 
6.567 50.550 
6.575 50.550 
6.575 50.533 
6.583 50.533 
6.583 50.525 
6.633 50.525 
6.633 50.517 
6.642 50.517 
6.642 50.508 
6.658 50.508 
6.658 50.500 
6.683 50.500 
6.683 50.492 
6.692 50.492 
6.692 50.467 
6.675 50.467 
6.675 50.458 
6.642 50.458 
6.642 50.450 
6.633 50.450 
6.633 50.433 
6.608 50.433 
6.608 50.425 
6.600 50.425 
6.600 50.417 
6.575 50.417 
6.575 50.408 
6.517 50.408 
6.517 50.417 
6.450 50.417 
6.450 50.408 
6.442 50.408 
6.442 50.417 
6.408 50.417 
6.408 50.408 
6.400 50.408 
6.400 50.417 
6.367 50.417 
6.367 50.408 
6.358 50.408 
6.358 50.400 
6.350 50.400 
6.350 50.392 
6.342 50.392 
6.342 50.383 
6.333 50.383 
6.333 50.392 
6.317 50.392 
6.317 50.383 
6.308 50.383 
6.308 50.375 
6.267 50.375 
6.267 50.358 
6.250 50.358 
6.250 50.333 
6.225 50.333 
6.225 50.325 
6.200 50.325 
6.200 50.317 
6.175 50.317 
6.175 50.308 
6.158 50.308 
6.158 50.300 
6.058 50.300 
6.058 50.292 
6.042 50.292 
6.042 50.283 
6.008 50.283 
6.008 50.258 
6.025 50.258 
6.025 50.225 
6.008 50.225 
6.008 50.208 
6.017 50.208 
6.017 50.175 
5.992 50.175 
5.992 50.167 
5.975 50.167 
5.975 50.158 
5.950 50.158 
5.950 50.150 
5.925 50.150 
5.925 50.142 
5.917 50.142 
5.917 50.133 
5.900 50.133 
5.900 50.100 
5.892 50.100 
5.892 50.092 
5.883 50.092 
5.883 50.083 
5.875 50.083 
5.875 50.075 
5.850 50.075 
5.850 50.067 
5.833 50.067 
5.833 50.058 
5.817 50.058 
5.817 50.050 
5.792 50.050 
5.792 50.042 
5.775 50.042 
5.775 50.033 
5.742 50.033 
5.742 50.025 
5.725 50.025 
5.725 50.017 
5.708 50.017 
5.708 50.008 
5.692 50.008 
5.692 50.000 
5.683 50.000 
5.683 49.992 
5.667 49.992 
5.667 49.983 
5.658 49.983 
5.658 49.975 
5.650 49.975 
5.650 49.967 
5.642 49.967 
5.642 49.958 
5.600 49.958 
5.600 49.950 
5.592 49.950 
5.592 49.942 
5.525 49.942 
5.525 49.933 
5.517 49.933 
5.517 49.925 
5.508 49.925 
5.508 49.908 
5.517 49.908 
5.517 49.875 
5.508 49.875 
5.508 49.867 
5.500 49.867 
5.500 49.858 
5.508 49.858 
5.508 49.850 
5.525 49.850 
5.525 49.842 
5.542 49.842 
5.542 49.850 
5.550 49.850 
5.550 49.842 
5.583 49.842 
5.583 49.833 
5.592 49.833 
5.592 49.817 
5.600 49.817 
5.600 49.825 
5.625 49.825 
5.625 49.817 
5.642 49.817 
5.642 49.808 
5.725 49.808 
5.725 49.783 
5.717 49.783 
5.717 49.775 
5.725 49.775 
5.725 49.742 
5.708 49.742 
5.708 49.733 
5.683 49.733 
5.683 49.725 
5.692 49.725 
5.692 49.717 
5.708 49.717 
5.708 49.708 
5.808 49.708 
5.808 49.700 
5.817 49.700 
5.817 49.658 
5.825 49.658 
5.825 49.650 
5.842 49.650 
5.842 49.633 
5.850 49.633 
5.850 49.608 
5.858 49.608 
5.858 49.600 
5.867 49.600 
5.867 49.592 
5.892 49.592 
5.892 49.600 
5.900 49.600 
5.900 49.608 
5.925 49.608 
5.925 49.600 
5.933 49.600 
5.933 49.592 
5.950 49.592 
5.950 49.583 
5.958 49.583 
5.958 49.550 
5.950 49.550 
5.950 49.533 
5.942 49.533 
5.942 49.525 
5.933 49.525 
5.933 49.517 
5.925 49.517 
5.925 49.508 
5.908 49.508 
5.908 49.500 
5.900 49.500 
5.900 49.483 
5.892 49.483 
5.892 49.458 
5.900 49.458 
5.900 49.450 
5.942 49.450 
5.942 49.417 
5.933 49.417 
5.933 49.408 
5.925 49.408 
5.925 49.400 
5.917 49.400 
5.917 49.392 
5.900 49.392 
5.900 49.383 
5.875 49.383 
5.875 49.358 
5.850 49.358 
5.850 49.350 
5.842 49.350 
5.842 49.342 
5.833 49.342 
5.833 49.333 
5.825 49.333 
5.825 49.325 
5.817 49.325 
5.817 49.317 
5.800 49.317 
5.800 49.300 
5.808 49.300 
5.808 49.267 
5.792 49.267 
5.792 49.258 
5.783 49.258 
5.783 49.233 
5.750 49.233 
5.750 49.242 
5.733 49.242 
5.733 49.250 
5.700 49.250 
5.700 49.258 
5.692 49.258 
5.692 49.275 
5.675 49.275 
5.675 49.283 
5.667 49.283 
5.667 49.292 
5.650 49.292 
5.650 49.300 
5.608 49.300 
5.608 49.292 
5.575 49.292 
5.575 49.300 
5.558 49.300 
5.558 49.292 
5.550 49.292 
5.550 49.283 
5.525 49.283 
5.525 49.275 
5.492 49.275 
5.492 49.267 
5.467 49.267 
5.467 49.258 
5.442 49.258 
5.442 49.267 
5.433 49.267 
5.433 49.233 
5.442 49.233 
5.442 49.217 
5.433 49.217 
5.433 49.192 
5.458 49.192 
5.458 49.183 
5.467 49.183 
5.467 49.167 
5.475 49.167 
5.475 49.150 
5.483 49.150 
5.483 49.142 
5.492 49.142 
5.492 49.125 
5.508 49.125 
5.508 49.117 
5.517 49.117 
5.517 49.108 
5.525 49.108 
5.525 49.100 
5.533 49.100 
5.533 49.092 
5.542 49.092 
5.542 49.083 
5.550 49.083 
5.550 49.075 
5.558 49.075 
5.558 49.050 
5.575 49.050 
5.575 49.033 
5.583 49.033 
5.583 49.025 
5.600 49.025 
5.600 49.017 
5.617 49.017 
5.617 49.008 
5.625 49.008 
5.625 49.000 
5.658 49.000 
5.658 48.992 
5.667 48.992 
5.667 48.983 
5.675 48.983 
5.675 48.933 
5.667 48.933 
5.667 48.925 
5.658 48.925 
5.658 48.917 
5.650 48.917 
5.650 48.900 
5.633 48.900 
5.633 48.883 
5.625 48.883 
5.625 48.867 
5.617 48.867 
5.617 48.800 
5.625 48.800 
5.625 48.792 
5.650 48.792 
5.650 48.783 
5.667 48.783 
5.667 48.775 
5.675 48.775 
5.675 48.767 
5.683 48.767 
5.683 48.758 
5.708 48.758 
5.708 48.750 
5.742 48.750 
5.742 48.742 
5.750 48.742 
5.750 48.733 
5.767 48.733 
5.767 48.725 
5.775 48.725 
5.775 48.717 
5.783 48.717 
5.783 48.692 
5.775 48.692 
5.775 48.683 
5.767 48.683 
5.767 48.650 
5.775 48.650 
5.775 48.642 
5.783 48.642 
5.783 48.633 
5.792 48.633 
5.792 48.625 
5.808 48.625 
5.808 48.592 
5.817 48.592 
5.817 48.583 
5.825 48.583 
5.825 48.575 
5.833 48.575 
5.833 48.542 
5.867 48.542 
5.867 48.533 
5.883 48.533 
5.883 48.525 
5.892 48.525 
5.892 48.517 
5.900 48.517 
5.900 48.508 
5.908 48.508 
5.908 48.500 
5.917 48.500 
5.917 48.508 
5.942 48.508 
5.942 48.500 
5.950 48.500 
5.950 48.483 
5.942 48.483 
5.942 48.458 
5.950 48.458 
5.950 48.442 
5.958 48.442 
5.958 48.433 
5.967 48.433 
5.967 48.408 
5.975 48.408 
5.975 48.383 
5.992 48.383 
5.992 48.375 
6.000 48.375 
6.000 48.367 
6.008 48.367 
6.008 48.350 
5.992 48.350 
5.992 48.333 
6.000 48.333 
6.000 48.317 
5.992 48.317 
5.992 48.292 
6.000 48.292 
6.000 48.233 
5.992 48.233 
5.992 48.217 
6.000 48.217 
6.000 48.208 
6.008 48.208 
6.008 48.192 
6.017 48.192 
6.017 48.175 
6.008 48.175 
5.983 48.175 
5.983 48.167 
5.975 48.167 
5.975 48.158 
5.967 48.158 
5.967 48.150 
5.958 48.150 
5.958 48.142 
5.925 48.142 
5.925 48.133 
5.917 48.133 
5.917 48.125 
5.883 48.125 
5.883 48.092 
5.850 48.092 
5.850 48.083 
5.833 48.083 
5.833 48.075 
5.825 48.075 
5.825 48.067 
5.817 48.067 
5.817 48.050 
5.800 48.050 
5.800 48.042 
5.775 48.042 
5.775 48.033 
5.767 48.033 
5.767 48.042 
5.758 48.042 
5.758 48.050 
5.750 48.050 
5.750 48.058 
5.717 48.058 
5.717 48.050 
5.700 48.050 
5.700 48.042 
5.667 48.042 
5.667 48.033 
5.642 48.033 
5.642 48.025 
5.625 48.025 
5.625 48.000 
5.633 48.000 
5.633 47.992 
5.642 47.992 
5.642 47.967 
5.583 47.967 
5.583 47.958 
5.558 47.958 
5.558 47.950 
5.500 47.950 
5.500 47.942 